0 0.60776 0.51525 0.60453 0.51852 0.60453 0.52614 0.60237 0.52832 0.57328 0.52832 0.5722 0.52723 0.56142 0.52723 0.56034 0.52614 0.55603 0.52614 0.5528 0.52941 0.5528 0.53377 0.55711 0.53813 0.56897 0.53813 0.57004 0.53922 0.60453 0.53922 0.6056 0.53813 0.60884 0.53813 0.61422 0.53268 0.61422 0.53159 0.6153 0.5305 0.6153 0.51852 0.61207 0.51525
0 0.09914 0.49129 0.09806 0.49237 0.09483 0.49237 0.09375 0.49346 0.09159 0.49346 0.09052 0.49455 0.08728 0.49455 0.08621 0.49564 0.08405 0.49564 0.08297 0.49673 0.08297 0.51852 0.0819 0.51961 0.0819 0.54902 0.08297 0.55011 0.08297 0.57298 0.08405 0.57407 0.08405 0.5915 0.08513 0.59259 0.08513 0.59586 0.08621 0.59695 0.08621 0.60131 0.08728 0.6024 0.08728 0.60675 0.08836 0.60784 0.08836 0.61111 0.08944 0.6122 0.08944 0.61656 0.09052 0.61765 0.09052 0.62092 0.09159 0.622 0.09159 0.62636 0.09267 0.62745 0.09267 0.63072 0.09375 0.63181 0.09375 0.63617 0.09483 0.63725 0.09483 0.64161 0.11207 0.65904 0.11315 0.65904 0.11422 0.66013 0.1153 0.66013 0.11638 0.65904 0.11746 0.65904 0.11853 0.65795 0.11961 0.65795 0.12069 0.65686 0.12177 0.65686 0.12284 0.65577 0.12392 0.65577 0.125 0.65468 0.12608 0.65468 0.12716 0.65359 0.12823 0.65359 0.12931 0.65251 0.13039 0.65251 0.13147 0.65142 0.13254 0.65142 0.13362 0.65033 0.1347 0.65033 0.13578 0.64924 0.13685 0.64924 0.13793 0.64815 0.13901 0.64815 0.14009 0.64706 0.14116 0.64706 0.14224 0.64597 0.14332 0.64597 0.14547 0.64379 0.14655 0.64379 0.14763 0.6427 0.14871 0.6427 0.14978 0.64161 0.15086 0.64161 0.15194 0.64052 0.15302 0.64052 0.15409 0.63943 0.15517 0.63943 0.15625 0.63834 0.15733 0.63834 0.15841 0.63725 0.16487 0.63725 0.16595 0.63834 0.1972 0.63834 0.19828 0.63943 0.20474 0.63943 0.20582 0.64052 0.20582 0.6427 0.2069 0.64379 0.2069 0.64706 0.20797 0.64815 0.20797 0.65033 0.20905 0.65142 0.20905 0.65359 0.21013 0.65468 0.21013 0.65795 0.21121 0.65904 0.21121 0.66122 0.21336 0.66122 0.21444 0.66013 0.21983 0.66013 0.22091 0.65904 0.22522 0.65904 0.22629 0.65795 0.23168 0.65795 0.23276 0.65686 0.23276 0.65468 0.23168 0.65359 0.23168 0.65033 0.2306 0.64924 0.2306 0.64488 0.22953 0.64379 0.22953 0.64052 0.22845 0.63943 0.22845 0.63508 0.22737 0.63399 0.22737 0.63072 0.22629 0.62963 0.22629 0.62527 0.22737 0.62418 0.25323 0.62418 0.25431 0.62527 0.25 0.62963 0.25 0.63072 0.24892 0.63181 0.24784 0.63181 0.24784 0.6329 0.24246 0.63834 0.24246 0.64052 0.24461 0.6427 0.24461 0.64379 0.24784 0.64706 0.24784 0.64815 0.25431 0.65468 0.25539 0.65468 0.25647 0.65577 0.25862 0.65577 0.2597 0.65686 0.26078 0.65686 0.26185 0.65795 0.26401 0.65795 0.26509 0.65904 0.26724 0.65904 0.26832 0.66013 0.2694 0.66013 0.27047 0.66122 0.27155 0.66122 0.27263 0.66231 0.27478 0.66231 0.27586 0.6634 0.27694 0.6634 0.27802 0.66449 0.28017 0.66449 0.28125 0.66558 0.28233 0.66449 0.28233 0.6634 0.28341 0.66231 0.28341 0.66013 0.28448 0.65904 0.28448 0.65795 0.28556 0.65686 0.28556 0.65577 0.28664 0.65468 0.28664 0.65251 0.28772 0.65142 0.28772 0.65033 0.28879 0.64924 0.28879 0.64815 0.28987 0.64706 0.28987 0.64488 0.29095 0.64379 0.29095 0.63834 0.28987 0.63725 0.28987 0.63181 0.28879 0.63072 0.28879 0.62418 0.28772 0.62309 0.28772 0.61874 0.28987 0.61656 0.29203 0.61656 0.2931 0.61547 0.29526 0.61547 0.29634 0.61438 0.29957 0.61438 0.30065 0.61329 0.3028 0.61329 0.30388 0.6122 0.30603 0.6122 0.30711 0.61111 0.30927 0.61111 0.31034 0.61002 0.31142 0.61002 0.3125 0.60893 0.31358 0.60893 0.31681 0.60566 0.31789 0.60566 0.3222 0.60131 0.32328 0.60131 0.32651 0.59804 0.32759 0.59804 0.32974 0.59586 0.33082 0.59586 0.3319 0.59477 0.33297 0.59477 0.33405 0.59368 0.33513 0.59368 0.33728 0.5915 0.33836 0.5915 0.33944 0.59041 0.34052 0.59041 0.34267 0.58824 0.34375 0.58824 0.34483 0.58715 0.34591 0.58715 0.34806 0.58497 0.34914 0.58497 0.35022 0.58388 0.35129 0.58388 0.35453 0.58061 0.3556 0.58061 0.36099 0.57516 0.36207 0.57516 0.36315 0.57407 0.36315 0.57298 0.36422 0.5719 0.36422 0.57081 0.3653 0.56972 0.3653 0.56863 0.36638 0.56754 0.36638 0.56536 0.36746 0.56427 0.36746 0.56209 0.36853 0.561 0.36853 0.55991 0.36961 0.55882 0.36961 0.55664 0.37069 0.55556 0.37069 0.55338 0.37177 0.55229 0.37177 0.5512 0.37284 0.55011 0.37284 0.54793 0.37392 0.54684 0.37392 0.53813 0.375 0.53704 0.375 0.53377 0.37392 0.53486 0.37069 0.53486 0.36961 0.53595 0.36638 0.53595 0.3653 0.53704 0.36315 0.53704 0.36207 0.53813 0.35884 0.53813 0.35776 0.53922 0.3556 0.53922 0.35453 0.54031 0.35129 0.54031 0.35022 0.54139 0.34914 0.54139 0.34698 0.53922 0.34591 0.53922 0.34483 0.53813 0.34375 0.53813 0.34267 0.53704 0.34159 0.53704 0.34052 0.53595 0.33944 0.53595 0.33836 0.53486 0.33728 0.53486 0.33621 0.53377 0.33513 0.53377 0.33405 0.53268 0.33297 0.53268 0.3319 0.53159 0.33082 0.53159 0.32974 0.53268 0.32866 0.53268 0.32759 0.53377 0.32651 0.53377 0.32543 0.53486 0.32435 0.53486 0.32328 0.53595 0.3222 0.53595 0.32112 0.53704 0.32004 0.53704 0.31897 0.53813 0.31789 0.53813 0.31573 0.54031 0.31466 0.54031 0.31358 0.54139 0.3125 0.54139 0.30927 0.54466 0.30819 0.54466 0.30388 0.54902 0.3028 0.54902 0.29957 0.55229 0.29849 0.55229 0.29741 0.55338 0.29634 0.55338 0.29526 0.55447 0.28341 0.55447 0.28233 0.55556 0.27155 0.55556 0.27047 0.55664 0.26078 0.55664 0.2597 0.55556 0.25647 0.55556 0.25539 0.55447 0.25216 0.55447 0.25108 0.55338 0.24892 0.55338 0.24784 0.55229 0.24461 0.55229 0.24353 0.5512 0.2403 0.5512 0.23922 0.55011 0.23707 0.55011 0.23599 0.54902 0.23276 0.54902 0.23168 0.54793 0.22953 0.54793 0.22845 0.54684 0.22629 0.54684 0.22522 0.54575 0.22306 0.54575 0.22198 0.54466 0.21983 0.54466 0.21875 0.54357 0.21552 0.54357 0.21444 0.54248 0.21121 0.54248 0.21013 0.54139 0.2069 0.54139 0.20582 0.54031 0.20151 0.54031 0.20043 0.53922 0.1972 0.53922 0.19612 0.53813 0.19181 0.53813 0.19073 0.53704 0.1875 0.53704 0.18642 0.53595 0.18211 0.53595 0.18103 0.53486 0.1778 0.53486 0.17672 0.53377 0.17349 0.53377 0.17241 0.53268 0.17134 0.53268 0.17026 0.53159 0.16918 0.53159 0.1681 0.5305 0.16703 0.5305 0.16595 0.52941 0.16487 0.52941 0.16379 0.52832 0.16272 0.52832 0.16164 0.52723 0.16056 0.52723 0.15948 0.52614 0.15841 0.52614 0.15733 0.52505 0.15625 0.52505 0.15517 0.52397 0.15409 0.52397 0.15302 0.52288 0.15194 0.52288 0.15086 0.52179 0.14978 0.52179 0.14871 0.5207 0.14763 0.5207 0.14655 0.51961 0.14547 0.51961 0.1444 0.51852 0.14332 0.51852 0.14224 0.51743 0.14116 0.51743 0.14009 0.51634 0.13901 0.51634 0.13793 0.51525 0.13685 0.51525 0.13578 0.51416 0.1347 0.51416 0.13362 0.51307 0.13254 0.51307 0.13039 0.51089 0.12931 0.51089 0.12716 0.50871 0.12608 0.50871 0.12392 0.50654 0.12284 0.50654 0.12069 0.50436 0.11961 0.50436 0.11746 0.50218 0.11638 0.50218 0.11422 0.5 0.11315 0.5 0.11099 0.49782 0.10991 0.49782 0.10776 0.49564 0.10668 0.49564 0.10453 0.49346 0.10345 0.49346 0.10129 0.49129
0 0.64116 0.48802 0.63793 0.49129 0.63793 0.49455 0.63685 0.49564 0.63685 0.50218 0.63578 0.50327 0.63578 0.50654 0.6347 0.50763 0.6347 0.5098 0.63362 0.51089 0.63362 0.51198 0.63254 0.51307 0.63254 0.51743 0.63147 0.51852 0.63147 0.51961 0.62931 0.52179 0.62931 0.52723 0.63039 0.52832 0.63039 0.5305 0.63147 0.53159 0.63147 0.53268 0.6347 0.53595 0.63901 0.53595 0.64224 0.53268 0.64224 0.52941 0.64332 0.52832 0.64332 0.52288 0.6444 0.52179 0.6444 0.51961 0.64547 0.51852 0.64547 0.51743 0.64763 0.51525 0.65086 0.51852 0.65517 0.51852 0.65841 0.51525 0.65841 0.50763 0.65733 0.50654 0.65733 0.50436 0.65625 0.50327 0.65625 0.50218 0.65409 0.5 0.65409 0.49891 0.65302 0.49782 0.65302 0.49564 0.64547 0.48802
0 0.42349 0.48257 0.42134 0.48475 0.42134 0.48584 0.41918 0.48802 0.41918 0.49564 0.41595 0.49891 0.41595 0.5 0.41379 0.50218 0.41379 0.50327 0.41272 0.50436 0.41272 0.50763 0.41379 0.50763 0.41703 0.51089 0.41703 0.51198 0.41595 0.51307 0.41595 0.51852 0.41703 0.51961 0.41703 0.52505 0.41595 0.52614 0.41595 0.53159 0.41703 0.53268 0.41703 0.53377 0.4181 0.53486 0.4181 0.53595 0.41918 0.53704 0.41918 0.54466 0.42026 0.54575 0.42134 0.54575 0.42349 0.54793 0.42349 0.54902 0.42457 0.55011 0.42457 0.5512 0.4278 0.55447 0.4278 0.561 0.43103 0.56427 0.43103 0.56536 0.43534 0.56972 0.43534 0.57081 0.43211 0.57407 0.43211 0.57625 0.43319 0.57734 0.43319 0.57843 0.43427 0.57952 0.43427 0.58061 0.43534 0.5817 0.43642 0.58061 0.4375 0.58061 0.4375 0.57843 0.43858 0.57734 0.43966 0.57843 0.43966 0.5817 0.44073 0.58279 0.44612 0.58279 0.4472 0.5817 0.45582 0.5817 0.4569 0.58061 0.45797 0.58061 0.46013 0.57843 0.46013 0.57407 0.4569 0.57081 0.4569 0.56754 0.45797 0.56645 0.45797 0.56427 0.45905 0.56318 0.45905 0.56209 0.4569 0.55991 0.4569 0.55882 0.45474 0.55664 0.45474 0.55338 0.45474 0.55447 0.45259 0.55664 0.45043 0.55664 0.44828 0.55447 0.44828 0.54684 0.44612 0.54466 0.44612 0.53813 0.44397 0.53595 0.44397 0.5305 0.44289 0.52941 0.44289 0.52832 0.44181 0.52723 0.44181 0.5207 0.44073 0.51961 0.44181 0.51852 0.44181 0.51743 0.44289 0.51634 0.44289 0.51416 0.44181 0.51307 0.44181 0.51198 0.44073 0.51089 0.44073 0.49782 0.43966 0.49673 0.43966 0.48693 0.43858 0.48584 0.43858 0.48366 0.43427 0.48366 0.43319 0.48257
0 0.52694 0.48148 0.52586 0.48257 0.52478 0.48257 0.52371 0.48366 0.52371 0.48475 0.52478 0.48584 0.52478 0.4902 0.52371 0.49129 0.52371 0.49346 0.52263 0.49455 0.52263 0.50109 0.52371 0.50218 0.52371 0.50327 0.52478 0.50436 0.52478 0.50871 0.52586 0.5098 0.52586 0.51089 0.52694 0.51198 0.52694 0.51307 0.52802 0.51416 0.53017 0.51416 0.53125 0.51307 0.53341 0.51307 0.53448 0.51416 0.53664 0.51416 0.53772 0.51525 0.53879 0.51525 0.53987 0.51634 0.54203 0.51634 0.5431 0.51743 0.54526 0.51743 0.54957 0.51307 0.5528 0.51307 0.55388 0.51198 0.55388 0.5098 0.55065 0.5098 0.54957 0.51089 0.54849 0.51089 0.54526 0.50763 0.54526 0.50654 0.54741 0.50436 0.54849 0.50436 0.54957 0.50545 0.55065 0.50545 0.55172 0.50654 0.55819 0.50654 0.55927 0.50545 0.56358 0.50545 0.56466 0.50436 0.56573 0.50436 0.56681 0.50327 0.56897 0.50327 0.57004 0.50218 0.57112 0.50218 0.5722 0.50109 0.5722 0.49782 0.57112 0.49673 0.57112 0.49564 0.56897 0.49346 0.56897 0.49129 0.56789 0.4902 0.56789 0.48693 0.56681 0.48584 0.56681 0.48475 0.56573 0.48366 0.56466 0.48366 0.56358 0.48257 0.55496 0.48257 0.55388 0.48366 0.5528 0.48366 0.54957 0.48693 0.54957 0.48911 0.54849 0.4902 0.54526 0.48693 0.54526 0.48475 0.54418 0.48366 0.53125 0.48366 0.52909 0.48148
0 0.63685 0.44553 0.63362 0.4488 0.63362 0.45316 0.6347 0.45425 0.6347 0.45534 0.63578 0.45643 0.63578 0.46187 0.63793 0.46405 0.63793 0.46514 0.63901 0.46623 0.63901 0.46732 0.65409 0.48257 0.65409 0.48366 0.65733 0.48693 0.66164 0.48693 0.66487 0.48366 0.66487 0.47821 0.66379 0.47712 0.66379 0.47386 0.66056 0.47059 0.66056 0.4695 0.65733 0.46623 0.65733 0.46514 0.65517 0.46296 0.65517 0.46187 0.65194 0.45861 0.65194 0.45752 0.65086 0.45643 0.65086 0.45534 0.64116 0.44553
0 0.46228 0.43355 0.46121 0.43464 0.46013 0.43464 0.45797 0.43682 0.45797 0.439 0.4569 0.44009 0.4569 0.44118 0.45043 0.44771 0.45043 0.46187 0.44935 0.46296 0.44935 0.46405 0.45043 0.46514 0.45151 0.46514 0.45259 0.46405 0.45259 0.46296 0.45366 0.46187 0.45474 0.46187 0.4569 0.46405 0.4569 0.46514 0.45905 0.46732 0.46013 0.46732 0.46121 0.46841 0.46228 0.46841 0.46336 0.4695 0.47414 0.4695 0.47629 0.46732 0.47737 0.46732 0.47953 0.46514 0.4806 0.46514 0.48168 0.46405 0.48168 0.46187 0.48276 0.46078 0.48276 0.45425 0.48168 0.45316 0.48168 0.45098 0.4806 0.44989 0.4806 0.44771 0.47953 0.44662 0.47953 0.44444 0.47845 0.44336 0.47845 0.44227 0.47737 0.44118 0.47737 0.44009 0.47414 0.43682 0.47306 0.43682 0.47198 0.43573 0.47091 0.43573 0.46983 0.43464 0.46767 0.43464 0.46659 0.43355
0 0.5722 0.41503 0.57112 0.41612 0.57004 0.41612 0.56897 0.41721 0.56789 0.41721 0.56466 0.42048 0.56466 0.42375 0.56573 0.42484 0.56573 0.42702 0.56681 0.4281 0.56681 0.42919 0.56573 0.43028 0.56573 0.43246 0.56681 0.43355 0.56681 0.43573 0.56789 0.43682 0.56897 0.43682 0.57004 0.43791 0.57651 0.43791 0.57759 0.43682 0.57866 0.43682 0.57974 0.43573 0.58082 0.43573 0.5819 0.43464 0.58297 0.43464 0.58621 0.43137 0.58621 0.42919 0.58728 0.4281 0.58621 0.42702 0.58621 0.42375 0.58513 0.42266 0.58513 0.42157 0.58297 0.41939 0.58297 0.4183 0.5819 0.4183 0.57974 0.41612 0.57866 0.41612 0.57759 0.41503
0 0.50539 0.39434 0.50431 0.39542 0.5 0.39542 0.49892 0.39651 0.49784 0.39651 0.49677 0.3976 0.49569 0.3976 0.49461 0.39869 0.49461 0.39978 0.49353 0.40087 0.49461 0.40087 0.5 0.40632 0.50216 0.40632 0.50323 0.40741 0.50862 0.40741 0.5097 0.40632 0.51401 0.40632 0.51509 0.40523 0.51616 0.40523 0.51724 0.40414 0.51724 0.39978 0.51509 0.3976 0.51401 0.3976 0.51293 0.39651 0.51185 0.39651 0.5097 0.39434
0 0.50862 0.33987 0.50754 0.34096 0.50108 0.34096 0.5 0.34205 0.49461 0.34205 0.49353 0.34314 0.48815 0.34314 0.48707 0.34423 0.48168 0.34423 0.4806 0.34532 0.47414 0.34532 0.47306 0.34641 0.46767 0.34641 0.46659 0.34749 0.46121 0.34749 0.46013 0.34858 0.45474 0.34858 0.45366 0.34967 0.44935 0.34967 0.44612 0.35294 0.44612 0.35403 0.44289 0.3573 0.44289 0.35839 0.43966 0.36166 0.43966 0.36275 0.43642 0.36601 0.43642 0.3671 0.43319 0.37037 0.43319 0.37146 0.42996 0.37473 0.42996 0.37582 0.4278 0.378 0.4278 0.37908 0.42565 0.38126 0.42565 0.38235 0.42457 0.38344 0.42457 0.38453 0.42241 0.38671 0.42241 0.3878 0.42134 0.38889 0.42134 0.38998 0.41918 0.39216 0.41918 0.39325 0.4181 0.39434 0.4181 0.39542 0.41703 0.39651 0.41703 0.3976 0.41487 0.39978 0.41487 0.40087 0.41379 0.40196 0.41379 0.40305 0.41056 0.40632 0.40733 0.40632 0.40625 0.40741 0.40194 0.40741 0.40086 0.4085 0.39655 0.4085 0.39547 0.40959 0.39116 0.40959 0.39009 0.41068 0.38578 0.41068 0.3847 0.41176 0.38254 0.41176 0.38147 0.41285 0.38039 0.41285 0.37931 0.41394 0.37716 0.41394 0.37608 0.41503 0.37392 0.41503 0.37284 0.41612 0.37069 0.41612 0.36961 0.41721 0.36853 0.41721 0.36746 0.4183 0.3653 0.4183 0.36315 0.42048 0.36315 0.42157 0.35884 0.42593 0.35884 0.42702 0.35453 0.43137 0.35453 0.43246 0.35022 0.43682 0.35022 0.43791 0.34806 0.44009 0.34806 0.44662 0.34698 0.44771 0.34698 0.45752 0.34591 0.45861 0.34591 0.46405 0.34698 0.46514 0.34698 0.46732 0.34806 0.46841 0.34806 0.47059 0.34914 0.47168 0.34914 0.47386 0.35022 0.47495 0.35022 0.47821 0.35129 0.4793 0.35129 0.48148 0.35237 0.48257 0.35237 0.48366 0.35345 0.48475 0.35345 0.48584 0.35453 0.48693 0.35453 0.48802 0.3556 0.48911 0.3556 0.4902 0.35668 0.49129 0.35668 0.49346 0.35776 0.49455 0.35776 0.49564 0.35884 0.49673 0.35884 0.49782 0.36099 0.5 0.36099 0.50218 0.36207 0.50327 0.36207 0.50436 0.36315 0.50545 0.36315 0.50654 0.36422 0.50763 0.36422 0.50871 0.3653 0.50871 0.36638 0.5098 0.36746 0.5098 0.36961 0.51198 0.37069 0.51198 0.37177 0.51307 0.37284 0.51307 0.37392 0.51416 0.375 0.51416 0.37608 0.51525 0.37716 0.51525 0.37931 0.51743 0.37931 0.53922 0.37823 0.54031 0.37823 0.58279 0.37931 0.58388 0.37931 0.58606 0.38147 0.58824 0.38147 0.58932 0.38254 0.59041 0.38254 0.5915 0.3847 0.59368 0.3847 0.59477 0.38578 0.59586 0.38578 0.59695 0.38685 0.59804 0.38685 0.59913 0.38901 0.60131 0.38901 0.6024 0.39009 0.60349 0.39009 0.60458 0.39116 0.60566 0.39116 0.60675 0.39332 0.60893 0.39332 0.61002 0.3944 0.61111 0.3944 0.6122 0.39547 0.61329 0.39547 0.61438 0.39763 0.61656 0.39763 0.61765 0.39871 0.61874 0.39871 0.61983 0.40086 0.622 0.40086 0.62309 0.40302 0.62527 0.40409 0.62527 0.41379 0.63508 0.41487 0.63508 0.42349 0.64379 0.42457 0.64379 0.43534 0.65468 0.43642 0.65468 0.44073 0.65904 0.44181 0.65904 0.44289 0.66013 0.44504 0.66013 0.44612 0.66122 0.44828 0.66122 0.44935 0.66231 0.45151 0.66231 0.45259 0.6634 0.45474 0.6634 0.45582 0.66449 0.45797 0.66449 0.45905 0.66558 0.46121 0.66558 0.46228 0.66667 0.46336 0.66667 0.46444 0.66776 0.46659 0.66776 0.46767 0.66885 0.46983 0.66885 0.47091 0.66993 0.47306 0.66993 0.47414 0.67102 0.47629 0.67102 0.47737 0.67211 0.47953 0.67211 0.4806 0.6732 0.48276 0.6732 0.48384 0.67429 0.48599 0.67429 0.48707 0.67538 0.48922 0.67538 0.4903 0.67647 0.49138 0.67647 0.49246 0.67756 0.49461 0.67756 0.49569 0.67865 0.49784 0.67865 0.49892 0.67974 0.50108 0.67974 0.50216 0.68083 0.50754 0.68083 0.50862 0.67974 0.51293 0.67974 0.51401 0.67865 0.51724 0.67865 0.51832 0.67756 0.52155 0.67756 0.52263 0.67647 0.52694 0.67647 0.52802 0.67538 0.53125 0.67538 0.53233 0.67429 0.53556 0.67429 0.53664 0.6732 0.54095 0.6732 0.54203 0.67211 0.54526 0.67211 0.54634 0.67102 0.54957 0.67102 0.55065 0.66993 0.55496 0.66993 0.55603 0.66885 0.55927 0.66885 0.56034 0.66776 0.56466 0.66776 0.56573 0.66667 0.56897 0.66667 0.57004 0.66558 0.5722 0.66558 0.57974 0.65795 0.58082 0.65795 0.5819 0.65686 0.5819 0.64597 0.58082 0.64488 0.58082 0.64052 0.57974 0.63943 0.57974 0.63834 0.57866 0.63725 0.57866 0.63508 0.57759 0.63399 0.57759 0.63181 0.57651 0.63072 0.57651 0.62963 0.57543 0.62854 0.57543 0.62636 0.57004 0.62636 0.56897 0.62745 0.55819 0.62745 0.55711 0.62854 0.52263 0.62854 0.52155 0.62745 0.51832 0.62745 0.51724 0.62636 0.51509 0.62636 0.51401 0.62527 0.51078 0.62527 0.5097 0.62418 0.50754 0.62418 0.50647 0.62309 0.50323 0.62309 0.50216 0.622 0.49892 0.622 0.49784 0.62092 0.49461 0.62092 0.49353 0.61983 0.49138 0.61983 0.4903 0.61874 0.48707 0.61874 0.48599 0.61765 0.48276 0.61765 0.48168 0.61656 0.47845 0.61656 0.47737 0.61547 0.47629 0.61547 0.47522 0.61438 0.47414 0.61438 0.47198 0.6122 0.47091 0.6122 0.46983 0.61111 0.46875 0.61111 0.46659 0.60893 0.46552 0.60893 0.46444 0.60784 0.46336 0.60784 0.46228 0.60675 0.46121 0.60675 0.45905 0.60458 0.45797 0.60458 0.4569 0.60349 0.45582 0.60349 0.45366 0.60131 0.45259 0.60131 0.45151 0.60022 0.45043 0.60022 0.44828 0.59804 0.4472 0.59804 0.44612 0.59695 0.44504 0.59695 0.44397 0.59586 0.44289 0.59586 0.44073 0.59368 0.43966 0.59368 0.4375 0.5915 0.43642 0.5915 0.43534 0.59041 0.43427 0.59041 0.42996 0.58606 0.42996 0.58497 0.42888 0.58388 0.42888 0.58279 0.4278 0.5817 0.4278 0.58061 0.42672 0.57952 0.42672 0.57843 0.42457 0.57625 0.42457 0.57516 0.42349 0.57407 0.42349 0.57298 0.42241 0.5719 0.42241 0.57081 0.42134 0.56972 0.42134 0.56863 0.42026 0.56754 0.42026 0.56645 0.41918 0.56536 0.41918 0.56427 0.4181 0.56318 0.4181 0.561 0.41703 0.55991 0.41703 0.55773 0.41595 0.55664 0.41595 0.55447 0.41487 0.55338 0.41487 0.5512 0.41379 0.55011 0.41379 0.54793 0.41272 0.54684 0.41272 0.54466 0.41164 0.54357 0.41164 0.54139 0.41056 0.54031 0.41056 0.53813 0.40948 0.53704 0.40948 0.53486 0.40841 0.53377 0.40841 0.53159 0.40733 0.5305 0.40733 0.52832 0.40625 0.52723 0.40625 0.52505 0.40517 0.52397 0.40517 0.51743 0.40625 0.51634 0.40625 0.50109 0.40733 0.5 0.40733 0.48584 0.40841 0.48475 0.40841 0.47059 0.40948 0.4695 0.40948 0.45969 0.41164 0.45752 0.41164 0.45643 0.41379 0.45425 0.41379 0.45316 0.41487 0.45207 0.41487 0.45098 0.41703 0.4488 0.41703 0.44771 0.4181 0.44662 0.4181 0.44553 0.41918 0.44444 0.41918 0.44336 0.42134 0.44118 0.42134 0.44009 0.42349 0.43791 0.42349 0.43682 0.42457 0.43573 0.42457 0.43464 0.42672 0.43246 0.42672 0.43137 0.4278 0.43028 0.4278 0.42919 0.42996 0.42702 0.42996 0.42593 0.43103 0.42484 0.43103 0.42375 0.43319 0.42157 0.43319 0.42048 0.43427 0.41939 0.43427 0.4183 0.43642 0.41612 0.43642 0.41503 0.43966 0.41176 0.44073 0.41176 0.44289 0.40959 0.44397 0.40959 0.44612 0.40741 0.4472 0.40741 0.45043 0.40414 0.45151 0.40414 0.45366 0.40196 0.45474 0.40196 0.4569 0.39978 0.45797 0.39978 0.46121 0.39651 0.46228 0.39651 0.46444 0.39434 0.46552 0.39434 0.46767 0.39216 0.46875 0.39216 0.47198 0.38889 0.47306 0.38889 0.47522 0.38671 0.47737 0.38671 0.47845 0.38562 0.47953 0.38562 0.4806 0.38453 0.48168 0.38453 0.48276 0.38344 0.48384 0.38344 0.48491 0.38235 0.48599 0.38235 0.48707 0.38126 0.48815 0.38126 0.48922 0.38017 0.4903 0.38017 0.49138 0.37908 0.49246 0.37908 0.49353 0.378 0.49461 0.378 0.49569 0.37691 0.5097 0.37691 0.51078 0.37582 0.53017 0.37582 0.53125 0.37473 0.54849 0.37473 0.54957 0.37582 0.5528 0.37582 0.55388 0.37691 0.55603 0.37691 0.55711 0.378 0.55927 0.378 0.56034 0.37908 0.56358 0.37908 0.56466 0.38017 0.56681 0.38017 0.56789 0.38126 0.57112 0.38126 0.5722 0.38235 0.57543 0.38235 0.57651 0.38344 0.57759 0.38344 0.57866 0.38453 0.58082 0.38453 0.5819 0.38562 0.58297 0.38562 0.58405 0.38671 0.58621 0.38671 0.58728 0.3878 0.58836 0.3878 0.58944 0.38889 0.59159 0.38889 0.59267 0.38998 0.59375 0.38998 0.59483 0.39107 0.59591 0.39107 0.59698 0.39216 0.59914 0.39216 0.60022 0.39325 0.60129 0.39325 0.60237 0.39434 0.60345 0.39434 0.60453 0.39542 0.6056 0.39542 0.60668 0.39651 0.60776 0.39651 0.60884 0.3976 0.60991 0.3976 0.61099 0.39869 0.61207 0.39869 0.61422 0.40087 0.6153 0.40087 0.61638 0.40196 0.61746 0.40196 0.62284 0.40741 0.62284 0.4085 0.62716 0.41285 0.62716 0.41394 0.63147 0.4183 0.63147 0.41939 0.63685 0.42484 0.63685 0.42593 0.64655 0.43573 0.64655 0.43682 0.65409 0.44444 0.65409 0.44553 0.65517 0.44662 0.65517 0.44771 0.65625 0.4488 0.65625 0.44989 0.65733 0.45098 0.65733 0.45207 0.65948 0.45425 0.65948 0.45534 0.66056 0.45643 0.66056 0.45752 0.66164 0.45861 0.66164 0.45969 0.66272 0.46078 0.66272 0.46187 0.66487 0.46405 0.66487 0.4695 0.66595 0.47059 0.66595 0.47495 0.66703 0.47603 0.66703 0.48148 0.6681 0.48257 0.6681 0.48911 0.66918 0.4902 0.66918 0.49237 0.6681 0.49346 0.6681 0.49673 0.66703 0.49782 0.66703 0.5 0.66595 0.50109 0.66595 0.50436 0.66487 0.50545 0.66487 0.50763 0.66379 0.50871 0.66379 0.51198 0.66272 0.51307 0.66272 0.51525 0.66164 0.51634 0.66164 0.51743 0.66056 0.51852 0.66056 0.51961 0.65948 0.5207 0.65948 0.52179 0.65841 0.52288 0.65841 0.52397 0.65733 0.52505 0.65733 0.52614 0.65625 0.52723 0.65625 0.52832 0.65517 0.52941 0.65517 0.5305 0.65409 0.53159 0.65409 0.53268 0.65302 0.53377 0.65302 0.53486 0.65194 0.53595 0.65194 0.53704 0.65086 0.53813 0.64978 0.53813 0.63901 0.54902 0.63793 0.54902 0.63578 0.5512 0.6347 0.5512 0.63362 0.55229 0.63254 0.55229 0.63147 0.55338 0.63039 0.55338 0.62931 0.55447 0.62823 0.55447 0.62716 0.55556 0.62608 0.55556 0.625 0.55664 0.62392 0.55664 0.62284 0.55773 0.62177 0.55773 0.62069 0.55882 0.61853 0.55882 0.61746 0.55991 0.61315 0.55991 0.61207 0.561 0.6056 0.561 0.60453 0.56209 0.60022 0.56209 0.59914 0.56318 0.59806 0.56318 0.59806 0.56427 0.58944 0.57298 0.58944 0.57407 0.59159 0.57625 0.59159 0.57734 0.59267 0.57843 0.59267 0.57952 0.59483 0.5817 0.59483 0.58279 0.59591 0.58388 0.59591 0.58497 0.59806 0.58715 0.59806 0.58824 0.59914 0.58932 0.59914 0.59041 0.60129 0.59259 0.60129 0.59368 0.60237 0.59477 0.60237 0.59586 0.60453 0.59804 0.60453 0.59913 0.60668 0.60131 0.60668 0.6024 0.60884 0.60458 0.60884 0.60566 0.61099 0.60784 0.61099 0.60893 0.61315 0.61111 0.61315 0.6122 0.61638 0.61547 0.61638 0.61874 0.61746 0.61983 0.61746 0.62309 0.61853 0.62418 0.61853 0.62745 0.61961 0.62854 0.61961 0.63181 0.62069 0.6329 0.62069 0.63508 0.62177 0.63617 0.62177 0.63834 0.62284 0.63834 0.625 0.64052 0.62608 0.64052 0.62823 0.6427 0.62931 0.6427 0.63147 0.64488 0.63039 0.64597 0.62931 0.64597 0.62823 0.64488 0.62608 0.64488 0.625 0.64379 0.62392 0.64379 0.62284 0.6427 0.62177 0.6427 0.61961 0.64052 0.61853 0.64052 0.61746 0.63943 0.61746 0.63725 0.61638 0.63617 0.61638 0.63399 0.6153 0.6329 0.6153 0.63072 0.61422 0.62963 0.61422 0.62745 0.61315 0.62636 0.61315 0.62309 0.61207 0.622 0.61207 0.61983 0.61099 0.61874 0.61099 0.61656 0.60991 0.61547 0.60991 0.61329 0.60884 0.6122 0.60884 0.61111 0.60776 0.61002 0.60776 0.60893 0.60668 0.60893 0.59698 0.61874 0.59591 0.61874 0.59483 0.61983 0.59375 0.61983 0.59267 0.62092 0.58728 0.62092 0.58621 0.622 0.58513 0.62092 0.57974 0.62092 0.57866 0.61983 0.57543 0.61983 0.57651 0.62092 0.57651 0.62309 0.57759 0.62418 0.57759 0.62527 0.57866 0.62636 0.57866 0.62854 0.58082 0.63072 0.58082 0.6329 0.5819 0.63399 0.5819 0.63617 0.58297 0.63725 0.58297 0.63943 0.58405 0.64052 0.58405 0.64379 0.58513 0.64488 0.58513 0.64924 0.58621 0.65033 0.58621 0.65795 0.58513 0.65904 0.58513 0.66013 0.58405 0.66122 0.58405 0.66231 0.58297 0.6634 0.58297 0.66449 0.5819 0.66558 0.5819 0.66667 0.57974 0.66885 0.57974 0.67102 0.58297 0.67429 0.58405 0.67429 0.58621 0.67647 0.58836 0.67647 0.58944 0.67756 0.59052 0.67756 0.59159 0.67865 0.59375 0.67865 0.59483 0.67974 0.60453 0.67974 0.6056 0.68083 0.60884 0.68083 0.60991 0.67974 0.61422 0.67974 0.6153 0.67865 0.61853 0.67865 0.61961 0.67756 0.62069 0.67756 0.62177 0.67647 0.62284 0.67647 0.62392 0.67538 0.625 0.67538 0.62716 0.6732 0.62823 0.6732 0.63039 0.67102 0.63147 0.67102 0.63362 0.66885 0.6347 0.66885 0.6347 0.66776 0.63578 0.66667 0.63578 0.6634 0.63685 0.66231 0.63685 0.65795 0.63793 0.65686 0.63793 0.65359 0.63685 0.65251 0.63685 0.64924 0.63578 0.64815 0.63362 0.64815 0.63254 0.64706 0.63147 0.64706 0.63039 0.64597 0.65302 0.62309 0.65302 0.622 0.65517 0.61983 0.65625 0.61983 0.65733 0.61874 0.65841 0.61874 0.66056 0.61656 0.66164 0.61656 0.66379 0.61438 0.66487 0.61438 0.66595 0.61329 0.66703 0.61329 0.66918 0.61111 0.67026 0.61111 0.67241 0.60893 0.67349 0.60893 0.67565 0.60675 0.67565 0.60566 0.6778 0.60349 0.6778 0.6024 0.67996 0.60022 0.67996 0.59913 0.68103 0.59804 0.68103 0.59695 0.68319 0.59477 0.68319 0.59368 0.68427 0.59259 0.68427 0.5915 0.68642 0.58932 0.68642 0.58824 0.68858 0.58606 0.68858 0.58497 0.68966 0.58388 0.68966 0.58279 0.69181 0.58061 0.69181 0.57952 0.69397 0.57734 0.69397 0.57625 0.69504 0.57516 0.69504 0.57407 0.6972 0.5719 0.6972 0.56754 0.69828 0.56645 0.69828 0.56318 0.69935 0.56209 0.69935 0.55773 0.70043 0.55664 0.70043 0.55338 0.70151 0.55229 0.70151 0.54793 0.70259 0.54684 0.70259 0.54357 0.70366 0.54248 0.70366 0.53813 0.70474 0.53704 0.70474 0.53377 0.70582 0.53268 0.70582 0.49673 0.70474 0.49564 0.70474 0.47495 0.70366 0.47386 0.70366 0.47277 0.70259 0.47168 0.70259 0.47059 0.70151 0.4695 0.70151 0.46841 0.70043 0.46732 0.70043 0.46623 0.69935 0.46514 0.69935 0.46405 0.69828 0.46296 0.69828 0.46078 0.6972 0.45969 0.6972 0.45861 0.69612 0.45752 0.69612 0.45643 0.69504 0.45534 0.69504 0.45425 0.69397 0.45316 0.69397 0.45207 0.69289 0.45098 0.69289 0.44989 0.69181 0.4488 0.69181 0.44662 0.69073 0.44553 0.69073 0.44444 0.68966 0.44336 0.68966 0.44227 0.68858 0.44118 0.68858 0.44009 0.6875 0.439 0.6875 0.43791 0.68642 0.43682 0.68642 0.43464 0.68534 0.43355 0.68534 0.43246 0.68427 0.43137 0.68427 0.43028 0.68319 0.42919 0.68319 0.4281 0.68211 0.42702 0.68211 0.42593 0.68103 0.42484 0.68103 0.42375 0.67996 0.42266 0.67996 0.42048 0.67888 0.41939 0.67888 0.4183 0.6778 0.41721 0.6778 0.41612 0.67672 0.41503 0.67672 0.41394 0.67565 0.41285 0.67565 0.41176 0.67457 0.41068 0.67457 0.40959 0.63362 0.36819 0.63254 0.36819 0.63147 0.3671 0.63039 0.3671 0.62931 0.36601 0.62823 0.36601 0.62716 0.36492 0.625 0.36492 0.62392 0.36383 0.62284 0.36383 0.62177 0.36275 0.62069 0.36275 0.61961 0.36166 0.61853 0.36166 0.61746 0.36057 0.6153 0.36057 0.61422 0.35948 0.61315 0.35948 0.61207 0.35839 0.61099 0.35839 0.60991 0.3573 0.60884 0.3573 0.60776 0.35621 0.6056 0.35621 0.60453 0.35512 0.60345 0.35512 0.60237 0.35403 0.60129 0.35403 0.60022 0.35294 0.59914 0.35294 0.59806 0.35185 0.59591 0.35185 0.59483 0.35076 0.59375 0.35076 0.59267 0.34967 0.59159 0.34967 0.59052 0.34858 0.58944 0.34858 0.58836 0.34749 0.58621 0.34749 0.58513 0.34641 0.58405 0.34641 0.58297 0.34532 0.5819 0.34532 0.58082 0.34423 0.57974 0.34423 0.57866 0.34314 0.57651 0.34314 0.57543 0.34205 0.55172 0.34205 0.55065 0.34096 0.51724 0.34096 0.51616 0.33987
0 0.21983 0.32789 0.21659 0.33115 0.21552 0.33115 0.21444 0.33007 0.20797 0.33007 0.2069 0.32898 0.19935 0.32898 0.19612 0.33224 0.19612 0.3366 0.19397 0.33878 0.19073 0.33878 0.18966 0.33987 0.18534 0.33987 0.17888 0.34641 0.17888 0.34749 0.17672 0.34967 0.17672 0.35185 0.17565 0.35294 0.17565 0.35403 0.17457 0.35512 0.17457 0.35621 0.17349 0.3573 0.17349 0.36275 0.17457 0.36383 0.17457 0.36492 0.17349 0.36601 0.17349 0.36819 0.17241 0.36928 0.17241 0.37037 0.17134 0.37146 0.17026 0.37146 0.16918 0.37255 0.16918 0.37364 0.1681 0.37473 0.1681 0.37582 0.16379 0.38017 0.16272 0.38017 0.16164 0.38126 0.16164 0.38235 0.16272 0.38344 0.16272 0.38562 0.16164 0.38671 0.16164 0.38889 0.15948 0.39107 0.15948 0.39325 0.15841 0.39434 0.15841 0.39542 0.15733 0.39651 0.15409 0.39651 0.15409 0.40087 0.15302 0.40196 0.15302 0.40305 0.15194 0.40414 0.15194 0.40959 0.15086 0.41068 0.15086 0.41394 0.15194 0.41503 0.15194 0.42593 0.15086 0.42702 0.15086 0.42919 0.15194 0.43028 0.15194 0.43573 0.15086 0.43682 0.15086 0.44118 0.14978 0.44227 0.14978 0.44662 0.15086 0.44771 0.15086 0.4488 0.14763 0.45207 0.14763 0.45316 0.14655 0.45425 0.14655 0.45534 0.14547 0.45643 0.14547 0.46841 0.1444 0.4695 0.1444 0.47277 0.14547 0.47386 0.14547 0.47821 0.1444 0.4793 0.14547 0.48039 0.14547 0.48148 0.14871 0.48475 0.14871 0.48584 0.14978 0.48693 0.14978 0.48802 0.15409 0.49237 0.15409 0.49346 0.15733 0.49346 0.15841 0.49455 0.15841 0.49564 0.15948 0.49673 0.16056 0.49673 0.16487 0.50109 0.16487 0.50218 0.16595 0.50327 0.1681 0.50327 0.16918 0.50436 0.17241 0.50436 0.17349 0.50545 0.1778 0.50545 0.17888 0.50654 0.18103 0.50654 0.18211 0.50763 0.18319 0.50763 0.18642 0.51089 0.18858 0.51089 0.18966 0.51198 0.19073 0.51198 0.19181 0.51307 0.19289 0.51307 0.19397 0.51416 0.1972 0.51416 0.19828 0.51525 0.19935 0.51525 0.20043 0.51634 0.20366 0.51634 0.20474 0.51743 0.21013 0.51743 0.21121 0.51852 0.21767 0.51852 0.21875 0.51961 0.22198 0.51961 0.22306 0.51852 0.22522 0.51852 0.22629 0.51743 0.22737 0.51743 0.22845 0.51634 0.22953 0.51634 0.2306 0.51525 0.23276 0.51525 0.23384 0.51416 0.24569 0.51416 0.24677 0.51525 0.24892 0.51525 0.25 0.51634 0.25862 0.51634 0.2597 0.51525 0.26185 0.51525 0.26293 0.51416 0.26401 0.51525 0.26509 0.51525 0.26616 0.51634 0.26724 0.51634 0.26832 0.51525 0.27047 0.51525 0.27155 0.51416 0.27155 0.51307 0.27263 0.51198 0.27371 0.51198 0.27478 0.51089 0.27478 0.50871 0.27694 0.50654 0.27802 0.50654 0.27909 0.50545 0.28341 0.50545 0.28448 0.50436 0.28556 0.50436 0.28664 0.50327 0.28879 0.50327 0.28987 0.50218 0.29634 0.50218 0.29741 0.50327 0.30065 0.50327 0.30172 0.50218 0.30603 0.50218 0.30711 0.50109 0.30819 0.50109 0.30927 0.5 0.31034 0.5 0.31142 0.49891 0.3125 0.49891 0.31358 0.49782 0.31358 0.49673 0.31466 0.49564 0.31466 0.49455 0.31573 0.49346 0.31573 0.49237 0.31681 0.49129 0.31681 0.4902 0.32004 0.48693 0.32004 0.48475 0.32112 0.48366 0.32112 0.47603 0.3222 0.47495 0.3222 0.47277 0.32328 0.47168 0.32328 0.46841 0.32435 0.46732 0.32435 0.45316 0.32328 0.45207 0.32328 0.43791 0.32435 0.43682 0.32435 0.41939 0.32328 0.4183 0.32328 0.41068 0.32435 0.40959 0.32435 0.4085 0.32328 0.40741 0.32328 0.40196 0.3222 0.40087 0.3222 0.39651 0.31466 0.38889 0.31466 0.3878 0.31358 0.38671 0.31034 0.38671 0.30819 0.38453 0.30819 0.38126 0.30711 0.38017 0.30711 0.37908 0.30603 0.378 0.30603 0.37582 0.30496 0.37473 0.30496 0.37364 0.30065 0.36928 0.30065 0.36601 0.30172 0.36492 0.29849 0.36166 0.29849 0.36057 0.29741 0.36057 0.29634 0.36166 0.29418 0.36166 0.29203 0.35948 0.29095 0.35948 0.28987 0.35839 0.28664 0.35839 0.28556 0.3573 0.28017 0.3573 0.27909 0.35839 0.27802 0.35839 0.27694 0.3573 0.27586 0.3573 0.27478 0.35621 0.2694 0.35621 0.26832 0.35512 0.26509 0.35512 0.26401 0.35621 0.26293 0.35621 0.26185 0.35512 0.26078 0.35512 0.25862 0.35294 0.25862 0.35185 0.26078 0.34967 0.26078 0.34858 0.25862 0.34641 0.25754 0.34641 0.25216 0.34096 0.25108 0.34096 0.24784 0.34423 0.24677 0.34423 0.24461 0.34205 0.24246 0.34205 0.24138 0.34096 0.23922 0.34096 0.23707 0.33878 0.23168 0.33878 0.2306 0.33769 0.2306 0.33551 0.23168 0.33442 0.23384 0.33442 0.23491 0.33551 0.23599 0.33551 0.23815 0.33333 0.23599 0.33115 0.23599 0.33007 0.23384 0.33224 0.23168 0.33224 0.22845 0.32898 0.22522 0.32898 0.22414 0.32789
0 0.17996 0.24619 0.1778 0.24837 0.1778 0.24946 0.17565 0.25163 0.17565 0.25272 0.17349 0.2549 0.17349 0.25599 0.17134 0.25817 0.17134 0.25926 0.16918 0.26144 0.16918 0.26253 0.16703 0.26471 0.16703 0.2658 0.16487 0.26797 0.16487 0.26906 0.16272 0.27124 0.16272 0.27233 0.16056 0.27451 0.16056 0.2756 0.15841 0.27778 0.15841 0.27887 0.15733 0.27996 0.15733 0.28105 0.15517 0.28322 0.15517 0.28431 0.15302 0.28649 0.15302 0.28758 0.15194 0.28867 0.15194 0.28976 0.14978 0.29194 0.14978 0.29303 0.14763 0.29521 0.14763 0.2963 0.14547 0.29847 0.14547 0.29956 0.1444 0.30065 0.1444 0.30174 0.14224 0.30392 0.14224 0.30501 0.14009 0.30719 0.14009 0.30828 0.13901 0.30937 0.1444 0.30937 0.14547 0.30828 0.15194 0.30828 0.15302 0.30719 0.15948 0.30719 0.16056 0.3061 0.16703 0.3061 0.1681 0.30501 0.17457 0.30501 0.17565 0.30392 0.21659 0.30392 0.21767 0.30501 0.22091 0.30501 0.22198 0.3061 0.22629 0.3061 0.22737 0.30719 0.2306 0.30719 0.23168 0.30828 0.23599 0.30828 0.2403 0.31264 0.24138 0.31264 0.24569 0.31699 0.24677 0.31699 0.25108 0.32135 0.25216 0.32135 0.25647 0.32571 0.25754 0.32571 0.26078 0.32898 0.26185 0.32898 0.26509 0.33224 0.26616 0.33224 0.2694 0.33551 0.27047 0.33551 0.27371 0.33878 0.27478 0.33878 0.27586 0.33987 0.27694 0.33987 0.27802 0.34096 0.28017 0.34096 0.28125 0.34205 0.28448 0.34205 0.28556 0.34314 0.28772 0.34314 0.28879 0.34423 0.28987 0.34423 0.29095 0.34532 0.29203 0.34532 0.29526 0.34858 0.29634 0.34858 0.29849 0.35076 0.29957 0.35076 0.30172 0.35294 0.3028 0.35294 0.30603 0.35621 0.30711 0.35621 0.30819 0.3573 0.31034 0.3573 0.31142 0.35839 0.31358 0.35839 0.31466 0.35948 0.31681 0.35948 0.31789 0.36057 0.32004 0.36057 0.32112 0.36166 0.3222 0.36166 0.32328 0.36275 0.32543 0.36275 0.32651 0.36383 0.32759 0.36383 0.32866 0.36492 0.33082 0.36492 0.3319 0.36601 0.33297 0.36601 0.33405 0.3671 0.33405 0.36928 0.33513 0.37037 0.33513 0.37146 0.33621 0.37255 0.33621 0.37473 0.33728 0.37582 0.33728 0.37691 0.33836 0.378 0.33836 0.37908 0.33944 0.38017 0.33944 0.38235 0.34052 0.38344 0.34052 0.38453 0.34159 0.38562 0.34159 0.3878 0.34267 0.38889 0.34267 0.38998 0.3556 0.40305 0.36422 0.40305 0.3653 0.40414 0.40517 0.40414 0.40948 0.39978 0.40948 0.39869 0.41595 0.39216 0.41595 0.39107 0.41487 0.38998 0.41487 0.3878 0.41379 0.38671 0.41379 0.38453 0.41272 0.38344 0.41272 0.38126 0.41164 0.38017 0.41164 0.378 0.41056 0.37691 0.40302 0.37691 0.40194 0.378 0.38362 0.378 0.38254 0.37908 0.36853 0.37908 0.36746 0.38017 0.35991 0.38017 0.35884 0.38126 0.35776 0.38017 0.35776 0.378 0.35668 0.37691 0.35668 0.37473 0.3556 0.37364 0.3556 0.37146 0.35453 0.37037 0.35453 0.36819 0.35345 0.3671 0.35345 0.36492 0.35237 0.36383 0.35237 0.36275 0.35129 0.36166 0.35129 0.36057 0.34914 0.35839 0.34914 0.3573 0.34806 0.35621 0.34806 0.35512 0.34591 0.35294 0.34591 0.35185 0.34483 0.35076 0.34483 0.34967 0.34267 0.34749 0.34267 0.34641 0.34052 0.34641 0.33944 0.34532 0.33621 0.34532 0.33513 0.34423 0.3319 0.34423 0.33082 0.34314 0.32759 0.34314 0.32651 0.34205 0.32328 0.34205 0.3222 0.34096 0.32004 0.34096 0.31897 0.33987 0.31789 0.33987 0.31681 0.33878 0.31573 0.33878 0.31466 0.33769 0.3125 0.33769 0.31142 0.3366 0.31034 0.3366 0.30927 0.33551 0.30819 0.33551 0.30711 0.33442 0.30496 0.33442 0.30388 0.33333 0.3028 0.33333 0.30172 0.33224 0.29957 0.33224 0.29849 0.33115 0.29741 0.33115 0.29634 0.33007 0.29526 0.33007 0.29418 0.32898 0.2931 0.32898 0.29203 0.32789 0.29095 0.32789 0.28987 0.3268 0.28772 0.3268 0.28664 0.32571 0.28556 0.32571 0.28448 0.32462 0.28341 0.32462 0.28233 0.32353 0.28125 0.32353 0.28017 0.32244 0.27802 0.32244 0.27694 0.32135 0.27586 0.32135 0.27478 0.32026 0.27371 0.32026 0.27263 0.31917 0.27047 0.31917 0.2694 0.31808 0.2694 0.31699 0.26832 0.3159 0.26832 0.31481 0.26724 0.31373 0.26724 0.31264 0.26616 0.31155 0.26616 0.31046 0.26509 0.30937 0.26509 0.30828 0.26401 0.30719 0.26401 0.3061 0.26293 0.30501 0.26293 0.30392 0.26185 0.30283 0.26185 0.30065 0.26078 0.29956 0.26078 0.29847 0.2597 0.29739 0.2597 0.2963 0.25862 0.29521 0.25862 0.29412 0.25647 0.29194 0.25647 0.29085 0.25323 0.28758 0.25323 0.28649 0.25108 0.28431 0.25108 0.28322 0.24892 0.28105 0.24892 0.27996 0.24677 0.27778 0.24677 0.27669 0.24353 0.27342 0.24353 0.27233 0.24138 0.27015 0.24138 0.26906 0.2403 0.26797 0.23922 0.26797 0.23815 0.26688 0.23707 0.26688 0.23491 0.26471 0.23384 0.26471 0.23276 0.26362 0.23168 0.26362 0.22953 0.26144 0.22845 0.26144 0.22737 0.26035 0.22629 0.26035 0.22522 0.25926 0.22414 0.25926 0.22198 0.25708 0.22091 0.25708 0.21983 0.25599 0.21875 0.25599 0.21659 0.25381 0.21552 0.25381 0.21444 0.25272 0.21336 0.25272 0.21228 0.25163 0.21013 0.25163 0.20905 0.25054 0.20366 0.25054 0.20259 0.24946 0.1972 0.24946 0.19612 0.24837 0.19073 0.24837 0.18966 0.24728 0.18319 0.24728 0.18211 0.24619
