0 0.38685 0.51525 0.38362 0.51852 0.38362 0.5305 0.3847 0.53159 0.3847 0.53268 0.39009 0.53813 0.39332 0.53813 0.3944 0.53922 0.42888 0.53922 0.42996 0.53813 0.44181 0.53813 0.44612 0.53377 0.44612 0.52941 0.44289 0.52614 0.43858 0.52614 0.4375 0.52723 0.42672 0.52723 0.42565 0.52832 0.39655 0.52832 0.3944 0.52614 0.3944 0.51852 0.39116 0.51525
0 0.89763 0.49129 0.89547 0.49346 0.8944 0.49346 0.89224 0.49564 0.89116 0.49564 0.88901 0.49782 0.88793 0.49782 0.88578 0.5 0.8847 0.5 0.88254 0.50218 0.88147 0.50218 0.87931 0.50436 0.87823 0.50436 0.87608 0.50654 0.875 0.50654 0.87284 0.50871 0.87177 0.50871 0.86961 0.51089 0.86853 0.51089 0.86638 0.51307 0.8653 0.51307 0.86422 0.51416 0.86315 0.51416 0.86207 0.51525 0.86099 0.51525 0.85991 0.51634 0.85884 0.51634 0.85776 0.51743 0.85668 0.51743 0.8556 0.51852 0.85453 0.51852 0.85345 0.51961 0.85237 0.51961 0.85129 0.5207 0.85022 0.5207 0.84914 0.52179 0.84806 0.52179 0.84698 0.52288 0.84591 0.52288 0.84483 0.52397 0.84375 0.52397 0.84267 0.52505 0.84159 0.52505 0.84052 0.52614 0.83944 0.52614 0.83836 0.52723 0.83728 0.52723 0.83621 0.52832 0.83513 0.52832 0.83405 0.52941 0.83297 0.52941 0.8319 0.5305 0.83082 0.5305 0.82974 0.53159 0.82866 0.53159 0.82759 0.53268 0.82651 0.53268 0.82543 0.53377 0.8222 0.53377 0.82112 0.53486 0.81789 0.53486 0.81681 0.53595 0.8125 0.53595 0.81142 0.53704 0.80819 0.53704 0.80711 0.53813 0.8028 0.53813 0.80172 0.53922 0.79849 0.53922 0.79741 0.54031 0.7931 0.54031 0.79203 0.54139 0.78879 0.54139 0.78772 0.54248 0.78448 0.54248 0.78341 0.54357 0.78017 0.54357 0.77909 0.54466 0.77694 0.54466 0.77586 0.54575 0.77371 0.54575 0.77263 0.54684 0.77047 0.54684 0.7694 0.54793 0.76724 0.54793 0.76616 0.54902 0.76293 0.54902 0.76185 0.55011 0.7597 0.55011 0.75862 0.5512 0.75539 0.5512 0.75431 0.55229 0.75108 0.55229 0.75 0.55338 0.74784 0.55338 0.74677 0.55447 0.74353 0.55447 0.74246 0.55556 0.73922 0.55556 0.73815 0.55664 0.72845 0.55664 0.72737 0.55556 0.71659 0.55556 0.71552 0.55447 0.70366 0.55447 0.70259 0.55338 0.70151 0.55338 0.70043 0.55229 0.69935 0.55229 0.69612 0.54902 0.69504 0.54902 0.69073 0.54466 0.68966 0.54466 0.68642 0.54139 0.68534 0.54139 0.68427 0.54031 0.68319 0.54031 0.68103 0.53813 0.67996 0.53813 0.67888 0.53704 0.6778 0.53704 0.67672 0.53595 0.67565 0.53595 0.67457 0.53486 0.67349 0.53486 0.67241 0.53377 0.67134 0.53377 0.67026 0.53268 0.66918 0.53268 0.6681 0.53159 0.66703 0.53159 0.66595 0.53268 0.66487 0.53268 0.66379 0.53377 0.66272 0.53377 0.66164 0.53486 0.66056 0.53486 0.65948 0.53595 0.65841 0.53595 0.65733 0.53704 0.65625 0.53704 0.65517 0.53813 0.65409 0.53813 0.65302 0.53922 0.65194 0.53922 0.64978 0.54139 0.64871 0.54139 0.64763 0.54031 0.6444 0.54031 0.64332 0.53922 0.64116 0.53922 0.64009 0.53813 0.63685 0.53813 0.63578 0.53704 0.63362 0.53704 0.63254 0.53595 0.62931 0.53595 0.62823 0.53486 0.625 0.53486 0.62392 0.53377 0.62392 0.53704 0.625 0.53813 0.625 0.54684 0.62608 0.54793 0.62608 0.55011 0.62716 0.5512 0.62716 0.55229 0.62823 0.55338 0.62823 0.55556 0.62931 0.55664 0.62931 0.55882 0.63039 0.55991 0.63039 0.561 0.63147 0.56209 0.63147 0.56427 0.63254 0.56536 0.63254 0.56754 0.63362 0.56863 0.63362 0.56972 0.6347 0.57081 0.6347 0.5719 0.63578 0.57298 0.63578 0.57407 0.63685 0.57516 0.63793 0.57516 0.64332 0.58061 0.6444 0.58061 0.64763 0.58388 0.64871 0.58388 0.64978 0.58497 0.65086 0.58497 0.65302 0.58715 0.65409 0.58715 0.65517 0.58824 0.65625 0.58824 0.65841 0.59041 0.65948 0.59041 0.66056 0.5915 0.66164 0.5915 0.66379 0.59368 0.66487 0.59368 0.66595 0.59477 0.66703 0.59477 0.6681 0.59586 0.66918 0.59586 0.67134 0.59804 0.67241 0.59804 0.67565 0.60131 0.67672 0.60131 0.68103 0.60566 0.68211 0.60566 0.68534 0.60893 0.68642 0.60893 0.6875 0.61002 0.68858 0.61002 0.68966 0.61111 0.69181 0.61111 0.69289 0.6122 0.69504 0.6122 0.69612 0.61329 0.69828 0.61329 0.69935 0.61438 0.70259 0.61438 0.70366 0.61547 0.70582 0.61547 0.7069 0.61656 0.70905 0.61656 0.71121 0.61874 0.71121 0.62309 0.71013 0.62418 0.71013 0.63072 0.70905 0.63181 0.70905 0.63725 0.70797 0.63834 0.70797 0.64379 0.70905 0.64488 0.70905 0.64706 0.71013 0.64815 0.71013 0.64924 0.71121 0.65033 0.71121 0.65142 0.71228 0.65251 0.71228 0.65468 0.71336 0.65577 0.71336 0.65686 0.71444 0.65795 0.71444 0.65904 0.71552 0.66013 0.71552 0.66231 0.71659 0.6634 0.71659 0.66449 0.71767 0.66558 0.71875 0.66449 0.72091 0.66449 0.72198 0.6634 0.72306 0.6634 0.72414 0.66231 0.72629 0.66231 0.72737 0.66122 0.72845 0.66122 0.72953 0.66013 0.7306 0.66013 0.73168 0.65904 0.73384 0.65904 0.73491 0.65795 0.73707 0.65795 0.73815 0.65686 0.73922 0.65686 0.7403 0.65577 0.74246 0.65577 0.74353 0.65468 0.74461 0.65468 0.75108 0.64815 0.75108 0.64706 0.75431 0.64379 0.75431 0.6427 0.75647 0.64052 0.75647 0.63834 0.75108 0.6329 0.75108 0.63181 0.75 0.63181 0.74892 0.63072 0.74892 0.62963 0.74461 0.62527 0.74569 0.62418 0.77155 0.62418 0.77263 0.62527 0.77263 0.62963 0.77155 0.63072 0.77155 0.63399 0.77047 0.63508 0.77047 0.63943 0.7694 0.64052 0.7694 0.64379 0.76832 0.64488 0.76832 0.64924 0.76724 0.65033 0.76724 0.65359 0.76616 0.65468 0.76616 0.65686 0.76724 0.65795 0.77263 0.65795 0.77371 0.65904 0.77802 0.65904 0.77909 0.66013 0.78448 0.66013 0.78556 0.66122 0.78772 0.66122 0.78772 0.65904 0.78879 0.65795 0.78879 0.65468 0.78987 0.65359 0.78987 0.65142 0.79095 0.65033 0.79095 0.64815 0.79203 0.64706 0.79203 0.64379 0.7931 0.6427 0.7931 0.64052 0.79418 0.63943 0.80065 0.63943 0.80172 0.63834 0.83297 0.63834 0.83405 0.63725 0.84052 0.63725 0.84159 0.63834 0.84267 0.63834 0.84375 0.63943 0.84483 0.63943 0.84591 0.64052 0.84698 0.64052 0.84806 0.64161 0.84914 0.64161 0.85022 0.6427 0.85129 0.6427 0.85237 0.64379 0.85345 0.64379 0.8556 0.64597 0.85668 0.64597 0.85776 0.64706 0.85884 0.64706 0.85991 0.64815 0.86099 0.64815 0.86207 0.64924 0.86315 0.64924 0.86422 0.65033 0.8653 0.65033 0.86638 0.65142 0.86746 0.65142 0.86853 0.65251 0.86961 0.65251 0.87069 0.65359 0.87177 0.65359 0.87284 0.65468 0.87392 0.65468 0.875 0.65577 0.87608 0.65577 0.87716 0.65686 0.87823 0.65686 0.87931 0.65795 0.88039 0.65795 0.88147 0.65904 0.88254 0.65904 0.88362 0.66013 0.8847 0.66013 0.88578 0.65904 0.88685 0.65904 0.90409 0.64161 0.90409 0.63725 0.90517 0.63617 0.90517 0.63181 0.90625 0.63072 0.90625 0.62745 0.90733 0.62636 0.90733 0.622 0.90841 0.62092 0.90841 0.61765 0.90948 0.61656 0.90948 0.6122 0.91056 0.61111 0.91056 0.60784 0.91164 0.60675 0.91164 0.6024 0.91272 0.60131 0.91272 0.59695 0.91379 0.59586 0.91379 0.59259 0.91487 0.5915 0.91487 0.57407 0.91595 0.57298 0.91595 0.55011 0.91703 0.54902 0.91703 0.51961 0.91595 0.51852 0.91595 0.49673 0.91487 0.49564 0.91272 0.49564 0.91164 0.49455 0.90841 0.49455 0.90733 0.49346 0.90517 0.49346 0.90409 0.49237 0.90086 0.49237 0.89978 0.49129
0 0.35345 0.48802 0.34591 0.49564 0.34591 0.49782 0.34483 0.49891 0.34483 0.5 0.34267 0.50218 0.34267 0.50327 0.34159 0.50436 0.34159 0.50654 0.34052 0.50763 0.34052 0.51525 0.34375 0.51852 0.34806 0.51852 0.35129 0.51525 0.35345 0.51743 0.35345 0.51852 0.35453 0.51961 0.35453 0.52179 0.3556 0.52288 0.3556 0.52832 0.35668 0.52941 0.35668 0.53268 0.35991 0.53595 0.36422 0.53595 0.36746 0.53268 0.36746 0.53159 0.36853 0.5305 0.36853 0.52832 0.36961 0.52723 0.36961 0.52179 0.36746 0.51961 0.36746 0.51852 0.36638 0.51743 0.36638 0.51307 0.3653 0.51198 0.3653 0.51089 0.36422 0.5098 0.36422 0.50763 0.36315 0.50654 0.36315 0.50327 0.36207 0.50218 0.36207 0.49564 0.36099 0.49455 0.36099 0.49129 0.35776 0.48802
0 0.56573 0.48257 0.56466 0.48366 0.56034 0.48366 0.56034 0.48584 0.55927 0.48693 0.55927 0.49673 0.55819 0.49782 0.55819 0.51089 0.55711 0.51198 0.55711 0.51307 0.55603 0.51416 0.55603 0.51634 0.55711 0.51743 0.55711 0.51852 0.55819 0.51961 0.55711 0.5207 0.55711 0.52723 0.55603 0.52832 0.55603 0.52941 0.55496 0.5305 0.55496 0.53595 0.5528 0.53813 0.5528 0.54466 0.55065 0.54684 0.55065 0.55447 0.54849 0.55664 0.54634 0.55664 0.54418 0.55447 0.54418 0.55338 0.54418 0.55664 0.54203 0.55882 0.54203 0.55991 0.53987 0.56209 0.53987 0.56318 0.54095 0.56427 0.54095 0.56645 0.54203 0.56754 0.54203 0.57081 0.53879 0.57407 0.53879 0.57843 0.54095 0.58061 0.54203 0.58061 0.5431 0.5817 0.55172 0.5817 0.5528 0.58279 0.55819 0.58279 0.55927 0.5817 0.55927 0.57843 0.56034 0.57734 0.56142 0.57843 0.56142 0.58061 0.5625 0.58061 0.56358 0.5817 0.56466 0.58061 0.56466 0.57952 0.56573 0.57843 0.56573 0.57734 0.56681 0.57625 0.56681 0.57407 0.56358 0.57081 0.56358 0.56972 0.56789 0.56536 0.56789 0.56427 0.57112 0.561 0.57112 0.55447 0.57435 0.5512 0.57435 0.55011 0.57543 0.54902 0.57543 0.54793 0.57759 0.54575 0.57866 0.54575 0.57974 0.54466 0.57974 0.53704 0.58082 0.53595 0.58082 0.53486 0.5819 0.53377 0.5819 0.53268 0.58297 0.53159 0.58297 0.52614 0.5819 0.52505 0.5819 0.51961 0.58297 0.51852 0.58297 0.51307 0.5819 0.51198 0.5819 0.51089 0.58513 0.50763 0.58621 0.50763 0.58621 0.50436 0.58513 0.50327 0.58513 0.50218 0.58297 0.5 0.58297 0.49891 0.57974 0.49564 0.57974 0.48802 0.57759 0.48584 0.57759 0.48475 0.57543 0.48257
0 0.46983 0.48148 0.46767 0.48366 0.45474 0.48366 0.45366 0.48475 0.45366 0.48693 0.45043 0.4902 0.44935 0.48911 0.44935 0.48693 0.44612 0.48366 0.44504 0.48366 0.44397 0.48257 0.43534 0.48257 0.43427 0.48366 0.43319 0.48366 0.43211 0.48475 0.43211 0.48584 0.43103 0.48693 0.43103 0.4902 0.42996 0.49129 0.42996 0.49346 0.4278 0.49564 0.4278 0.49673 0.42672 0.49782 0.42672 0.50109 0.4278 0.50218 0.42888 0.50218 0.42996 0.50327 0.43211 0.50327 0.43319 0.50436 0.43427 0.50436 0.43534 0.50545 0.43966 0.50545 0.44073 0.50654 0.4472 0.50654 0.44828 0.50545 0.44935 0.50545 0.45043 0.50436 0.45151 0.50436 0.45366 0.50654 0.45366 0.50763 0.45043 0.51089 0.44935 0.51089 0.44828 0.5098 0.44504 0.5098 0.44504 0.51198 0.44612 0.51307 0.44935 0.51307 0.45366 0.51743 0.45582 0.51743 0.4569 0.51634 0.45905 0.51634 0.46013 0.51525 0.46121 0.51525 0.46228 0.51416 0.46444 0.51416 0.46552 0.51307 0.46767 0.51307 0.46875 0.51416 0.47091 0.51416 0.47198 0.51307 0.47198 0.51198 0.47306 0.51089 0.47306 0.5098 0.47414 0.50871 0.47414 0.50436 0.47522 0.50327 0.47522 0.50218 0.47629 0.50109 0.47629 0.49455 0.47522 0.49346 0.47522 0.49129 0.47414 0.4902 0.47414 0.48584 0.47522 0.48475 0.47522 0.48366 0.47414 0.48257 0.47306 0.48257 0.47198 0.48148
0 0.35776 0.44553 0.34806 0.45534 0.34806 0.45643 0.34698 0.45752 0.34698 0.45861 0.34375 0.46187 0.34375 0.46296 0.34159 0.46514 0.34159 0.46623 0.33836 0.4695 0.33836 0.47059 0.33513 0.47386 0.33513 0.47712 0.33405 0.47821 0.33405 0.48366 0.33728 0.48693 0.34159 0.48693 0.34483 0.48366 0.34483 0.48257 0.35991 0.46732 0.35991 0.46623 0.36099 0.46514 0.36099 0.46405 0.36315 0.46187 0.36315 0.45643 0.36422 0.45534 0.36422 0.45425 0.3653 0.45316 0.3653 0.4488 0.36207 0.44553
0 0.53233 0.43355 0.53125 0.43464 0.52909 0.43464 0.52802 0.43573 0.52694 0.43573 0.52586 0.43682 0.52478 0.43682 0.52155 0.44009 0.52155 0.44118 0.52047 0.44227 0.52047 0.44336 0.5194 0.44444 0.5194 0.44662 0.51832 0.44771 0.51832 0.44989 0.51724 0.45098 0.51724 0.45316 0.51616 0.45425 0.51616 0.46078 0.51724 0.46187 0.51724 0.46405 0.51832 0.46514 0.5194 0.46514 0.52155 0.46732 0.52263 0.46732 0.52478 0.4695 0.53556 0.4695 0.53664 0.46841 0.53772 0.46841 0.53879 0.46732 0.53987 0.46732 0.54203 0.46514 0.54203 0.46405 0.54418 0.46187 0.54526 0.46187 0.54634 0.46296 0.54634 0.46405 0.54741 0.46514 0.54849 0.46514 0.54957 0.46405 0.54957 0.46296 0.54849 0.46187 0.54849 0.44771 0.54203 0.44118 0.54203 0.44009 0.54095 0.439 0.54095 0.43682 0.53879 0.43464 0.53772 0.43464 0.53664 0.43355
0 0.42134 0.41503 0.42026 0.41612 0.41918 0.41612 0.41703 0.4183 0.41595 0.4183 0.41595 0.41939 0.41379 0.42157 0.41379 0.42266 0.41272 0.42375 0.41272 0.42702 0.41164 0.4281 0.41272 0.42919 0.41272 0.43137 0.41595 0.43464 0.41703 0.43464 0.4181 0.43573 0.41918 0.43573 0.42026 0.43682 0.42134 0.43682 0.42241 0.43791 0.42888 0.43791 0.42996 0.43682 0.43103 0.43682 0.43211 0.43573 0.43211 0.43355 0.43319 0.43246 0.43319 0.43028 0.43211 0.42919 0.43211 0.4281 0.43319 0.42702 0.43319 0.42484 0.43427 0.42375 0.43427 0.42048 0.43103 0.41721 0.42996 0.41721 0.42888 0.41612 0.4278 0.41612 0.42672 0.41503
0 0.48922 0.39434 0.48707 0.39651 0.48599 0.39651 0.48491 0.3976 0.48384 0.3976 0.48168 0.39978 0.48168 0.40414 0.48276 0.40523 0.48384 0.40523 0.48491 0.40632 0.48922 0.40632 0.4903 0.40741 0.49569 0.40741 0.49677 0.40632 0.49892 0.40632 0.50431 0.40087 0.50539 0.40087 0.50431 0.39978 0.50431 0.39869 0.50323 0.3976 0.50216 0.3976 0.50108 0.39651 0.5 0.39651 0.49892 0.39542 0.49461 0.39542 0.49353 0.39434
0 0.48276 0.33987 0.48168 0.34096 0.44828 0.34096 0.4472 0.34205 0.42349 0.34205 0.42241 0.34314 0.42026 0.34314 0.41918 0.34423 0.4181 0.34423 0.41703 0.34532 0.41595 0.34532 0.41487 0.34641 0.41379 0.34641 0.41272 0.34749 0.41056 0.34749 0.40948 0.34858 0.40841 0.34858 0.40733 0.34967 0.40625 0.34967 0.40517 0.35076 0.40409 0.35076 0.40302 0.35185 0.40086 0.35185 0.39978 0.35294 0.39871 0.35294 0.39763 0.35403 0.39655 0.35403 0.39547 0.35512 0.3944 0.35512 0.39332 0.35621 0.39116 0.35621 0.39009 0.3573 0.38901 0.3573 0.38793 0.35839 0.38685 0.35839 0.38578 0.35948 0.3847 0.35948 0.38362 0.36057 0.38147 0.36057 0.38039 0.36166 0.37931 0.36166 0.37823 0.36275 0.37716 0.36275 0.37608 0.36383 0.375 0.36383 0.37392 0.36492 0.37177 0.36492 0.37069 0.36601 0.36961 0.36601 0.36853 0.3671 0.36746 0.3671 0.36638 0.36819 0.3653 0.36819 0.32435 0.40959 0.32435 0.41068 0.32328 0.41176 0.32328 0.41285 0.3222 0.41394 0.3222 0.41503 0.32112 0.41612 0.32112 0.41721 0.32004 0.4183 0.32004 0.41939 0.31897 0.42048 0.31897 0.42266 0.31789 0.42375 0.31789 0.42484 0.31681 0.42593 0.31681 0.42702 0.31573 0.4281 0.31573 0.42919 0.31466 0.43028 0.31466 0.43137 0.31358 0.43246 0.31358 0.43355 0.3125 0.43464 0.3125 0.43682 0.31142 0.43791 0.31142 0.439 0.31034 0.44009 0.31034 0.44118 0.30927 0.44227 0.30927 0.44336 0.30819 0.44444 0.30819 0.44553 0.30711 0.44662 0.30711 0.4488 0.30603 0.44989 0.30603 0.45098 0.30496 0.45207 0.30496 0.45316 0.30388 0.45425 0.30388 0.45534 0.3028 0.45643 0.3028 0.45752 0.30172 0.45861 0.30172 0.45969 0.30065 0.46078 0.30065 0.46296 0.29957 0.46405 0.29957 0.46514 0.29849 0.46623 0.29849 0.46732 0.29741 0.46841 0.29741 0.4695 0.29634 0.47059 0.29634 0.47168 0.29526 0.47277 0.29526 0.47386 0.29418 0.47495 0.29418 0.49564 0.2931 0.49673 0.2931 0.53268 0.29418 0.53377 0.29418 0.53704 0.29526 0.53813 0.29526 0.54248 0.29634 0.54357 0.29634 0.54684 0.29741 0.54793 0.29741 0.55229 0.29849 0.55338 0.29849 0.55664 0.29957 0.55773 0.29957 0.56209 0.30065 0.56318 0.30065 0.56645 0.30172 0.56754 0.30172 0.5719 0.30388 0.57407 0.30388 0.57516 0.30496 0.57625 0.30496 0.57734 0.30711 0.57952 0.30711 0.58061 0.30927 0.58279 0.30927 0.58388 0.31034 0.58497 0.31034 0.58606 0.3125 0.58824 0.3125 0.58932 0.31466 0.5915 0.31466 0.59259 0.31573 0.59368 0.31573 0.59477 0.31789 0.59695 0.31789 0.59804 0.31897 0.59913 0.31897 0.60022 0.32112 0.6024 0.32112 0.60349 0.32328 0.60566 0.32328 0.60675 0.32543 0.60893 0.32651 0.60893 0.32866 0.61111 0.32974 0.61111 0.3319 0.61329 0.33297 0.61329 0.33405 0.61438 0.33513 0.61438 0.33728 0.61656 0.33836 0.61656 0.34052 0.61874 0.34159 0.61874 0.34267 0.61983 0.34375 0.61983 0.34591 0.622 0.34591 0.62309 0.36853 0.64597 0.36746 0.64706 0.36638 0.64706 0.3653 0.64815 0.36315 0.64815 0.36207 0.64924 0.36207 0.65251 0.36099 0.65359 0.36099 0.65686 0.36207 0.65795 0.36207 0.66231 0.36315 0.6634 0.36315 0.66667 0.36422 0.66776 0.36422 0.66885 0.3653 0.66885 0.36746 0.67102 0.36853 0.67102 0.37069 0.6732 0.37177 0.6732 0.37392 0.67538 0.375 0.67538 0.37608 0.67647 0.37716 0.67647 0.37823 0.67756 0.37931 0.67756 0.38039 0.67865 0.38362 0.67865 0.3847 0.67974 0.38901 0.67974 0.39009 0.68083 0.39332 0.68083 0.3944 0.67974 0.40409 0.67974 0.40517 0.67865 0.40733 0.67865 0.40841 0.67756 0.40948 0.67756 0.41056 0.67647 0.41272 0.67647 0.41487 0.67429 0.41595 0.67429 0.41918 0.67102 0.41918 0.66885 0.41703 0.66667 0.41703 0.66558 0.41595 0.66449 0.41595 0.6634 0.41487 0.66231 0.41487 0.66122 0.41379 0.66013 0.41379 0.65904 0.41272 0.65795 0.41272 0.65033 0.41379 0.64924 0.41379 0.64488 0.41487 0.64379 0.41487 0.64052 0.41595 0.63943 0.41595 0.63725 0.41703 0.63617 0.41703 0.63399 0.4181 0.6329 0.4181 0.63072 0.42026 0.62854 0.42026 0.62636 0.42134 0.62527 0.42134 0.62418 0.42241 0.62309 0.42241 0.62092 0.42349 0.61983 0.42026 0.61983 0.41918 0.62092 0.41379 0.62092 0.41272 0.622 0.41164 0.62092 0.40625 0.62092 0.40517 0.61983 0.40409 0.61983 0.40302 0.61874 0.40194 0.61874 0.39224 0.60893 0.39116 0.60893 0.39116 0.61002 0.39009 0.61111 0.39009 0.6122 0.38901 0.61329 0.38901 0.61547 0.38793 0.61656 0.38793 0.61874 0.38685 0.61983 0.38685 0.622 0.38578 0.62309 0.38578 0.62636 0.3847 0.62745 0.3847 0.62963 0.38362 0.63072 0.38362 0.6329 0.38254 0.63399 0.38254 0.63617 0.38147 0.63725 0.38147 0.63943 0.38039 0.64052 0.37931 0.64052 0.37716 0.6427 0.37608 0.6427 0.375 0.64379 0.37392 0.64379 0.37284 0.64488 0.37069 0.64488 0.36961 0.64597 0.36853 0.64597 0.36746 0.64488 0.36961 0.6427 0.37069 0.6427 0.37284 0.64052 0.37392 0.64052 0.37608 0.63834 0.37716 0.63834 0.37716 0.63617 0.37823 0.63508 0.37823 0.6329 0.37931 0.63181 0.37931 0.62854 0.38039 0.62745 0.38039 0.62418 0.38147 0.62309 0.38147 0.61983 0.38254 0.61874 0.38254 0.61547 0.38578 0.6122 0.38578 0.61111 0.38793 0.60893 0.38793 0.60784 0.39009 0.60566 0.39009 0.60458 0.39224 0.6024 0.39224 0.60131 0.3944 0.59913 0.3944 0.59804 0.39655 0.59586 0.39655 0.59477 0.39763 0.59368 0.39763 0.59259 0.39978 0.59041 0.39978 0.58932 0.40086 0.58824 0.40086 0.58715 0.40302 0.58497 0.40302 0.58388 0.40409 0.58279 0.40409 0.5817 0.40625 0.57952 0.40625 0.57843 0.40733 0.57734 0.40733 0.57625 0.40948 0.57407 0.40948 0.57298 0.40086 0.56427 0.40086 0.56318 0.39978 0.56318 0.39871 0.56209 0.3944 0.56209 0.39332 0.561 0.38685 0.561 0.38578 0.55991 0.38147 0.55991 0.38039 0.55882 0.37823 0.55882 0.37716 0.55773 0.37608 0.55773 0.375 0.55664 0.37392 0.55664 0.37284 0.55556 0.37177 0.55556 0.37069 0.55447 0.36961 0.55447 0.36853 0.55338 0.36746 0.55338 0.36638 0.55229 0.3653 0.55229 0.36422 0.5512 0.36315 0.5512 0.36099 0.54902 0.35991 0.54902 0.34914 0.53813 0.34806 0.53813 0.34698 0.53704 0.34698 0.53595 0.34591 0.53486 0.34591 0.53377 0.34483 0.53268 0.34483 0.53159 0.34375 0.5305 0.34375 0.52941 0.34267 0.52832 0.34267 0.52723 0.34159 0.52614 0.34159 0.52505 0.34052 0.52397 0.34052 0.52288 0.33944 0.52179 0.33944 0.5207 0.33836 0.51961 0.33836 0.51852 0.33728 0.51743 0.33728 0.51634 0.33621 0.51525 0.33621 0.51307 0.33513 0.51198 0.33513 0.50871 0.33405 0.50763 0.33405 0.50545 0.33297 0.50436 0.33297 0.50109 0.3319 0.5 0.3319 0.49782 0.33082 0.49673 0.33082 0.49346 0.32974 0.49237 0.32974 0.4902 0.33082 0.48911 0.33082 0.48257 0.3319 0.48148 0.3319 0.47603 0.33297 0.47495 0.33297 0.47059 0.33405 0.4695 0.33405 0.46405 0.33621 0.46187 0.33621 0.46078 0.33728 0.45969 0.33728 0.45861 0.33836 0.45752 0.33836 0.45643 0.33944 0.45534 0.33944 0.45425 0.34159 0.45207 0.34159 0.45098 0.34267 0.44989 0.34267 0.4488 0.34375 0.44771 0.34375 0.44662 0.34483 0.44553 0.34483 0.44444 0.35237 0.43682 0.35237 0.43573 0.36207 0.42593 0.36207 0.42484 0.36746 0.41939 0.36746 0.4183 0.37177 0.41394 0.37177 0.41285 0.37608 0.4085 0.37608 0.40741 0.38147 0.40196 0.38254 0.40196 0.38362 0.40087 0.3847 0.40087 0.38685 0.39869 0.38793 0.39869 0.38901 0.3976 0.39009 0.3976 0.39116 0.39651 0.39224 0.39651 0.39332 0.39542 0.3944 0.39542 0.39547 0.39434 0.39655 0.39434 0.39763 0.39325 0.39871 0.39325 0.39978 0.39216 0.40194 0.39216 0.40302 0.39107 0.40409 0.39107 0.40517 0.38998 0.40625 0.38998 0.40733 0.38889 0.40948 0.38889 0.41056 0.3878 0.41164 0.3878 0.41272 0.38671 0.41487 0.38671 0.41595 0.38562 0.41703 0.38562 0.4181 0.38453 0.42026 0.38453 0.42134 0.38344 0.42241 0.38344 0.42349 0.38235 0.42672 0.38235 0.4278 0.38126 0.43103 0.38126 0.43211 0.38017 0.43427 0.38017 0.43534 0.37908 0.43858 0.37908 0.43966 0.378 0.44181 0.378 0.44289 0.37691 0.44504 0.37691 0.44612 0.37582 0.44935 0.37582 0.45043 0.37473 0.46767 0.37473 0.46875 0.37582 0.48815 0.37582 0.48922 0.37691 0.50323 0.37691 0.50431 0.378 0.50539 0.378 0.50647 0.37908 0.50754 0.37908 0.50862 0.38017 0.5097 0.38017 0.51078 0.38126 0.51185 0.38126 0.51293 0.38235 0.51401 0.38235 0.51509 0.38344 0.51616 0.38344 0.51724 0.38453 0.51832 0.38453 0.5194 0.38562 0.52047 0.38562 0.52155 0.38671 0.52371 0.38671 0.52586 0.38889 0.52694 0.38889 0.53017 0.39216 0.53125 0.39216 0.53341 0.39434 0.53448 0.39434 0.53664 0.39651 0.53772 0.39651 0.54095 0.39978 0.54203 0.39978 0.54418 0.40196 0.54526 0.40196 0.54741 0.40414 0.54849 0.40414 0.55172 0.40741 0.5528 0.40741 0.55496 0.40959 0.55603 0.40959 0.55819 0.41176 0.55927 0.41176 0.5625 0.41503 0.5625 0.41612 0.56466 0.4183 0.56466 0.41939 0.56573 0.42048 0.56573 0.42157 0.56789 0.42375 0.56789 0.42484 0.56897 0.42593 0.56897 0.42702 0.57112 0.42919 0.57112 0.43028 0.5722 0.43137 0.5722 0.43246 0.57435 0.43464 0.57435 0.43573 0.57543 0.43682 0.57543 0.43791 0.57759 0.44009 0.57759 0.44118 0.57974 0.44336 0.57974 0.44444 0.58082 0.44553 0.58082 0.44662 0.5819 0.44771 0.5819 0.4488 0.58405 0.45098 0.58405 0.45207 0.58513 0.45316 0.58513 0.45425 0.58728 0.45643 0.58728 0.45752 0.58944 0.45969 0.58944 0.4695 0.59052 0.47059 0.59052 0.48475 0.59159 0.48584 0.59159 0.5 0.59267 0.50109 0.59267 0.51634 0.59375 0.51743 0.59375 0.52397 0.59267 0.52505 0.59267 0.52723 0.59159 0.52832 0.59159 0.5305 0.59052 0.53159 0.59052 0.53377 0.58944 0.53486 0.58944 0.53704 0.58836 0.53813 0.58836 0.54031 0.58728 0.54139 0.58728 0.54357 0.58621 0.54466 0.58621 0.54684 0.58513 0.54793 0.58513 0.55011 0.58405 0.5512 0.58405 0.55338 0.58297 0.55447 0.58297 0.55664 0.5819 0.55773 0.5819 0.55991 0.58082 0.561 0.58082 0.56318 0.57974 0.56427 0.57974 0.56536 0.57866 0.56645 0.57866 0.56754 0.57759 0.56863 0.57759 0.56972 0.57651 0.57081 0.57651 0.5719 0.57543 0.57298 0.57543 0.57407 0.57435 0.57516 0.57435 0.57625 0.5722 0.57843 0.5722 0.57952 0.57112 0.58061 0.57112 0.5817 0.57004 0.58279 0.57004 0.58388 0.56897 0.58497 0.56897 0.58606 0.56466 0.59041 0.56358 0.59041 0.5625 0.5915 0.56142 0.5915 0.55927 0.59368 0.55819 0.59368 0.55603 0.59586 0.55496 0.59586 0.55388 0.59695 0.5528 0.59695 0.55172 0.59804 0.55065 0.59804 0.54849 0.60022 0.54741 0.60022 0.54634 0.60131 0.54526 0.60131 0.5431 0.60349 0.54203 0.60349 0.54095 0.60458 0.53987 0.60458 0.53772 0.60675 0.53664 0.60675 0.53556 0.60784 0.53448 0.60784 0.53341 0.60893 0.53233 0.60893 0.53017 0.61111 0.52909 0.61111 0.52802 0.6122 0.52694 0.6122 0.52478 0.61438 0.52371 0.61438 0.52263 0.61547 0.52155 0.61547 0.52047 0.61656 0.51724 0.61656 0.51616 0.61765 0.51293 0.61765 0.51185 0.61874 0.50862 0.61874 0.50754 0.61983 0.50539 0.61983 0.50431 0.62092 0.50108 0.62092 0.5 0.622 0.49677 0.622 0.49569 0.62309 0.49246 0.62309 0.49138 0.62418 0.48922 0.62418 0.48815 0.62527 0.48491 0.62527 0.48384 0.62636 0.48168 0.62636 0.4806 0.62745 0.47737 0.62745 0.47629 0.62854 0.44181 0.62854 0.44073 0.62745 0.42996 0.62745 0.42888 0.62636 0.42349 0.62636 0.42349 0.62854 0.42241 0.62963 0.42241 0.63072 0.42134 0.63181 0.42134 0.63399 0.42026 0.63508 0.42026 0.63725 0.41918 0.63834 0.41918 0.63943 0.4181 0.64052 0.4181 0.64488 0.41703 0.64597 0.41703 0.65686 0.4181 0.65795 0.41918 0.65795 0.42672 0.66558 0.42888 0.66558 0.42996 0.66667 0.43319 0.66667 0.43427 0.66776 0.43858 0.66776 0.43966 0.66885 0.44289 0.66885 0.44397 0.66993 0.44828 0.66993 0.44935 0.67102 0.45259 0.67102 0.45366 0.67211 0.4569 0.67211 0.45797 0.6732 0.46228 0.6732 0.46336 0.67429 0.46659 0.67429 0.46767 0.67538 0.47091 0.67538 0.47198 0.67647 0.47629 0.67647 0.47737 0.67756 0.4806 0.67756 0.48168 0.67865 0.48491 0.67865 0.48599 0.67974 0.4903 0.67974 0.49138 0.68083 0.49677 0.68083 0.49784 0.67974 0.5 0.67974 0.50108 0.67865 0.50323 0.67865 0.50431 0.67756 0.50647 0.67756 0.50754 0.67647 0.50862 0.67647 0.5097 0.67538 0.51185 0.67538 0.51293 0.67429 0.51509 0.67429 0.51616 0.6732 0.51832 0.6732 0.5194 0.67211 0.52155 0.67211 0.52263 0.67102 0.52478 0.67102 0.52586 0.66993 0.52802 0.66993 0.52909 0.66885 0.53125 0.66885 0.53233 0.66776 0.53448 0.66776 0.53556 0.66667 0.53664 0.66667 0.53772 0.66558 0.53987 0.66558 0.54095 0.66449 0.5431 0.66449 0.54418 0.6634 0.54634 0.6634 0.54741 0.66231 0.54957 0.66231 0.55065 0.66122 0.5528 0.66122 0.55388 0.66013 0.55603 0.66013 0.55711 0.65904 0.55819 0.65904 0.5625 0.65468 0.56358 0.65468 0.57435 0.64379 0.57543 0.64379 0.58405 0.63508 0.58513 0.63508 0.59483 0.62527 0.59591 0.62527 0.59806 0.62309 0.59806 0.622 0.60022 0.61983 0.60022 0.61874 0.60129 0.61765 0.60129 0.61656 0.60345 0.61438 0.60345 0.61329 0.60453 0.6122 0.60453 0.61111 0.6056 0.61002 0.6056 0.60893 0.60776 0.60675 0.60776 0.60566 0.60884 0.60458 0.60884 0.60349 0.60991 0.6024 0.60991 0.60131 0.61207 0.59913 0.61207 0.59804 0.61315 0.59695 0.61315 0.59586 0.61422 0.59477 0.61422 0.59368 0.61638 0.5915 0.61638 0.59041 0.61746 0.58932 0.61746 0.58824 0.61961 0.58606 0.61961 0.58388 0.62069 0.58279 0.62069 0.54031 0.61961 0.53922 0.61961 0.51743 0.62177 0.51525 0.62284 0.51525 0.62392 0.51416 0.625 0.51416 0.62608 0.51307 0.62716 0.51307 0.62823 0.51198 0.62931 0.51198 0.63147 0.5098 0.63254 0.5098 0.63362 0.50871 0.6347 0.50871 0.6347 0.50763 0.63578 0.50654 0.63578 0.50545 0.63685 0.50436 0.63685 0.50327 0.63793 0.50218 0.63793 0.5 0.64009 0.49782 0.64009 0.49673 0.64116 0.49564 0.64116 0.49455 0.64224 0.49346 0.64224 0.49129 0.64332 0.4902 0.64332 0.48911 0.6444 0.48802 0.6444 0.48693 0.64547 0.48584 0.64547 0.48475 0.64655 0.48366 0.64655 0.48257 0.64763 0.48148 0.64763 0.4793 0.64871 0.47821 0.64871 0.47495 0.64978 0.47386 0.64978 0.47168 0.65086 0.47059 0.65086 0.46841 0.65194 0.46732 0.65194 0.46514 0.65302 0.46405 0.65302 0.45861 0.65194 0.45752 0.65194 0.44771 0.65086 0.44662 0.65086 0.44009 0.64871 0.43791 0.64871 0.43682 0.6444 0.43246 0.6444 0.43137 0.64009 0.42702 0.64009 0.42593 0.63578 0.42157 0.63578 0.42048 0.63362 0.4183 0.63147 0.4183 0.63039 0.41721 0.62931 0.41721 0.62823 0.41612 0.62608 0.41612 0.625 0.41503 0.62284 0.41503 0.62177 0.41394 0.61961 0.41394 0.61853 0.41285 0.61746 0.41285 0.61638 0.41176 0.61422 0.41176 0.61315 0.41068 0.60884 0.41068 0.60776 0.40959 0.60345 0.40959 0.60237 0.4085 0.59806 0.4085 0.59698 0.40741 0.59267 0.40741 0.59159 0.40632 0.58836 0.40632 0.58513 0.40305 0.58513 0.40196 0.58405 0.40087 0.58405 0.39978 0.5819 0.3976 0.5819 0.39651 0.58082 0.39542 0.58082 0.39434 0.57974 0.39325 0.57974 0.39216 0.57759 0.38998 0.57759 0.38889 0.57651 0.3878 0.57651 0.38671 0.57435 0.38453 0.57435 0.38344 0.57328 0.38235 0.57328 0.38126 0.57112 0.37908 0.57112 0.378 0.56897 0.37582 0.56897 0.37473 0.56573 0.37146 0.56573 0.37037 0.5625 0.3671 0.5625 0.36601 0.55927 0.36275 0.55927 0.36166 0.55603 0.35839 0.55603 0.3573 0.5528 0.35403 0.5528 0.35294 0.54957 0.34967 0.54526 0.34967 0.54418 0.34858 0.53879 0.34858 0.53772 0.34749 0.53233 0.34749 0.53125 0.34641 0.52586 0.34641 0.52478 0.34532 0.51832 0.34532 0.51724 0.34423 0.51185 0.34423 0.51078 0.34314 0.50539 0.34314 0.50431 0.34205 0.49892 0.34205 0.49784 0.34096 0.49138 0.34096 0.4903 0.33987
0 0.77478 0.32789 0.77371 0.32898 0.77047 0.32898 0.76724 0.33224 0.76509 0.33224 0.76293 0.33007 0.76293 0.33115 0.76078 0.33333 0.76293 0.33551 0.76401 0.33551 0.76509 0.33442 0.76724 0.33442 0.76832 0.33551 0.76832 0.33769 0.76724 0.33878 0.76185 0.33878 0.7597 0.34096 0.75754 0.34096 0.75647 0.34205 0.75431 0.34205 0.75216 0.34423 0.75108 0.34423 0.74784 0.34096 0.74677 0.34096 0.74138 0.34641 0.7403 0.34641 0.73815 0.34858 0.73815 0.34967 0.7403 0.35185 0.7403 0.35294 0.73815 0.35512 0.73707 0.35512 0.73599 0.35621 0.73491 0.35621 0.73384 0.35512 0.7306 0.35512 0.72953 0.35621 0.72414 0.35621 0.72306 0.3573 0.72198 0.3573 0.72091 0.35839 0.71983 0.35839 0.71875 0.3573 0.71336 0.3573 0.71228 0.35839 0.70905 0.35839 0.70797 0.35948 0.7069 0.35948 0.70474 0.36166 0.70259 0.36166 0.70151 0.36057 0.70043 0.36057 0.70043 0.36166 0.6972 0.36492 0.69828 0.36601 0.69828 0.36928 0.69397 0.37364 0.69397 0.37473 0.69289 0.37582 0.69289 0.378 0.69181 0.37908 0.69181 0.38017 0.69073 0.38126 0.69073 0.38453 0.68858 0.38671 0.68534 0.38671 0.68427 0.3878 0.68427 0.38889 0.67672 0.39651 0.67672 0.40087 0.67565 0.40196 0.67565 0.40741 0.67457 0.4085 0.67457 0.40959 0.67565 0.41068 0.67565 0.4183 0.67457 0.41939 0.67457 0.43682 0.67565 0.43791 0.67565 0.45207 0.67457 0.45316 0.67457 0.46732 0.67565 0.46841 0.67565 0.47168 0.67672 0.47277 0.67672 0.47495 0.6778 0.47603 0.6778 0.48366 0.67888 0.48475 0.67888 0.48693 0.68211 0.4902 0.68211 0.49129 0.68319 0.49237 0.68319 0.49346 0.68427 0.49455 0.68427 0.49564 0.68534 0.49673 0.68534 0.49782 0.68642 0.49891 0.6875 0.49891 0.68858 0.5 0.68966 0.5 0.69073 0.50109 0.69181 0.50109 0.69289 0.50218 0.6972 0.50218 0.69828 0.50327 0.70151 0.50327 0.70259 0.50218 0.70905 0.50218 0.71013 0.50327 0.71228 0.50327 0.71336 0.50436 0.71444 0.50436 0.71552 0.50545 0.71983 0.50545 0.72091 0.50654 0.72198 0.50654 0.72414 0.50871 0.72414 0.51089 0.72522 0.51198 0.72629 0.51198 0.72737 0.51307 0.72737 0.51416 0.72845 0.51525 0.7306 0.51525 0.73168 0.51634 0.73276 0.51634 0.73384 0.51525 0.73491 0.51525 0.73599 0.51416 0.73707 0.51525 0.73922 0.51525 0.7403 0.51634 0.74892 0.51634 0.75 0.51525 0.75216 0.51525 0.75323 0.51416 0.76509 0.51416 0.76616 0.51525 0.76832 0.51525 0.7694 0.51634 0.77047 0.51634 0.77155 0.51743 0.77263 0.51743 0.77371 0.51852 0.77586 0.51852 0.77694 0.51961 0.78017 0.51961 0.78125 0.51852 0.78772 0.51852 0.78879 0.51743 0.79418 0.51743 0.79526 0.51634 0.79849 0.51634 0.79957 0.51525 0.80065 0.51525 0.80172 0.51416 0.80496 0.51416 0.80603 0.51307 0.80711 0.51307 0.80819 0.51198 0.80927 0.51198 0.81034 0.51089 0.8125 0.51089 0.81573 0.50763 0.81681 0.50763 0.81789 0.50654 0.82004 0.50654 0.82112 0.50545 0.82543 0.50545 0.82651 0.50436 0.82974 0.50436 0.83082 0.50327 0.83297 0.50327 0.83405 0.50218 0.83405 0.50109 0.83836 0.49673 0.83944 0.49673 0.84052 0.49564 0.84052 0.49455 0.84159 0.49346 0.84483 0.49346 0.84483 0.49237 0.84914 0.48802 0.84914 0.48693 0.85022 0.48584 0.85022 0.48475 0.85345 0.48148 0.85345 0.48039 0.85453 0.4793 0.85345 0.47821 0.85345 0.47386 0.85453 0.47277 0.85453 0.4695 0.85345 0.46841 0.85345 0.45643 0.85237 0.45534 0.85237 0.45425 0.85129 0.45316 0.85129 0.45207 0.84806 0.4488 0.84806 0.44771 0.84914 0.44662 0.84914 0.44227 0.84806 0.44118 0.84806 0.43682 0.84698 0.43573 0.84698 0.43028 0.84806 0.42919 0.84806 0.42702 0.84698 0.42593 0.84698 0.41503 0.84806 0.41394 0.84806 0.41068 0.84698 0.40959 0.84698 0.40414 0.84591 0.40305 0.84591 0.40196 0.84483 0.40087 0.84483 0.39651 0.84159 0.39651 0.84052 0.39542 0.84052 0.39434 0.83944 0.39325 0.83944 0.39107 0.83728 0.38889 0.83728 0.38671 0.83621 0.38562 0.83621 0.38344 0.83728 0.38235 0.83728 0.38126 0.83621 0.38017 0.83513 0.38017 0.83082 0.37582 0.83082 0.37473 0.82974 0.37364 0.82974 0.37255 0.82866 0.37146 0.82759 0.37146 0.82651 0.37037 0.82651 0.36928 0.82543 0.36819 0.82543 0.36601 0.82435 0.36492 0.82435 0.36383 0.82543 0.36275 0.82543 0.3573 0.82435 0.35621 0.82435 0.35512 0.82328 0.35403 0.82328 0.35294 0.8222 0.35185 0.8222 0.34967 0.82004 0.34749 0.82004 0.34641 0.81358 0.33987 0.80927 0.33987 0.80819 0.33878 0.80496 0.33878 0.8028 0.3366 0.8028 0.33224 0.79957 0.32898 0.79203 0.32898 0.79095 0.33007 0.78448 0.33007 0.78341 0.33115 0.78233 0.33115 0.77909 0.32789
0 0.81681 0.24619 0.81573 0.24728 0.80927 0.24728 0.80819 0.24837 0.8028 0.24837 0.80172 0.24946 0.79634 0.24946 0.79526 0.25054 0.78987 0.25054 0.78879 0.25163 0.78664 0.25163 0.78556 0.25272 0.78448 0.25272 0.78341 0.25381 0.78233 0.25381 0.78017 0.25599 0.77909 0.25599 0.77802 0.25708 0.77694 0.25708 0.77478 0.25926 0.77371 0.25926 0.77263 0.26035 0.77155 0.26035 0.77047 0.26144 0.7694 0.26144 0.76724 0.26362 0.76616 0.26362 0.76509 0.26471 0.76401 0.26471 0.76185 0.26688 0.76078 0.26688 0.7597 0.26797 0.75862 0.26797 0.75754 0.26906 0.75754 0.27015 0.75539 0.27233 0.75539 0.27342 0.75216 0.27669 0.75216 0.27778 0.75 0.27996 0.75 0.28105 0.74784 0.28322 0.74784 0.28431 0.74569 0.28649 0.74569 0.28758 0.74246 0.29085 0.74246 0.29194 0.7403 0.29412 0.7403 0.29521 0.73922 0.2963 0.73922 0.29739 0.73815 0.29847 0.73815 0.29956 0.73707 0.30065 0.73707 0.30283 0.73599 0.30392 0.73599 0.30501 0.73491 0.3061 0.73491 0.30719 0.73384 0.30828 0.73384 0.30937 0.73276 0.31046 0.73276 0.31155 0.73168 0.31264 0.73168 0.31373 0.7306 0.31481 0.7306 0.3159 0.72953 0.31699 0.72953 0.31808 0.72845 0.31917 0.72629 0.31917 0.72522 0.32026 0.72414 0.32026 0.72306 0.32135 0.72198 0.32135 0.72091 0.32244 0.71875 0.32244 0.71767 0.32353 0.71659 0.32353 0.71552 0.32462 0.71444 0.32462 0.71336 0.32571 0.71228 0.32571 0.71121 0.3268 0.70905 0.3268 0.70797 0.32789 0.7069 0.32789 0.70582 0.32898 0.70474 0.32898 0.70366 0.33007 0.70259 0.33007 0.70151 0.33115 0.70043 0.33115 0.69935 0.33224 0.6972 0.33224 0.69612 0.33333 0.69504 0.33333 0.69397 0.33442 0.69181 0.33442 0.69073 0.33551 0.68966 0.33551 0.68858 0.3366 0.6875 0.3366 0.68642 0.33769 0.68427 0.33769 0.68319 0.33878 0.68211 0.33878 0.68103 0.33987 0.67996 0.33987 0.67888 0.34096 0.67672 0.34096 0.67565 0.34205 0.67241 0.34205 0.67134 0.34314 0.6681 0.34314 0.66703 0.34423 0.66379 0.34423 0.66272 0.34532 0.65948 0.34532 0.65841 0.34641 0.65625 0.34641 0.65625 0.34749 0.65409 0.34967 0.65409 0.35076 0.65302 0.35185 0.65302 0.35294 0.65086 0.35512 0.65086 0.35621 0.64978 0.3573 0.64978 0.35839 0.64763 0.36057 0.64763 0.36166 0.64655 0.36275 0.64655 0.36383 0.64547 0.36492 0.64547 0.3671 0.6444 0.36819 0.6444 0.37037 0.64332 0.37146 0.64332 0.37364 0.64224 0.37473 0.64224 0.37691 0.64116 0.378 0.64116 0.38017 0.64009 0.38126 0.63901 0.38017 0.63147 0.38017 0.63039 0.37908 0.61638 0.37908 0.6153 0.378 0.59698 0.378 0.59591 0.37691 0.58836 0.37691 0.58728 0.378 0.58728 0.38017 0.58621 0.38126 0.58621 0.38344 0.58513 0.38453 0.58513 0.38671 0.58405 0.3878 0.58405 0.38998 0.58297 0.39107 0.58297 0.39216 0.58944 0.39869 0.58944 0.39978 0.59375 0.40414 0.63362 0.40414 0.6347 0.40305 0.64332 0.40305 0.65625 0.38998 0.65625 0.38889 0.65733 0.3878 0.65733 0.38562 0.65841 0.38453 0.65841 0.38344 0.65948 0.38235 0.65948 0.38017 0.66056 0.37908 0.66056 0.378 0.66164 0.37691 0.66164 0.37582 0.66272 0.37473 0.66272 0.37255 0.66379 0.37146 0.66379 0.37037 0.66487 0.36928 0.66487 0.3671 0.66595 0.36601 0.66703 0.36601 0.6681 0.36492 0.67026 0.36492 0.67134 0.36383 0.67241 0.36383 0.67349 0.36275 0.67565 0.36275 0.67672 0.36166 0.6778 0.36166 0.67888 0.36057 0.68103 0.36057 0.68211 0.35948 0.68427 0.35948 0.68534 0.35839 0.6875 0.35839 0.68858 0.3573 0.69073 0.3573 0.69181 0.35621 0.69289 0.35621 0.69612 0.35294 0.6972 0.35294 0.69935 0.35076 0.70043 0.35076 0.70259 0.34858 0.70366 0.34858 0.7069 0.34532 0.70797 0.34532 0.70905 0.34423 0.71013 0.34423 0.71121 0.34314 0.71336 0.34314 0.71444 0.34205 0.71767 0.34205 0.71875 0.34096 0.72091 0.34096 0.72198 0.33987 0.72306 0.33987 0.72414 0.33878 0.72522 0.33878 0.72845 0.33551 0.72953 0.33551 0.73276 0.33224 0.73384 0.33224 0.73707 0.32898 0.73815 0.32898 0.74138 0.32571 0.74246 0.32571 0.74677 0.32135 0.74784 0.32135 0.75216 0.31699 0.75323 0.31699 0.75754 0.31264 0.75862 0.31264 0.76293 0.30828 0.76724 0.30828 0.76832 0.30719 0.77155 0.30719 0.77263 0.3061 0.77694 0.3061 0.77802 0.30501 0.78125 0.30501 0.78233 0.30392 0.82328 0.30392 0.82435 0.30501 0.83082 0.30501 0.8319 0.3061 0.83836 0.3061 0.83944 0.30719 0.84591 0.30719 0.84698 0.30828 0.85345 0.30828 0.85453 0.30937 0.85991 0.30937 0.85884 0.30828 0.85884 0.30719 0.85668 0.30501 0.85668 0.30392 0.85453 0.30174 0.85453 0.30065 0.85345 0.29956 0.85345 0.29847 0.85129 0.2963 0.85129 0.29521 0.84914 0.29303 0.84914 0.29194 0.84698 0.28976 0.84698 0.28867 0.84591 0.28758 0.84591 0.28649 0.84375 0.28431 0.84375 0.28322 0.84159 0.28105 0.84159 0.27996 0.84052 0.27887 0.84052 0.27778 0.83836 0.2756 0.83836 0.27451 0.83621 0.27233 0.83621 0.27124 0.83405 0.26906 0.83405 0.26797 0.8319 0.2658 0.8319 0.26471 0.82974 0.26253 0.82974 0.26144 0.82759 0.25926 0.82759 0.25817 0.82543 0.25599 0.82543 0.2549 0.82328 0.25272 0.82328 0.25163 0.82112 0.24946 0.82112 0.24837 0.81897 0.24619
