0 0.59766 0.59375 0.59766 0.5957 0.5957 0.59766 0.5957 0.59961 0.59375 0.60156 0.59375 0.62305 0.5918 0.625 0.58984 0.625 0.58984 0.62695 0.58008 0.63672 0.57812 0.63672 0.60547 0.63672 0.60742 0.63867 0.61328 0.63867 0.61328 0.62891 0.61133 0.62695 0.61328 0.625 0.61328 0.62109 0.60938 0.61719 0.60938 0.61523 0.60742 0.61328 0.60742 0.61133 0.60547 0.60938 0.60547 0.60547 0.60352 0.60352 0.60352 0.59375
0 0.66797 0.51562 0.66602 0.51758 0.66602 0.51953 0.66211 0.52344 0.66211 0.5293 0.66016 0.53125 0.66016 0.5332 0.6582 0.53516 0.6582 0.53711 0.6543 0.54102 0.65234 0.53906 0.65234 0.53711 0.64844 0.53711 0.64258 0.53125 0.64258 0.5293 0.64062 0.52734 0.63477 0.52734 0.63086 0.53125 0.62891 0.53125 0.62891 0.5332 0.62695 0.53516 0.62695 0.54102 0.62891 0.54297 0.62891 0.54492 0.63867 0.54492 0.64453 0.55078 0.64648 0.55078 0.64844 0.54883 0.65039 0.54883 0.65234 0.55078 0.6543 0.55078 0.65625 0.55273 0.6582 0.55273 0.66016 0.55469 0.66406 0.55078 0.66406 0.54883 0.66602 0.54688 0.66602 0.54492 0.66797 0.54297 0.66797 0.54102 0.66992 0.53906 0.67383 0.54297 0.67773 0.54297 0.67969 0.54492 0.68164 0.54297 0.68555 0.54297 0.6875 0.54102 0.6875 0.53516 0.68555 0.5332 0.6875 0.53125 0.68555 0.5293 0.68555 0.52734 0.68164 0.52344 0.68164 0.52148 0.67773 0.51758 0.67773 0.51562
0 0.57227 0.48633 0.57031 0.48828 0.56445 0.48828 0.5625 0.49023 0.5625 0.49219 0.56055 0.49414 0.56055 0.49609 0.55859 0.49805 0.55859 0.5 0.55664 0.50195 0.55664 0.50391 0.55469 0.50586 0.55469 0.51172 0.55273 0.51367 0.55078 0.51367 0.54883 0.51172 0.54883 0.50977 0.54688 0.50781 0.54492 0.50977 0.54492 0.51172 0.54102 0.51562 0.54102 0.5293 0.53906 0.53125 0.53906 0.53711 0.54102 0.53906 0.54102 0.54102 0.54297 0.54297 0.55273 0.54297 0.55664 0.54688 0.55664 0.54883 0.55859 0.55078 0.56055 0.54883 0.5625 0.54883 0.56641 0.54492 0.56836 0.54492 0.57031 0.54688 0.57031 0.54883 0.57227 0.54883 0.57422 0.54688 0.57617 0.54688 0.57812 0.54883 0.58008 0.54688 0.58008 0.54492 0.58203 0.54297 0.58594 0.54297 0.58789 0.54102 0.58984 0.54102 0.58789 0.53906 0.58789 0.53125 0.5918 0.52734 0.5918 0.52344 0.58789 0.52344 0.58594 0.52148 0.58594 0.51953 0.58398 0.51758 0.58398 0.51367 0.58594 0.51172 0.58594 0.50586 0.58203 0.50195 0.58203 0.49609 0.58008 0.49414 0.58203 0.49219 0.58008 0.49023 0.58008 0.48828 0.57422 0.48828
0 0.41602 0.46289 0.41406 0.46484 0.40234 0.46484 0.40039 0.4668 0.40039 0.47266 0.39844 0.47461 0.39844 0.47852 0.39648 0.48047 0.39648 0.48828 0.39453 0.49023 0.39453 0.49219 0.39648 0.49414 0.39648 0.49609 0.39453 0.49805 0.39648 0.5 0.39648 0.50391 0.39453 0.50586 0.39648 0.50781 0.39648 0.52539 0.39844 0.52734 0.39844 0.5293 0.39648 0.53125 0.39648 0.5332 0.39453 0.53516 0.39453 0.53711 0.39258 0.53906 0.39258 0.54102 0.39648 0.54492 0.39648 0.54883 0.39844 0.55078 0.40234 0.55078 0.4043 0.55273 0.4043 0.55469 0.40625 0.55469 0.4082 0.55664 0.41016 0.55664 0.41602 0.5625 0.41602 0.56641 0.41992 0.57031 0.41992 0.57227 0.42188 0.57422 0.42188 0.58594 0.42383 0.58789 0.42383 0.58984 0.42969 0.58984 0.43164 0.58789 0.44727 0.58789 0.44922 0.58594 0.44922 0.58398 0.44727 0.58203 0.44727 0.58008 0.44531 0.57812 0.44531 0.57617 0.43555 0.56641 0.43555 0.5625 0.43359 0.56055 0.43359 0.55859 0.43164 0.55664 0.43164 0.55469 0.42773 0.55078 0.42773 0.54688 0.42578 0.54492 0.42578 0.52734 0.42383 0.52734 0.42188 0.52539 0.42188 0.52344 0.41992 0.52148 0.41992 0.51758 0.41797 0.51562 0.41797 0.51367 0.41602 0.51367 0.41406 0.51172 0.41406 0.49023 0.41602 0.48828 0.41602 0.48633 0.41992 0.48242 0.41992 0.48047 0.42773 0.47266 0.42773 0.46875 0.42578 0.46875 0.42188 0.46484 0.41797 0.46484
0 0.46094 0.41406 0.46094 0.41797 0.45312 0.42578 0.45117 0.42578 0.45117 0.42773 0.44922 0.42969 0.45117 0.43164 0.45117 0.44531 0.45312 0.44727 0.45312 0.44922 0.45508 0.44922 0.45703 0.45117 0.45898 0.45117 0.46094 0.45312 0.46484 0.45312 0.46875 0.45703 0.47266 0.45703 0.47461 0.45508 0.47852 0.45508 0.48047 0.45312 0.48242 0.45312 0.48242 0.45117 0.48438 0.44922 0.48438 0.44727 0.48633 0.44531 0.48633 0.44336 0.48438 0.44141 0.48438 0.43359 0.48242 0.43164 0.48242 0.42578 0.48047 0.42383 0.48047 0.42188 0.47852 0.42188 0.47656 0.41992 0.47461 0.41992 0.47266 0.41797 0.4707 0.41797 0.46875 0.41602 0.46875 0.41406
0 0.59766 0.41211 0.5957 0.41406 0.5918 0.41406 0.58984 0.41602 0.58984 0.41992 0.58789 0.42188 0.58789 0.42773 0.58594 0.42969 0.58594 0.4375 0.58789 0.43945 0.58984 0.43945 0.5918 0.44141 0.5918 0.44336 0.58984 0.44531 0.5918 0.44727 0.5918 0.44922 0.59375 0.45117 0.59375 0.45312 0.5918 0.45508 0.59375 0.45703 0.59375 0.46094 0.5957 0.46094 0.59766 0.45898 0.59961 0.45898 0.60156 0.45703 0.60156 0.45508 0.60352 0.45312 0.60352 0.44922 0.60156 0.44727 0.60156 0.43945 0.60547 0.43555 0.60938 0.43555 0.61133 0.43359 0.61133 0.43164 0.61328 0.42969 0.61523 0.42969 0.61523 0.42578 0.61328 0.42383 0.61328 0.42188 0.61133 0.41992 0.61133 0.41797 0.60938 0.41602 0.60938 0.41406 0.60742 0.41406 0.60547 0.41211
0 0.51367 0.37305 0.51172 0.375 0.50977 0.375 0.50781 0.37695 0.50586 0.37695 0.50586 0.38281 0.50977 0.38672 0.50977 0.38867 0.51172 0.39062 0.51172 0.39844 0.50977 0.40039 0.51367 0.4043 0.51562 0.40234 0.52148 0.4082 0.52344 0.4082 0.52539 0.40625 0.5293 0.40625 0.53125 0.4043 0.53125 0.40234 0.5332 0.40039 0.53516 0.40039 0.53516 0.39648 0.53125 0.39258 0.5332 0.39062 0.53711 0.39062 0.53711 0.38477 0.53516 0.38477 0.5293 0.37891 0.5293 0.37695 0.52344 0.37695 0.52148 0.375 0.51562 0.375
0 0.54297 0.30859 0.54102 0.31055 0.48438 0.31055 0.48047 0.31445 0.47461 0.31445 0.47266 0.31641 0.46484 0.31641 0.46289 0.31836 0.45703 0.31836 0.45508 0.32031 0.44922 0.32031 0.44727 0.32227 0.44336 0.32227 0.44141 0.32422 0.4375 0.32422 0.43555 0.32617 0.43164 0.32617 0.43164 0.33008 0.42969 0.33203 0.42969 0.34375 0.42773 0.3457 0.42773 0.35938 0.42578 0.36133 0.42578 0.36914 0.42188 0.37305 0.42188 0.375 0.41602 0.38086 0.41602 0.38281 0.41211 0.38672 0.41211 0.39062 0.41016 0.39258 0.4082 0.39258 0.4082 0.39453 0.40625 0.39648 0.4043 0.39453 0.39844 0.39453 0.39648 0.39258 0.38867 0.39258 0.38672 0.39062 0.38086 0.39062 0.37891 0.38867 0.37891 0.38672 0.37305 0.38672 0.37109 0.38477 0.36523 0.38477 0.36328 0.38281 0.35742 0.38281 0.35547 0.38086 0.34961 0.38086 0.34766 0.37891 0.3418 0.37891 0.33789 0.38281 0.33789 0.38477 0.33398 0.38867 0.33398 0.39258 0.32812 0.39844 0.32812 0.40039 0.32422 0.4043 0.32422 0.40625 0.32227 0.4082 0.32227 0.41016 0.31836 0.41406 0.31836 0.41797 0.31445 0.42188 0.31445 0.42969 0.3125 0.43164 0.3125 0.43945 0.31055 0.44141 0.31055 0.44727 0.30664 0.45117 0.30664 0.45508 0.30859 0.45703 0.30859 0.45898 0.31055 0.46094 0.31055 0.46289 0.3125 0.46484 0.3125 0.4668 0.31445 0.46875 0.31445 0.4707 0.31836 0.47461 0.31836 0.47656 0.32031 0.47852 0.32031 0.48047 0.32227 0.48242 0.32227 0.48438 0.32617 0.48828 0.32812 0.48828 0.33594 0.49609 0.33789 0.49609 0.34375 0.50195 0.3418 0.50391 0.3418 0.50977 0.33789 0.51367 0.33594 0.51367 0.33203 0.51758 0.32617 0.51758 0.32227 0.52148 0.31836 0.52148 0.31641 0.52344 0.3125 0.52344 0.31055 0.52539 0.30664 0.52539 0.30469 0.52734 0.30273 0.52539 0.29883 0.52539 0.29492 0.52148 0.29102 0.52148 0.28516 0.51562 0.2832 0.51562 0.28125 0.51367 0.2793 0.51367 0.27734 0.51172 0.27344 0.51172 0.27148 0.50977 0.27148 0.50781 0.26758 0.50781 0.26758 0.50977 0.26562 0.51172 0.26367 0.51172 0.26172 0.51367 0.25781 0.51367 0.25586 0.51562 0.25391 0.51562 0.24805 0.52148 0.24414 0.52148 0.24219 0.52344 0.23047 0.52344 0.22852 0.52148 0.22266 0.52148 0.2207 0.51953 0.21484 0.51953 0.21289 0.51758 0.21094 0.51758 0.20898 0.51953 0.20703 0.51953 0.20508 0.51758 0.17969 0.51758 0.17773 0.51562 0.16016 0.51562 0.1582 0.51367 0.15625 0.51367 0.15039 0.50781 0.14844 0.50781 0.14453 0.50391 0.14062 0.50391 0.13867 0.50195 0.13281 0.50195 0.13086 0.5 0.13086 0.49805 0.12305 0.49805 0.12109 0.49609 0.11523 0.49609 0.11328 0.49414 0.10547 0.49414 0.10352 0.49609 0.09961 0.49609 0.09766 0.49805 0.0957 0.49805 0.0918 0.50195 0.08789 0.50195 0.08594 0.50391 0.08398 0.50391 0.08203 0.50586 0.08008 0.50586 0.07812 0.50781 0.07812 0.51562 0.07617 0.51758 0.07617 0.53125 0.07422 0.5332 0.07422 0.54102 0.07227 0.54297 0.07227 0.54883 0.07031 0.55078 0.07031 0.55859 0.07617 0.56445 0.07422 0.56641 0.07812 0.57031 0.07812 0.57227 0.08008 0.57422 0.08008 0.57617 0.08398 0.58008 0.08398 0.58203 0.08594 0.58398 0.08594 0.58594 0.08789 0.58594 0.08984 0.58789 0.0918 0.58789 0.09375 0.58984 0.0957 0.58984 0.09766 0.5918 0.09961 0.5918 0.10352 0.5957 0.10742 0.5957 0.11133 0.59961 0.11328 0.59961 0.11719 0.60352 0.11719 0.60547 0.12109 0.60547 0.12891 0.61328 0.13086 0.61328 0.13672 0.61914 0.13867 0.61914 0.14062 0.62109 0.14062 0.62305 0.14453 0.62305 0.15039 0.62891 0.15234 0.62891 0.1582 0.63477 0.16016 0.63477 0.16406 0.63867 0.16602 0.63867 0.17188 0.64453 0.17578 0.64453 0.17773 0.64258 0.17773 0.64062 0.18359 0.63477 0.18359 0.63086 0.18945 0.625 0.18945 0.62305 0.19141 0.62109 0.19141 0.60742 0.19336 0.60547 0.19336 0.59375 0.20117 0.58594 0.20117 0.58398 0.20508 0.58008 0.20703 0.58008 0.20703 0.57812 0.21484 0.57031 0.24609 0.57031 0.25 0.56641 0.25195 0.56641 0.25781 0.56055 0.25977 0.56055 0.26367 0.55664 0.26367 0.55469 0.26562 0.55273 0.26953 0.55273 0.26953 0.55078 0.27734 0.54297 0.28516 0.54297 0.28711 0.54492 0.30273 0.54492 0.30469 0.54688 0.30273 0.54883 0.30469 0.54883 0.30664 0.54688 0.30859 0.54688 0.31055 0.54492 0.3125 0.54492 0.31445 0.54297 0.31641 0.54297 0.31836 0.54102 0.32031 0.54102 0.32227 0.53906 0.32422 0.53906 0.32812 0.53516 0.33008 0.53516 0.33203 0.5332 0.33398 0.5332 0.33594 0.53516 0.33594 0.53906 0.33398 0.54102 0.33398 0.54883 0.33203 0.55078 0.33203 0.55273 0.33008 0.55469 0.33008 0.55859 0.33594 0.56445 0.33594 0.57031 0.33789 0.57227 0.33789 0.57617 0.3418 0.58008 0.3418 0.58398 0.34375 0.58594 0.34375 0.5918 0.3457 0.59375 0.3457 0.5957 0.34961 0.59961 0.34961 0.60547 0.35156 0.60742 0.35156 0.60938 0.35352 0.61133 0.35352 0.61328 0.35547 0.61328 0.35742 0.61523 0.35742 0.61914 0.35938 0.62109 0.35938 0.62305 0.36133 0.625 0.36133 0.62695 0.36523 0.63086 0.36523 0.63477 0.36719 0.63672 0.36719 0.63867 0.36914 0.64062 0.36914 0.64453 0.37109 0.64453 0.37695 0.65039 0.37891 0.65039 0.38281 0.6543 0.38672 0.6543 0.39258 0.66016 0.39453 0.66016 0.39844 0.66406 0.40234 0.66406 0.40625 0.66797 0.40625 0.66992 0.41016 0.66992 0.41406 0.67383 0.41797 0.67383 0.42383 0.67969 0.42578 0.67969 0.42773 0.68164 0.43359 0.68164 0.43555 0.68359 0.4375 0.68359 0.43945 0.68555 0.44141 0.68555 0.44531 0.68945 0.45117 0.68945 0.45312 0.69141 0.45703 0.69141 0.45898 0.69336 0.46094 0.69336 0.46289 0.69531 0.4668 0.69531 0.46875 0.69727 0.46875 0.69922 0.47461 0.69922 0.47656 0.70117 0.48047 0.70117 0.48438 0.70508 0.48828 0.70508 0.49023 0.70312 0.49219 0.70508 0.52344 0.70508 0.52539 0.70703 0.52734 0.70508 0.53125 0.70508 0.5332 0.70703 0.53516 0.70508 0.54492 0.70508 0.54688 0.70312 0.55469 0.70312 0.55664 0.70117 0.56445 0.70117 0.56445 0.69922 0.56836 0.69531 0.57031 0.69531 0.57031 0.69336 0.57227 0.69141 0.57227 0.68945 0.57031 0.6875 0.57227 0.68555 0.57031 0.68359 0.57031 0.67773 0.56836 0.67578 0.56836 0.66406 0.57031 0.66211 0.56836 0.66016 0.56836 0.65625 0.56641 0.6543 0.56445 0.6543 0.56055 0.65039 0.55859 0.65234 0.55469 0.65234 0.55273 0.65039 0.55078 0.65039 0.54883 0.65234 0.54688 0.65234 0.54492 0.65039 0.54102 0.65039 0.53906 0.65234 0.53711 0.65039 0.53125 0.65039 0.5293 0.65234 0.52734 0.65039 0.51172 0.65039 0.50977 0.64844 0.50391 0.64844 0.50195 0.64648 0.49805 0.64648 0.49609 0.64453 0.48828 0.64453 0.48633 0.64258 0.48633 0.64062 0.48047 0.64062 0.47852 0.63867 0.47266 0.63867 0.4707 0.63672 0.46484 0.63672 0.46289 0.63477 0.45703 0.63477 0.45312 0.63086 0.44727 0.63086 0.44141 0.625 0.43945 0.625 0.4375 0.62305 0.4375 0.61914 0.43555 0.61719 0.43359 0.61719 0.42969 0.61328 0.42969 0.61133 0.42578 0.60742 0.42383 0.60742 0.42188 0.60547 0.42188 0.60352 0.41797 0.59961 0.41602 0.59961 0.41406 0.59766 0.41406 0.5957 0.4043 0.58594 0.4043 0.58398 0.40234 0.58398 0.39453 0.57617 0.39453 0.57422 0.39258 0.57422 0.38867 0.57031 0.38867 0.56641 0.38672 0.56445 0.38672 0.56055 0.38281 0.55664 0.38281 0.55078 0.38086 0.54883 0.38086 0.54688 0.37891 0.54492 0.37891 0.54102 0.37695 0.53906 0.37695 0.53516 0.375 0.5332 0.375 0.52148 0.37695 0.51953 0.37695 0.51367 0.37891 0.51172 0.37891 0.49609 0.38086 0.49414 0.38086 0.48633 0.38281 0.48438 0.38281 0.48047 0.38672 0.47656 0.38672 0.47266 0.38867 0.4707 0.38867 0.4668 0.39062 0.46484 0.39062 0.46289 0.39258 0.46094 0.39258 0.45898 0.39453 0.45703 0.39453 0.45508 0.39648 0.45312 0.39648 0.44922 0.39844 0.44727 0.39844 0.44531 0.4043 0.43945 0.4043 0.4375 0.40625 0.43555 0.40625 0.43359 0.4082 0.43164 0.41016 0.43164 0.41016 0.42969 0.41211 0.42773 0.41211 0.42578 0.41406 0.42383 0.41406 0.42188 0.41992 0.41602 0.42188 0.41602 0.42188 0.41406 0.42773 0.4082 0.42969 0.4082 0.42969 0.40625 0.4375 0.39844 0.43945 0.39844 0.44141 0.39648 0.44141 0.39453 0.44336 0.39258 0.44531 0.39258 0.44727 0.39062 0.44922 0.39062 0.45117 0.38867 0.45312 0.38867 0.45703 0.38477 0.45898 0.38477 0.46094 0.38281 0.46484 0.38281 0.46875 0.37891 0.47461 0.37891 0.47461 0.37695 0.47656 0.375 0.47852 0.375 0.48047 0.37305 0.48242 0.37305 0.48438 0.37109 0.49023 0.37109 0.49609 0.36523 0.5 0.36523 0.50195 0.36328 0.50781 0.36328 0.50977 0.36133 0.51562 0.36133 0.51758 0.35938 0.52539 0.35938 0.52734 0.35742 0.5293 0.35742 0.53125 0.35547 0.53711 0.35547 0.53906 0.35352 0.54102 0.35547 0.55664 0.35547 0.55859 0.35742 0.56445 0.35742 0.56641 0.35938 0.57227 0.35938 0.57422 0.36133 0.58008 0.36133 0.58203 0.36328 0.58398 0.36328 0.58594 0.36523 0.58789 0.36523 0.58984 0.36719 0.59375 0.36719 0.5957 0.36914 0.59766 0.36914 0.59961 0.37109 0.60547 0.37109 0.60938 0.375 0.61133 0.375 0.61523 0.37891 0.61719 0.37891 0.61914 0.38086 0.62109 0.38086 0.62305 0.38281 0.625 0.38281 0.62695 0.38477 0.62891 0.38477 0.63086 0.38672 0.63086 0.38867 0.63477 0.38867 0.63867 0.39258 0.64062 0.39258 0.64453 0.39648 0.64648 0.39648 0.65234 0.40234 0.6543 0.40234 0.66016 0.4082 0.66016 0.41016 0.66406 0.41406 0.66406 0.41797 0.67188 0.42578 0.67188 0.42773 0.67773 0.43359 0.67773 0.4375 0.68164 0.44141 0.68164 0.44336 0.68359 0.44531 0.68359 0.45117 0.68555 0.45312 0.68555 0.45508 0.6875 0.45703 0.6875 0.46289 0.68945 0.46484 0.68945 0.46875 0.69141 0.4707 0.69141 0.47656 0.69531 0.48047 0.69531 0.48242 0.69336 0.48438 0.69531 0.48633 0.69531 0.49219 0.69336 0.49414 0.68945 0.49023 0.6875 0.49023 0.68555 0.49219 0.68359 0.49219 0.68164 0.49414 0.68164 0.50391 0.6875 0.50391 0.68945 0.50586 0.69141 0.50586 0.69336 0.50391 0.69727 0.50781 0.69531 0.50977 0.69531 0.51172 0.69727 0.51367 0.69727 0.51562 0.69531 0.51758 0.69531 0.54102 0.69336 0.54297 0.69336 0.54492 0.69141 0.54688 0.69141 0.55078 0.68945 0.55273 0.68945 0.55664 0.6875 0.55859 0.6875 0.5625 0.68359 0.56641 0.68359 0.57031 0.68164 0.57227 0.68164 0.57617 0.67969 0.57812 0.67969 0.58008 0.67773 0.58203 0.67578 0.58203 0.67578 0.58398 0.67383 0.58594 0.67383 0.58789 0.66797 0.59375 0.66797 0.5957 0.66602 0.59766 0.66406 0.5957 0.66406 0.58398 0.66211 0.58203 0.66016 0.58203 0.6582 0.58008 0.64844 0.58008 0.64648 0.58203 0.64453 0.58203 0.64258 0.58398 0.63867 0.58398 0.63477 0.58789 0.62695 0.58789 0.625 0.58984 0.62695 0.5918 0.62695 0.5957 0.62891 0.59766 0.62891 0.59961 0.63086 0.59961 0.63281 0.60156 0.63672 0.59766 0.63867 0.59766 0.64062 0.5957 0.66406 0.5957 0.66602 0.59766 0.66406 0.59961 0.66406 0.60156 0.66211 0.60352 0.66016 0.60352 0.66016 0.60742 0.6582 0.60938 0.65625 0.60938 0.6543 0.61133 0.65234 0.61133 0.65234 0.61328 0.64648 0.61914 0.64453 0.61914 0.64258 0.62109 0.64258 0.62305 0.64062 0.625 0.63867 0.625 0.63672 0.62695 0.63477 0.62695 0.63086 0.63086 0.62891 0.63086 0.625 0.63477 0.62305 0.63477 0.62109 0.63672 0.61914 0.63672 0.61719 0.63867 0.61914 0.64062 0.61719 0.64258 0.61719 0.64453 0.61914 0.64648 0.61914 0.66406 0.62109 0.66602 0.62109 0.66992 0.625 0.67383 0.625 0.67578 0.62695 0.67773 0.62695 0.67969 0.62891 0.68164 0.63281 0.68164 0.63477 0.67969 0.63672 0.68164 0.63867 0.68164 0.64062 0.67969 0.64648 0.67969 0.65039 0.67578 0.6543 0.67578 0.66016 0.66992 0.66406 0.66992 0.66797 0.66602 0.66992 0.66602 0.67383 0.66211 0.67773 0.66211 0.68359 0.65625 0.68555 0.65625 0.68945 0.65234 0.68945 0.65039 0.69727 0.64258 0.69727 0.64062 0.69922 0.63867 0.70117 0.63867 0.70117 0.63672 0.70508 0.63281 0.70508 0.63086 0.70703 0.62891 0.70898 0.62891 0.70898 0.62695 0.71289 0.62305 0.71289 0.62109 0.71875 0.61523 0.71875 0.61133 0.7207 0.60938 0.7207 0.60742 0.72461 0.60352 0.72461 0.60156 0.72656 0.59961 0.72656 0.59766 0.72852 0.5957 0.72852 0.59375 0.73047 0.5918 0.73047 0.58789 0.73242 0.58594 0.73242 0.57812 0.73438 0.57617 0.73438 0.57031 0.73633 0.56836 0.73633 0.56055 0.73828 0.55859 0.73828 0.55664 0.74023 0.55469 0.74023 0.54492 0.74219 0.54297 0.74219 0.53711 0.74414 0.53516 0.74414 0.50586 0.74609 0.50391 0.74414 0.50195 0.74414 0.49609 0.74609 0.49414 0.74414 0.49219 0.74414 0.48828 0.74609 0.48633 0.74609 0.48438 0.74414 0.48242 0.74414 0.48047 0.74609 0.47852 0.74414 0.47656 0.74414 0.4668 0.74219 0.46484 0.74219 0.45703 0.74023 0.45508 0.74219 0.45312 0.74023 0.45117 0.74023 0.44141 0.73828 0.43945 0.73828 0.43555 0.73633 0.43359 0.73633 0.42578 0.73438 0.42383 0.73438 0.42188 0.72656 0.41406 0.72656 0.41211 0.72461 0.41016 0.72266 0.41016 0.71875 0.40625 0.71875 0.40234 0.7168 0.40039 0.71484 0.40039 0.71094 0.39648 0.71094 0.39453 0.70312 0.38672 0.70312 0.38477 0.70117 0.38281 0.69922 0.38281 0.69727 0.38086 0.69727 0.37891 0.69336 0.375 0.69141 0.375 0.68555 0.36914 0.68555 0.36719 0.68359 0.36719 0.67773 0.36133 0.67578 0.36133 0.67383 0.35938 0.67383 0.35742 0.66992 0.35352 0.66797 0.35352 0.66406 0.34961 0.66406 0.34766 0.66211 0.3457 0.66016 0.3457 0.6582 0.34375 0.6582 0.3418 0.6543 0.3418 0.65234 0.33984 0.65039 0.33984 0.64844 0.33789 0.64258 0.33789 0.64062 0.33594 0.63867 0.33594 0.63672 0.33398 0.63281 0.33398 0.63086 0.33203 0.62695 0.33203 0.625 0.33008 0.62109 0.33008 0.61914 0.32812 0.61523 0.32812 0.61328 0.32617 0.60938 0.32617 0.60742 0.32422 0.60156 0.32422 0.59766 0.32031 0.59375 0.32031 0.5918 0.31836 0.58594 0.31836 0.58398 0.31641 0.57812 0.31641 0.57617 0.31445 0.57227 0.31445 0.56836 0.31055 0.5625 0.31055 0.56055 0.30859 0.55664 0.30859 0.55469 0.31055 0.55273 0.31055 0.55078 0.30859 0.54883 0.30859 0.54688 0.31055 0.54492 0.31055
0 0.16211 0.25391 0.16211 0.25977 0.16016 0.26172 0.16016 0.26758 0.16211 0.26953 0.16016 0.27148 0.16016 0.27344 0.1543 0.2793 0.15234 0.2793 0.14453 0.28711 0.14258 0.28711 0.13281 0.29688 0.13281 0.29883 0.13086 0.30078 0.13086 0.30273 0.12891 0.30469 0.12891 0.30664 0.12695 0.30859 0.125 0.30859 0.125 0.31055 0.12305 0.3125 0.12305 0.31445 0.11719 0.32031 0.11719 0.32422 0.11523 0.32617 0.11523 0.32812 0.11328 0.33008 0.11328 0.33203 0.11133 0.33398 0.11133 0.33594 0.10938 0.33789 0.10938 0.33984 0.10742 0.3418 0.10742 0.3457 0.10547 0.34766 0.10547 0.35352 0.10156 0.35742 0.10156 0.36328 0.09961 0.36523 0.09961 0.36719 0.09766 0.36914 0.09766 0.37109 0.0957 0.37305 0.0957 0.375 0.09375 0.37695 0.09375 0.38281 0.0918 0.38477 0.0918 0.39453 0.08984 0.39648 0.08984 0.40234 0.08789 0.4043 0.08789 0.41016 0.08594 0.41211 0.08789 0.41406 0.08789 0.42578 0.08984 0.42773 0.08984 0.43164 0.0918 0.43359 0.0918 0.43555 0.09375 0.4375 0.09375 0.44141 0.0957 0.44336 0.0957 0.44531 0.09766 0.44531 0.10156 0.44922 0.10547 0.44922 0.10938 0.45312 0.10938 0.45508 0.11523 0.45508 0.11719 0.45703 0.12305 0.45703 0.125 0.45508 0.12695 0.45703 0.12891 0.45703 0.13086 0.45898 0.12695 0.46289 0.125 0.46094 0.11914 0.46094 0.12305 0.46094 0.125 0.46289 0.12891 0.46289 0.13086 0.46484 0.13281 0.46484 0.13477 0.4668 0.13672 0.46484 0.13867 0.46484 0.14062 0.46289 0.14062 0.46094 0.14258 0.45898 0.15625 0.45898 0.16016 0.46289 0.16016 0.46484 0.1582 0.4668 0.16016 0.4668 0.16602 0.47266 0.17188 0.47266 0.17383 0.4707 0.17578 0.47266 0.17773 0.4707 0.17969 0.47266 0.19727 0.47266 0.19727 0.4707 0.20312 0.46484 0.20508 0.46484 0.20703 0.46289 0.21484 0.46289 0.2168 0.46094 0.2207 0.46094 0.22266 0.45898 0.23047 0.45898 0.23438 0.46289 0.24023 0.46289 0.24219 0.46484 0.24805 0.46484 0.25 0.4668 0.25195 0.46484 0.25391 0.46484 0.25586 0.46289 0.25586 0.46094 0.26172 0.45508 0.26367 0.45508 0.26562 0.45312 0.26758 0.45312 0.27344 0.44727 0.27344 0.43555 0.28125 0.42773 0.28516 0.42773 0.28711 0.42578 0.28711 0.41797 0.28906 0.41602 0.28906 0.41211 0.28711 0.41016 0.28906 0.4082 0.28711 0.40625 0.28711 0.4043 0.28711 0.4082 0.28516 0.41016 0.2832 0.4082 0.2832 0.39258 0.28711 0.38867 0.28906 0.38867 0.28906 0.38477 0.29102 0.38281 0.29102 0.38086 0.28906 0.37891 0.28906 0.375 0.28711 0.37305 0.28711 0.36914 0.28906 0.36719 0.28711 0.36523 0.28711 0.36133 0.28906 0.35938 0.28906 0.3418 0.28711 0.33984 0.28711 0.33789 0.2832 0.33398 0.28125 0.33398 0.2793 0.33594 0.27734 0.33594 0.27539 0.33398 0.27539 0.33008 0.27344 0.32812 0.27344 0.32422 0.27148 0.32227 0.27148 0.31641 0.26758 0.3125 0.26562 0.31445 0.26367 0.31445 0.25977 0.31055 0.25977 0.30859 0.25781 0.30664 0.25391 0.30664 0.25195 0.30469 0.25586 0.30078 0.25586 0.29102 0.25586 0.29297 0.25391 0.29492 0.25391 0.29688 0.25195 0.29883 0.25195 0.30078 0.25391 0.30273 0.25 0.30664 0.24805 0.30664 0.24609 0.30469 0.24219 0.30469 0.24023 0.30273 0.24023 0.30078 0.24219 0.29883 0.24609 0.29883 0.24609 0.29297 0.24805 0.29102 0.24609 0.29102 0.24414 0.28906 0.23242 0.28906 0.23047 0.28711 0.21875 0.28711 0.2168 0.28516 0.21484 0.28516 0.21289 0.2832 0.21289 0.28125 0.21484 0.2793 0.21289 0.27734 0.20703 0.27734 0.20508 0.27539 0.19727 0.27539 0.19336 0.27148 0.19141 0.27148 0.18945 0.27344 0.1875 0.27148 0.17969 0.27148 0.17773 0.26953 0.17578 0.26953 0.17383 0.27148 0.17188 0.27148 0.16992 0.26953 0.16797 0.26953 0.16602 0.26758 0.16602 0.26367 0.16211 0.25977 0.16406 0.25781 0.16797 0.25781 0.16797 0.25586 0.16602 0.25391
0 0.19336 0.20703 0.19336 0.20898 0.18555 0.2168 0.18555 0.21875 0.18164 0.22266 0.18164 0.22461 0.18359 0.22656 0.18359 0.23438 0.18555 0.23633 0.18555 0.23828 0.1875 0.23828 0.19141 0.24219 0.19336 0.24219 0.19531 0.24414 0.19727 0.24414 0.20312 0.25 0.20508 0.25 0.20703 0.25195 0.20898 0.25195 0.21484 0.25781 0.2168 0.25781 0.21875 0.25977 0.2207 0.25977 0.22656 0.26562 0.22852 0.26562 0.23047 0.26758 0.23242 0.26758 0.23438 0.26953 0.23633 0.26953 0.24219 0.27539 0.24609 0.27539 0.25 0.2793 0.25391 0.2793 0.25586 0.28125 0.25586 0.28711 0.25781 0.28516 0.26172 0.28516 0.26562 0.28906 0.26953 0.28906 0.27148 0.29102 0.27148 0.29297 0.27344 0.29492 0.27734 0.29492 0.28125 0.29883 0.28516 0.29883 0.28906 0.30273 0.29297 0.30273 0.29492 0.30469 0.30078 0.30469 0.30469 0.30859 0.30469 0.31055 0.30664 0.3125 0.30664 0.31641 0.30859 0.31836 0.30859 0.32031 0.31055 0.32227 0.31055 0.32422 0.3125 0.32617 0.3125 0.33203 0.31641 0.33594 0.31641 0.33984 0.32227 0.3457 0.32422 0.3457 0.32617 0.34766 0.32617 0.34961 0.32812 0.34961 0.33008 0.35156 0.33203 0.35156 0.33398 0.35352 0.33398 0.35547 0.33594 0.35547 0.33984 0.35938 0.3457 0.35938 0.34766 0.35742 0.34961 0.35938 0.35352 0.35547 0.37305 0.35547 0.375 0.35742 0.37695 0.35742 0.37891 0.35938 0.38672 0.35938 0.39258 0.36523 0.39258 0.36914 0.39453 0.36914 0.39648 0.37109 0.39648 0.37305 0.39844 0.375 0.39844 0.37695 0.40039 0.37891 0.4043 0.37891 0.40625 0.38086 0.40625 0.37891 0.41602 0.36914 0.41797 0.36914 0.41797 0.35742 0.41602 0.35547 0.41602 0.35156 0.41406 0.34961 0.41406 0.3418 0.41211 0.33984 0.41211 0.33789 0.41016 0.33789 0.40234 0.33008 0.38672 0.33008 0.38477 0.33203 0.38281 0.33008 0.38086 0.33008 0.37891 0.33203 0.37695 0.33203 0.375 0.33008 0.37305 0.33203 0.36328 0.33203 0.36133 0.33398 0.35938 0.33398 0.35547 0.33008 0.35156 0.33008 0.34766 0.32617 0.3457 0.32617 0.33984 0.32031 0.33594 0.32031 0.33398 0.31836 0.33398 0.3125 0.33203 0.31055 0.33203 0.30469 0.33008 0.30273 0.33008 0.30078 0.32812 0.29883 0.32812 0.29297 0.32617 0.29102 0.32617 0.28906 0.32031 0.2832 0.32031 0.28125 0.31836 0.2793 0.31445 0.2793 0.31055 0.27539 0.30859 0.27539 0.30664 0.27344 0.30469 0.27344 0.30273 0.27148 0.30078 0.27148 0.29883 0.26953 0.29688 0.26953 0.29492 0.26758 0.29102 0.26758 0.28711 0.26367 0.2832 0.26367 0.2793 0.25977 0.27344 0.25977 0.25781 0.24414 0.25781 0.24219 0.25391 0.23828 0.25195 0.23828 0.25 0.23633 0.25 0.23438 0.24805 0.23242 0.24609 0.23242 0.24414 0.23047 0.24219 0.23047 0.24023 0.22852 0.23828 0.22852 0.23633 0.22656 0.23438 0.22656 0.23047 0.22266 0.22656 0.22266 0.2207 0.2168 0.21875 0.2168 0.21484 0.21289 0.21094 0.21289 0.20898 0.21094 0.20508 0.21094 0.20312 0.20898 0.20117 0.20898 0.19922 0.20703
