0
0 0.50431 0.55011 0.50323 0.5512 0.5 0.5512 0.49892 0.55229 0.49784 0.5512 0.49784 0.55556 0.49677 0.55664 0.49569 0.55664 0.49353 0.55882 0.49353 0.55991 0.49246 0.561 0.49246 0.56209 0.49138 0.56318 0.4903 0.56209 0.48815 0.56209 0.48707 0.56318 0.48707 0.57081 0.48599 0.5719 0.48599 0.57298 0.48922 0.57298 0.49138 0.57516 0.4903 0.57625 0.49138 0.57734 0.49461 0.57734 0.49569 0.57625 0.49784 0.57843 0.5 0.57843 0.50216 0.57625 0.50431 0.57625 0.50539 0.57516 0.50647 0.57516 0.5097 0.5719 0.51078 0.57298 0.51185 0.5719 0.51293 0.5719 0.51401 0.57081 0.51509 0.57081 0.51616 0.56972 0.51509 0.56863 0.51509 0.56536 0.51616 0.56427 0.51509 0.56318 0.51509 0.561 0.51293 0.55882 0.51401 0.55773 0.51293 0.55664 0.51293 0.55556 0.51078 0.55338 0.51078 0.55229 0.50862 0.55229 0.50754 0.5512 0.50539 0.5512
0 0.55172 0.54684 0.55065 0.54793 0.54957 0.54793 0.54741 0.55011 0.54741 0.55338 0.54634 0.55447 0.54634 0.561 0.55065 0.56536 0.55172 0.56536 0.5528 0.56645 0.55603 0.56645 0.55711 0.56536 0.55819 0.56645 0.55927 0.56645 0.5625 0.56318 0.5625 0.56209 0.56358 0.561 0.56358 0.55664 0.5625 0.55556 0.5625 0.55447 0.56142 0.55338 0.56034 0.55338 0.55819 0.5512 0.55819 0.55011 0.55603 0.55011 0.55388 0.54793 0.5528 0.54793
0 0.47953 0.51198 0.47845 0.51307 0.47629 0.51307 0.47522 0.51416 0.47414 0.51307 0.47306 0.51307 0.47198 0.51416 0.47091 0.51416 0.46983 0.51525 0.47091 0.51634 0.47091 0.51743 0.47198 0.51743 0.47306 0.51852 0.47306 0.51961 0.47198 0.5207 0.47091 0.5207 0.47091 0.52179 0.46983 0.52288 0.46983 0.52397 0.46659 0.52723 0.46659 0.52941 0.46767 0.5305 0.46767 0.53268 0.46875 0.53377 0.46767 0.53486 0.46875 0.53486 0.46983 0.53595 0.47198 0.53595 0.47414 0.53813 0.47414 0.53922 0.47737 0.53922 0.47953 0.54139 0.48168 0.53922 0.48276 0.53922 0.48384 0.53813 0.48491 0.53813 0.48815 0.53486 0.48922 0.53486 0.49138 0.53268 0.49138 0.53159 0.49246 0.5305 0.49246 0.52941 0.49353 0.52832 0.49461 0.52832 0.49461 0.52397 0.49353 0.52288 0.49461 0.52179 0.49353 0.5207 0.49353 0.51852 0.49138 0.51634 0.49138 0.51525 0.4903 0.51525 0.48815 0.51307 0.48491 0.51307 0.48384 0.51198 0.48276 0.51307 0.48168 0.51198
0 0.53556 0.48693 0.53017 0.49237 0.52909 0.49237 0.52909 0.49782 0.52802 0.49891 0.52802 0.50436 0.52694 0.50545 0.52694 0.50871 0.52909 0.51089 0.52909 0.51198 0.53017 0.51307 0.53233 0.51307 0.53341 0.51198 0.53448 0.51198 0.53556 0.51307 0.54095 0.51307 0.54203 0.51416 0.54418 0.51416 0.54526 0.51525 0.54634 0.51525 0.54741 0.51416 0.54849 0.51525 0.55065 0.51307 0.55388 0.51307 0.55496 0.51416 0.55603 0.51416 0.55711 0.51307 0.55711 0.51198 0.55819 0.51089 0.55819 0.50871 0.55927 0.50763 0.55819 0.50654 0.55819 0.50545 0.55711 0.50436 0.55711 0.50327 0.55603 0.50218 0.55603 0.50109 0.55496 0.50109 0.5528 0.50327 0.55065 0.50109 0.55172 0.5 0.55172 0.49564 0.55065 0.49455 0.55065 0.49346 0.54849 0.49129 0.54418 0.49129 0.5431 0.4902 0.5431 0.48911 0.53879 0.48911 0.53664 0.48693
0 0.46767 0.44009 0.46336 0.44444 0.46336 0.44553 0.46228 0.44662 0.46121 0.44662 0.46121 0.44771 0.46013 0.4488 0.46013 0.44989 0.45797 0.45207 0.4569 0.45207 0.45582 0.45316 0.45474 0.45316 0.45259 0.45534 0.45259 0.45752 0.45151 0.45861 0.45151 0.46514 0.45043 0.46623 0.45043 0.4695 0.44935 0.47059 0.44935 0.47168 0.44828 0.47277 0.44828 0.47821 0.4472 0.4793 0.4472 0.48475 0.44612 0.48584 0.44612 0.48911 0.4472 0.4902 0.4472 0.49129 0.44612 0.49237 0.44828 0.49455 0.44828 0.49564 0.4472 0.49673 0.4472 0.49782 0.44612 0.49891 0.44612 0.5 0.4472 0.5 0.44935 0.49782 0.45043 0.49891 0.45043 0.50436 0.45151 0.50545 0.45151 0.50763 0.45259 0.50871 0.45474 0.50871 0.45582 0.5098 0.4569 0.5098 0.45797 0.50871 0.45905 0.50871 0.45905 0.50763 0.46121 0.50545 0.46228 0.50545 0.46228 0.50327 0.46336 0.50218 0.46336 0.50109 0.46444 0.5 0.46552 0.5 0.46659 0.49891 0.46767 0.49891 0.46767 0.49782 0.46875 0.49673 0.46983 0.49673 0.47091 0.49564 0.47091 0.49455 0.47198 0.49346 0.47198 0.49237 0.47091 0.49129 0.47198 0.4902 0.47198 0.48802 0.47306 0.48693 0.47306 0.48584 0.47414 0.48475 0.47414 0.48366 0.47737 0.48039 0.47737 0.47821 0.47522 0.47603 0.47522 0.47495 0.47629 0.47386 0.47629 0.47168 0.47737 0.47059 0.47737 0.4695 0.47845 0.46841 0.47953 0.46841 0.4806 0.46732 0.4806 0.46296 0.47953 0.46187 0.4806 0.46078 0.4806 0.45969 0.47953 0.45861 0.47953 0.45425 0.4806 0.45316 0.48168 0.45316 0.48168 0.4488 0.4806 0.4488 0.47629 0.44444 0.47414 0.44444 0.47306 0.44336 0.47198 0.44336 0.47091 0.44227 0.46875 0.44227 0.46767 0.44118
0 0.45259 0.43573 0.44935 0.439 0.44828 0.439 0.4472 0.44009 0.4472 0.44118 0.44612 0.44227 0.44612 0.44444 0.44397 0.44662 0.44397 0.44771 0.44289 0.4488 0.44289 0.44989 0.44181 0.45098 0.44073 0.45098 0.4375 0.45425 0.4375 0.45643 0.43642 0.45752 0.43534 0.45752 0.43534 0.45861 0.43211 0.46187 0.43211 0.46296 0.43103 0.46405 0.42996 0.46405 0.42565 0.46841 0.42457 0.46841 0.42241 0.47059 0.42241 0.47277 0.42134 0.47386 0.42134 0.47603 0.42026 0.47712 0.41918 0.47712 0.41918 0.4793 0.4181 0.48039 0.4181 0.48148 0.41703 0.48257 0.41595 0.48257 0.41595 0.48911 0.41487 0.4902 0.41379 0.4902 0.41379 0.49564 0.41272 0.49673 0.41272 0.49891 0.41164 0.5 0.41164 0.50218 0.41056 0.50327 0.41056 0.50654 0.41164 0.50763 0.41164 0.50871 0.41056 0.5098 0.41056 0.51525 0.40948 0.51634 0.40948 0.51743 0.41056 0.51852 0.41056 0.5207 0.41164 0.52179 0.41056 0.52288 0.41056 0.52505 0.41272 0.52723 0.41272 0.5305 0.41379 0.53159 0.41379 0.53268 0.41487 0.53377 0.41487 0.53704 0.41595 0.53813 0.41595 0.54031 0.4181 0.54248 0.41703 0.54357 0.41918 0.54575 0.4181 0.54684 0.41703 0.54684 0.41595 0.54575 0.41379 0.54575 0.41272 0.54466 0.40733 0.54466 0.40625 0.54575 0.40517 0.54575 0.40302 0.54793 0.40194 0.54793 0.40086 0.54902 0.39763 0.54902 0.39763 0.55229 0.39547 0.55447 0.39009 0.55447 0.38901 0.55556 0.38578 0.55556 0.3847 0.55447 0.38362 0.55447 0.38254 0.55556 0.38039 0.55556 0.37823 0.55338 0.37931 0.55229 0.37931 0.5512 0.38362 0.54684 0.3847 0.54684 0.3847 0.54575 0.38793 0.54248 0.38793 0.54139 0.38901 0.54031 0.39009 0.54031 0.39009 0.53922 0.39116 0.53813 0.39116 0.53704 0.39224 0.53595 0.39224 0.53486 0.39332 0.53377 0.3944 0.53377 0.3944 0.52832 0.39547 0.52723 0.39547 0.52614 0.39655 0.52505 0.39655 0.52179 0.39763 0.5207 0.39763 0.51852 0.39655 0.51743 0.39655 0.51525 0.39763 0.51416 0.39763 0.50871 0.39871 0.50763 0.39871 0.50436 0.39978 0.50327 0.39978 0.50218 0.40086 0.50109 0.40086 0.49891 0.39978 0.49782 0.39978 0.49564 0.40086 0.49455 0.40086 0.49129 0.39978 0.4902 0.39978 0.48802 0.40086 0.48693 0.40086 0.48584 0.39978 0.48475 0.39978 0.4793 0.39871 0.47821 0.39871 0.47603 0.39763 0.47495 0.39763 0.47168 0.39547 0.4695 0.3944 0.4695 0.39116 0.46623 0.38793 0.46623 0.38578 0.46405 0.38578 0.46296 0.3847 0.46296 0.37823 0.45643 0.37392 0.45643 0.37284 0.45534 0.36746 0.45534 0.36638 0.45425 0.36099 0.45425 0.35991 0.45316 0.35776 0.45316 0.35668 0.45425 0.35453 0.45425 0.35345 0.45316 0.35237 0.45425 0.35129 0.45425 0.35022 0.45534 0.34806 0.45534 0.34698 0.45643 0.34591 0.45534 0.34483 0.45534 0.34375 0.45643 0.33836 0.45643 0.33728 0.45752 0.33621 0.45752 0.33405 0.45969 0.33297 0.45969 0.3319 0.46078 0.3319 0.46187 0.33082 0.46296 0.32974 0.46296 0.32866 0.46405 0.32866 0.46514 0.32543 0.46841 0.32435 0.46841 0.32435 0.4695 0.32328 0.47059 0.32328 0.47168 0.3222 0.47277 0.3222 0.47386 0.32112 0.47495 0.32112 0.48039 0.32004 0.48148 0.32004 0.48366 0.32112 0.48475 0.32112 0.48693 0.32004 0.48802 0.32004 0.49455 0.31897 0.49564 0.32004 0.49673 0.32004 0.5 0.32112 0.50109 0.32004 0.50218 0.32004 0.50436 0.32112 0.50545 0.32112 0.50763 0.32004 0.50871 0.32112 0.5098 0.32112 0.51198 0.3222 0.51307 0.3222 0.51416 0.32112 0.51525 0.3222 0.51634 0.3222 0.51961 0.32328 0.5207 0.3222 0.52179 0.3222 0.52288 0.32328 0.52397 0.32328 0.52505 0.32435 0.52614 0.32435 0.52723 0.32543 0.52832 0.32435 0.52941 0.32543 0.5305 0.32543 0.53486 0.32435 0.53595 0.32543 0.53704 0.32543 0.54357 0.32651 0.54466 0.32651 0.54684 0.32866 0.54902 0.32759 0.55011 0.33297 0.55556 0.33297 0.55773 0.33405 0.55773 0.33513 0.55882 0.33405 0.55991 0.33082 0.55991 0.33082 0.56209 0.32974 0.56318 0.32974 0.56427 0.32543 0.56863 0.32435 0.56754 0.32328 0.56754 0.3222 0.56863 0.31789 0.56863 0.31681 0.56754 0.31573 0.56754 0.31466 0.56645 0.31142 0.56645 0.31034 0.56536 0.30819 0.56536 0.30603 0.56754 0.30496 0.56754 0.30388 0.56863 0.30388 0.56972 0.30172 0.5719 0.30172 0.57298 0.30065 0.57407 0.29957 0.57407 0.29849 0.57516 0.29741 0.57407 0.29526 0.57407 0.29418 0.57516 0.29203 0.57516 0.29095 0.57625 0.28772 0.57625 0.28448 0.57952 0.28448 0.58061 0.28556 0.5817 0.28772 0.5817 0.28879 0.58279 0.28987 0.58279 0.29095 0.58388 0.29095 0.58497 0.29203 0.58606 0.29095 0.58715 0.29095 0.58824 0.28879 0.59041 0.28772 0.59041 0.28556 0.59259 0.28233 0.59259 0.28125 0.59368 0.28017 0.59368 0.28017 0.59804 0.28125 0.59913 0.27909 0.60131 0.27909 0.60349 0.27586 0.60675 0.27586 0.60784 0.27371 0.61002 0.27478 0.61111 0.27478 0.6122 0.27694 0.61438 0.27694 0.61765 0.27478 0.61983 0.27371 0.61983 0.27155 0.622 0.27047 0.622 0.2694 0.62309 0.26832 0.62309 0.26724 0.62418 0.26616 0.62309 0.26401 0.62309 0.26185 0.62527 0.26185 0.62854 0.26078 0.62963 0.26078 0.63072 0.2597 0.63181 0.25862 0.63072 0.25754 0.63181 0.25754 0.6329 0.25647 0.63399 0.25647 0.63508 0.25431 0.63725 0.25323 0.63725 0.24784 0.6427 0.24677 0.6427 0.24569 0.64379 0.24353 0.64379 0.2403 0.64706 0.2403 0.64815 0.23922 0.64924 0.23707 0.64924 0.23707 0.65033 0.23599 0.65142 0.23599 0.65251 0.23276 0.65577 0.2306 0.65577 0.22414 0.66231 0.22198 0.66231 0.22198 0.6634 0.22091 0.66449 0.22091 0.66776 0.21983 0.66885 0.21983 0.67211 0.21875 0.6732 0.21875 0.67429 0.21767 0.67538 0.21659 0.67538 0.21659 0.67647 0.21552 0.67756 0.21336 0.67756 0.21228 0.67865 0.21228 0.67974 0.21121 0.68083 0.20905 0.68083 0.20905 0.68192 0.20797 0.68301 0.20797 0.6841 0.2069 0.68519 0.2069 0.68627 0.20582 0.68736 0.20474 0.68736 0.20474 0.69172 0.20259 0.6939 0.20259 0.69608 0.20366 0.69717 0.20366 0.69935 0.20259 0.70044 0.20259 0.70479 0.20366 0.70588 0.20259 0.70697 0.20259 0.70915 0.20151 0.71024 0.20151 0.71242 0.20043 0.71351 0.19935 0.71351 0.19828 0.7146 0.19828 0.72549 0.1972 0.72658 0.1972 0.72985 0.19935 0.73203 0.19935 0.73312 0.19828 0.7342 0.19935 0.73529 0.19935 0.73638 0.20151 0.73856 0.20366 0.73856 0.20474 0.73965 0.20474 0.74074 0.20797 0.74074 0.21121 0.74401 0.21121 0.7451 0.21336 0.74728 0.21228 0.74837 0.21767 0.75381 0.21875 0.75381 0.21875 0.74946 0.21983 0.74837 0.21875 0.74837 0.21659 0.74619 0.21552 0.74619 0.21444 0.7451 0.21444 0.74401 0.21659 0.74183 0.21767 0.74292 0.21875 0.74292 0.21875 0.74183 0.21983 0.74074 0.22091 0.74074 0.22198 0.73965 0.22198 0.73529 0.22306 0.7342 0.22306 0.73094 0.22522 0.72876 0.22629 0.72876 0.22737 0.72767 0.22845 0.72767 0.22953 0.72658 0.23276 0.72658 0.23384 0.72549 0.23599 0.72549 0.23707 0.7244 0.23815 0.7244 0.23922 0.72549 0.24138 0.72549 0.24138 0.7244 0.24246 0.72331 0.24138 0.72222 0.24138 0.72113 0.24353 0.71895 0.24569 0.71895 0.24677 0.72004 0.24784 0.72004 0.24892 0.71895 0.24892 0.71786 0.25 0.71678 0.25323 0.71678 0.25431 0.71569 0.25539 0.71569 0.25862 0.71242 0.2597 0.71242 0.26078 0.71133 0.2597 0.71024 0.2597 0.70479 0.26078 0.7037 0.26185 0.7037 0.26293 0.70261 0.26832 0.70261 0.2694 0.70153 0.27047 0.70153 0.27047 0.70044 0.27155 0.69935 0.27263 0.69935 0.27371 0.69826 0.27478 0.69935 0.27586 0.69826 0.27694 0.69826 0.27802 0.69717 0.27802 0.6939 0.27694 0.69281 0.27694 0.68845 0.27909 0.68627 0.28125 0.68627 0.28233 0.68736 0.28341 0.68736 0.28448 0.68845 0.28556 0.68736 0.28664 0.68736 0.28772 0.68627 0.28879 0.68627 0.28987 0.68519 0.29095 0.68627 0.29418 0.68627 0.29526 0.68736 0.29526 0.68845 0.29741 0.68845 0.29849 0.68954 0.30065 0.68954 0.30172 0.69063 0.3028 0.68954 0.30496 0.68954 0.30603 0.68845 0.30927 0.68845 0.30927 0.68519 0.31034 0.6841 0.31034 0.68301 0.31142 0.68192 0.31142 0.67647 0.31358 0.67429 0.31358 0.6732 0.31573 0.67102 0.31789 0.67102 0.31897 0.66993 0.32004 0.66993 0.32004 0.66885 0.31897 0.66776 0.31681 0.66776 0.31573 0.66667 0.31573 0.66558 0.31466 0.66449 0.31573 0.6634 0.32112 0.6634 0.3222 0.66231 0.32328 0.66231 0.32435 0.66122 0.32543 0.66122 0.32866 0.65795 0.32866 0.65686 0.32974 0.65577 0.33082 0.65577 0.33082 0.65033 0.3319 0.64924 0.33297 0.64924 0.33297 0.64597 0.33405 0.64488 0.33405 0.64379 0.33513 0.6427 0.33513 0.63834 0.33405 0.63725 0.33621 0.63508 0.33621 0.63399 0.33836 0.63181 0.33944 0.63181 0.34267 0.62854 0.34375 0.62854 0.34483 0.62745 0.34591 0.62745 0.34698 0.62636 0.34591 0.62527 0.34698 0.62418 0.34698 0.61983 0.34914 0.61765 0.35022 0.61765 0.35237 0.61547 0.35991 0.61547 0.36099 0.61656 0.36207 0.61656 0.36315 0.61765 0.36422 0.61656 0.3653 0.61656 0.3653 0.61547 0.36638 0.61438 0.36638 0.61329 0.3653 0.6122 0.36422 0.6122 0.36315 0.61111 0.36099 0.61111 0.35991 0.61002 0.35991 0.60893 0.35884 0.60893 0.35776 0.60784 0.35884 0.60675 0.36207 0.60675 0.36315 0.60566 0.36422 0.60566 0.36422 0.60458 0.3653 0.60349 0.3653 0.6024 0.36638 0.60131 0.36638 0.60022 0.36746 0.59913 0.37069 0.59913 0.37069 0.59586 0.37177 0.59477 0.37177 0.59368 0.37284 0.59259 0.37392 0.59259 0.375 0.5915 0.37608 0.59259 0.37931 0.59259 0.38039 0.5915 0.38147 0.5915 0.38254 0.59259 0.38362 0.5915 0.3847 0.5915 0.38578 0.59041 0.38685 0.59041 0.38793 0.58932 0.38793 0.58824 0.38901 0.58715 0.39116 0.58715 0.39116 0.58606 0.3944 0.58279 0.39547 0.58279 0.39655 0.58388 0.39763 0.58279 0.39978 0.58279 0.40086 0.5817 0.40517 0.5817 0.40948 0.57734 0.41056 0.57734 0.41164 0.57625 0.41272 0.57625 0.41379 0.57516 0.41487 0.57516 0.41595 0.57407 0.41703 0.57516 0.4181 0.57407 0.42026 0.57407 0.42241 0.5719 0.42349 0.5719 0.42457 0.57298 0.42565 0.5719 0.42996 0.5719 0.43103 0.57298 0.43427 0.57298 0.43642 0.57081 0.4375 0.57081 0.43858 0.56972 0.43858 0.56318 0.4375 0.56209 0.4375 0.55882 0.43858 0.55773 0.4375 0.55664 0.4375 0.55338 0.43642 0.55229 0.4375 0.5512 0.42996 0.5512 0.42888 0.55011 0.42996 0.54902 0.43103 0.54902 0.43211 0.54793 0.43319 0.54902 0.43427 0.54793 0.43534 0.54793 0.43642 0.54684 0.4375 0.54684 0.43966 0.54466 0.43858 0.54357 0.43858 0.53922 0.43966 0.53813 0.43966 0.53486 0.43858 0.53377 0.43858 0.53159 0.43966 0.5305 0.43858 0.52941 0.43858 0.52505 0.43966 0.52397 0.43858 0.52288 0.43858 0.51852 0.43966 0.51743 0.43858 0.51634 0.43858 0.51525 0.4375 0.51416 0.4375 0.51198 0.43858 0.51089 0.43858 0.50763 0.4375 0.50654 0.4375 0.50545 0.43858 0.50436 0.43858 0.49891 0.43966 0.49782 0.43966 0.49455 0.44073 0.49346 0.44073 0.49237 0.44181 0.49129 0.44181 0.48693 0.44073 0.48584 0.44073 0.48475 0.44181 0.48366 0.44181 0.47821 0.44289 0.47712 0.44289 0.47603 0.44397 0.47495 0.44397 0.47277 0.44289 0.47168 0.44397 0.47059 0.44397 0.46514 0.44504 0.46405 0.44612 0.46405 0.44612 0.46296 0.4472 0.46187 0.4472 0.45861 0.44828 0.45752 0.44935 0.45752 0.44935 0.45207 0.45043 0.45098 0.45043 0.44553 0.45151 0.44444 0.45151 0.439 0.45259 0.43791
0 0.21552 0.43355 0.21444 0.43464 0.21121 0.43464 0.21013 0.43573 0.20797 0.43573 0.2069 0.43682 0.20582 0.43682 0.20474 0.43791 0.20259 0.43791 0.20151 0.43682 0.20043 0.43791 0.1972 0.43791 0.19612 0.439 0.19504 0.43791 0.19397 0.439 0.19289 0.439 0.19181 0.44009 0.18534 0.44009 0.18427 0.44118 0.17565 0.44118 0.17457 0.44009 0.16918 0.44009 0.1681 0.439 0.16272 0.439 0.16164 0.43791 0.15733 0.43791 0.15625 0.439 0.15517 0.43791 0.15194 0.44118 0.15086 0.44118 0.14871 0.44336 0.14655 0.44336 0.14547 0.44444 0.14547 0.44553 0.1444 0.44662 0.14332 0.44662 0.14224 0.44771 0.14116 0.44771 0.14116 0.4488 0.14009 0.44989 0.14009 0.45207 0.13901 0.45316 0.13901 0.45534 0.13793 0.45643 0.13793 0.45861 0.13685 0.45969 0.13578 0.45969 0.1347 0.46078 0.13362 0.45969 0.13254 0.45969 0.13039 0.46187 0.12823 0.46187 0.125 0.45861 0.125 0.45752 0.12177 0.45752 0.12069 0.45643 0.11638 0.45643 0.11422 0.45861 0.11315 0.45861 0.11315 0.45969 0.11099 0.46187 0.10991 0.46187 0.10884 0.46296 0.10884 0.46732 0.10776 0.46841 0.10776 0.4695 0.10668 0.47059 0.1056 0.47059 0.1056 0.47386 0.10453 0.47495 0.10453 0.47603 0.10345 0.47712 0.10345 0.47821 0.10453 0.4793 0.1056 0.4793 0.10668 0.48039 0.10668 0.48148 0.10776 0.48257 0.1056 0.48475 0.10453 0.48366 0.10345 0.48366 0.09914 0.48802 0.09806 0.48802 0.09591 0.4902 0.09483 0.4902 0.09375 0.49129 0.09375 0.49455 0.09052 0.49782 0.09052 0.50109 0.09159 0.50218 0.09052 0.50327 0.09052 0.50654 0.09159 0.50763 0.09159 0.50871 0.09052 0.5098 0.09052 0.51525 0.08944 0.51634 0.08944 0.51852 0.09052 0.51961 0.09052 0.52179 0.08944 0.52288 0.08944 0.52397 0.09052 0.52505 0.09052 0.52832 0.09159 0.52941 0.09052 0.5305 0.09052 0.53595 0.08944 0.53704 0.09052 0.53813 0.09052 0.54684 0.09159 0.54793 0.09159 0.55229 0.09267 0.55338 0.09267 0.55556 0.09159 0.55664 0.09267 0.55773 0.09267 0.561 0.09375 0.56209 0.09375 0.56318 0.09267 0.56427 0.09375 0.56536 0.09375 0.56645 0.09483 0.56754 0.09483 0.56863 0.09591 0.56972 0.09483 0.57081 0.09591 0.5719 0.09591 0.57407 0.09698 0.57516 0.09698 0.57952 0.09806 0.58061 0.09806 0.58715 0.09914 0.58824 0.09914 0.59259 0.10022 0.59368 0.10022 0.59586 0.10129 0.59695 0.10022 0.59804 0.10129 0.59913 0.10129 0.60022 0.10345 0.6024 0.10345 0.60349 0.10237 0.60458 0.10237 0.60566 0.10345 0.60675 0.10345 0.60784 0.10453 0.60893 0.10453 0.61002 0.1056 0.61111 0.1056 0.61438 0.10884 0.61765 0.10776 0.61874 0.10776 0.61983 0.10884 0.62092 0.10884 0.622 0.10991 0.62309 0.10991 0.62527 0.11099 0.62636 0.11099 0.62854 0.11207 0.62963 0.11207 0.6329 0.11315 0.63399 0.11315 0.63617 0.11422 0.63725 0.11422 0.63834 0.11315 0.63943 0.11315 0.64052 0.1153 0.6427 0.11638 0.6427 0.11746 0.64379 0.11746 0.64706 0.11961 0.64924 0.125 0.64924 0.12608 0.65033 0.13147 0.65033 0.13254 0.65142 0.13793 0.65142 0.13901 0.65251 0.14224 0.65251 0.14332 0.65359 0.1444 0.65359 0.14547 0.65468 0.14763 0.65468 0.14871 0.65359 0.15086 0.65359 0.15194 0.65468 0.15517 0.65468 0.15625 0.65359 0.15733 0.65359 0.15841 0.65468 0.16056 0.65468 0.16164 0.65359 0.16379 0.65359 0.16487 0.65468 0.17026 0.65468 0.17134 0.65577 0.17565 0.65577 0.17672 0.65468 0.1778 0.65468 0.17888 0.65577 0.17996 0.65577 0.18103 0.65686 0.18319 0.65686 0.18427 0.65795 0.18427 0.65904 0.18534 0.65904 0.18642 0.66013 0.1875 0.65904 0.19073 0.65904 0.19181 0.66013 0.19289 0.65904 0.1972 0.65904 0.19828 0.66013 0.19935 0.66013 0.20043 0.65904 0.20259 0.65904 0.20366 0.65795 0.20474 0.65795 0.20582 0.65686 0.2069 0.65686 0.20797 0.65577 0.20905 0.65577 0.21013 0.65468 0.21121 0.65577 0.21228 0.65468 0.21336 0.65468 0.21444 0.65359 0.21552 0.65359 0.21767 0.65142 0.21875 0.65251 0.22091 0.65033 0.22091 0.64924 0.22198 0.64815 0.22306 0.64815 0.22414 0.64706 0.22629 0.64706 0.22629 0.64597 0.22737 0.64488 0.22737 0.6427 0.22845 0.64161 0.23276 0.64161 0.23384 0.64052 0.23599 0.64052 0.23707 0.63943 0.23815 0.63943 0.23922 0.64052 0.24138 0.64052 0.2403 0.63943 0.23922 0.63943 0.23815 0.63834 0.23707 0.63943 0.23599 0.63834 0.23384 0.63834 0.23168 0.63617 0.23491 0.6329 0.23815 0.6329 0.2403 0.63508 0.24353 0.63508 0.24569 0.6329 0.24569 0.63072 0.24677 0.62963 0.24784 0.62963 0.24892 0.62854 0.24892 0.62745 0.25 0.62636 0.24892 0.62527 0.24892 0.62418 0.25 0.62309 0.24892 0.622 0.25 0.62092 0.25 0.61983 0.25108 0.61874 0.25108 0.61765 0.25216 0.61656 0.25216 0.61438 0.25323 0.61329 0.25323 0.61111 0.25431 0.61002 0.25539 0.61002 0.25647 0.60893 0.25647 0.60784 0.26078 0.60349 0.26185 0.60349 0.26293 0.6024 0.26293 0.60131 0.26401 0.60022 0.26401 0.59913 0.26724 0.59586 0.26724 0.5915 0.26832 0.59041 0.26832 0.58932 0.26724 0.58824 0.26724 0.58497 0.2694 0.58279 0.27047 0.58279 0.27047 0.58061 0.27155 0.57952 0.27155 0.57843 0.27263 0.57734 0.27263 0.5719 0.27371 0.57081 0.27371 0.56754 0.27263 0.56645 0.27263 0.56209 0.27155 0.561 0.27155 0.55229 0.27263 0.5512 0.27263 0.54793 0.27155 0.54684 0.27155 0.53813 0.27263 0.53704 0.27263 0.53595 0.27371 0.53486 0.27586 0.53486 0.27694 0.53377 0.27694 0.53159 0.27802 0.5305 0.27909 0.5305 0.27909 0.52941 0.28017 0.52832 0.28017 0.52614 0.28125 0.52505 0.28233 0.52505 0.28341 0.52397 0.28233 0.52288 0.28233 0.52179 0.28125 0.5207 0.28125 0.51961 0.28017 0.51852 0.28125 0.51743 0.28125 0.51416 0.28233 0.51307 0.28233 0.50763 0.28125 0.50654 0.28125 0.49891 0.28233 0.49782 0.28125 0.49673 0.28125 0.49455 0.28017 0.49346 0.27909 0.49455 0.27263 0.49455 0.27155 0.49346 0.27155 0.49237 0.27047 0.49129 0.27047 0.4902 0.2694 0.4902 0.26616 0.48693 0.26616 0.48584 0.26401 0.48366 0.26401 0.48257 0.26293 0.48148 0.26293 0.48039 0.26078 0.48039 0.25754 0.47712 0.25754 0.47495 0.25647 0.47495 0.25539 0.47386 0.25431 0.47386 0.25216 0.47168 0.25216 0.47059 0.25108 0.47059 0.25 0.4695 0.25 0.46841 0.24461 0.46296 0.24353 0.46296 0.24138 0.46078 0.24138 0.45969 0.2403 0.45861 0.2403 0.45752 0.23922 0.45643 0.23922 0.45534 0.23276 0.4488 0.22953 0.4488 0.22737 0.44662 0.2306 0.44336 0.22953 0.44227 0.22845 0.44227 0.22198 0.43573 0.22091 0.43573 0.21983 0.43464 0.21659 0.43464
0 0.625 0.41503 0.62284 0.41721 0.62177 0.41721 0.61638 0.42266 0.61638 0.42375 0.6153 0.42484 0.61422 0.42484 0.61315 0.42593 0.61207 0.42593 0.61099 0.42702 0.61099 0.4281 0.60884 0.43028 0.60776 0.43028 0.60453 0.43355 0.60453 0.43464 0.60345 0.43573 0.60345 0.43682 0.60237 0.43791 0.60022 0.43791 0.60022 0.439 0.59914 0.44009 0.59914 0.44118 0.59806 0.44227 0.59806 0.44336 0.59698 0.44444 0.59591 0.44444 0.59591 0.44553 0.59267 0.4488 0.59267 0.44989 0.59159 0.45098 0.59052 0.45098 0.59052 0.45316 0.59267 0.45534 0.59267 0.45752 0.59806 0.46296 0.59806 0.46405 0.59914 0.46514 0.59914 0.46623 0.60022 0.46623 0.6056 0.47168 0.6056 0.47277 0.60884 0.47603 0.60991 0.47603 0.61099 0.47712 0.61099 0.4793 0.61207 0.48039 0.61315 0.48039 0.61422 0.48148 0.61422 0.48366 0.6153 0.48475 0.61422 0.48584 0.61422 0.48802 0.6153 0.48911 0.6153 0.49129 0.61422 0.49237 0.6153 0.49346 0.6153 0.49673 0.61638 0.49782 0.61638 0.49891 0.6153 0.5 0.6153 0.50218 0.61638 0.50327 0.61638 0.50545 0.6153 0.50654 0.6153 0.51198 0.61422 0.51307 0.61422 0.51852 0.61315 0.51961 0.61315 0.52505 0.61207 0.52614 0.61207 0.53704 0.60991 0.53922 0.60991 0.54139 0.60884 0.54248 0.60884 0.54466 0.60668 0.54684 0.60668 0.55011 0.60453 0.55229 0.60453 0.55447 0.60345 0.55556 0.60345 0.55773 0.60129 0.55991 0.60129 0.56318 0.59914 0.56536 0.59698 0.56536 0.59698 0.56645 0.59159 0.5719 0.58944 0.5719 0.58297 0.57843 0.5819 0.57843 0.57759 0.58279 0.57328 0.58279 0.5722 0.58388 0.57112 0.58388 0.57004 0.58497 0.56897 0.58388 0.56789 0.58497 0.56681 0.58497 0.56573 0.58606 0.56466 0.58606 0.56358 0.58715 0.56034 0.58715 0.55927 0.58824 0.55711 0.58824 0.55603 0.58932 0.55496 0.58824 0.55388 0.58932 0.5528 0.58932 0.55172 0.59041 0.55065 0.59041 0.54957 0.5915 0.54849 0.59041 0.54741 0.5915 0.54634 0.5915 0.54526 0.59259 0.54203 0.59259 0.54095 0.5915 0.53987 0.5915 0.53879 0.59259 0.53556 0.59259 0.53448 0.5915 0.52909 0.5915 0.52802 0.59041 0.52263 0.59041 0.52155 0.58932 0.5097 0.58932 0.50862 0.58824 0.50323 0.58824 0.50216 0.58715 0.50216 0.58606 0.5 0.58606 0.49892 0.58497 0.49784 0.58497 0.49569 0.58279 0.49569 0.5817 0.49353 0.5817 0.49246 0.58061 0.49138 0.58061 0.48922 0.57843 0.48815 0.57843 0.48707 0.57734 0.48599 0.57734 0.48491 0.57625 0.48384 0.57625 0.48276 0.57516 0.48276 0.57407 0.4806 0.57407 0.47629 0.56972 0.47629 0.56754 0.47306 0.56427 0.47306 0.56318 0.47091 0.561 0.47091 0.55882 0.46659 0.55447 0.46767 0.55338 0.46444 0.55011 0.46444 0.54902 0.46336 0.54793 0.46336 0.54684 0.46013 0.54357 0.46013 0.54248 0.45905 0.54139 0.45905 0.53922 0.4569 0.53704 0.4569 0.53595 0.45474 0.53377 0.45474 0.53268 0.45366 0.53159 0.45366 0.52941 0.45043 0.52614 0.45043 0.52397 0.4472 0.5207 0.4472 0.51852 0.44612 0.51961 0.44612 0.52505 0.44504 0.52614 0.44504 0.52723 0.44397 0.52832 0.44397 0.53159 0.44289 0.53268 0.44289 0.53813 0.44181 0.53922 0.44181 0.54139 0.44289 0.54248 0.44289 0.54684 0.44397 0.54793 0.44397 0.55011 0.44504 0.5512 0.44397 0.55229 0.44504 0.55338 0.44504 0.55447 0.44612 0.55556 0.44612 0.55773 0.44504 0.55882 0.44612 0.55991 0.44612 0.561 0.4472 0.56209 0.4472 0.56427 0.44828 0.56536 0.4472 0.56645 0.44828 0.56754 0.44828 0.56863 0.45043 0.57081 0.45043 0.57298 0.4569 0.57952 0.4569 0.5817 0.46121 0.58606 0.46121 0.58715 0.46444 0.59041 0.46444 0.5915 0.46875 0.59586 0.46875 0.59695 0.47198 0.60022 0.47198 0.60131 0.47414 0.60131 0.47522 0.6024 0.47522 0.60349 0.47629 0.60349 0.47737 0.60458 0.47953 0.60458 0.48168 0.60675 0.48276 0.60675 0.48384 0.60784 0.48599 0.60784 0.48922 0.61111 0.49138 0.61111 0.49246 0.6122 0.49353 0.6122 0.49569 0.61438 0.49784 0.61438 0.50108 0.61765 0.50323 0.61765 0.50431 0.61874 0.50539 0.61874 0.50647 0.61983 0.50862 0.61983 0.5097 0.61874 0.51724 0.61874 0.51832 0.61765 0.5194 0.61765 0.52047 0.61874 0.52263 0.61874 0.52371 0.61765 0.52586 0.61765 0.52694 0.61874 0.52802 0.61765 0.53125 0.61765 0.53233 0.61656 0.53341 0.61765 0.53556 0.61765 0.53664 0.61656 0.53879 0.61656 0.53987 0.61765 0.54095 0.61656 0.54418 0.61656 0.54526 0.61547 0.54634 0.61547 0.54741 0.61656 0.54849 0.61547 0.54957 0.61547 0.55065 0.61438 0.55711 0.61438 0.55819 0.61329 0.55927 0.61329 0.56034 0.61438 0.56142 0.61329 0.56358 0.61329 0.56466 0.6122 0.56897 0.6122 0.57004 0.61111 0.5722 0.61111 0.57328 0.61002 0.57435 0.61111 0.57543 0.61111 0.57651 0.61002 0.58082 0.61002 0.58728 0.60349 0.58944 0.60349 0.59159 0.60131 0.59267 0.60131 0.59267 0.60022 0.59375 0.59913 0.59483 0.60022 0.59698 0.59804 0.59806 0.59804 0.60129 0.59477 0.60237 0.59477 0.6056 0.5915 0.60668 0.5915 0.60776 0.59041 0.60884 0.59041 0.61315 0.58606 0.61422 0.58606 0.61422 0.58497 0.6153 0.58388 0.61638 0.58388 0.61638 0.58279 0.61746 0.5817 0.61746 0.58061 0.61853 0.57952 0.61961 0.57952 0.61961 0.57843 0.62177 0.57625 0.62177 0.57516 0.62392 0.57298 0.625 0.57298 0.625 0.5719 0.62716 0.56972 0.62716 0.56863 0.62931 0.56645 0.63039 0.56645 0.63039 0.56536 0.63147 0.56427 0.63147 0.56318 0.63578 0.55882 0.63578 0.55773 0.63901 0.55447 0.64009 0.55447 0.64009 0.55338 0.64116 0.55229 0.64116 0.55011 0.64332 0.54793 0.64332 0.54466 0.6444 0.54357 0.6444 0.54248 0.64547 0.54139 0.64547 0.54031 0.64655 0.53922 0.64655 0.53595 0.64763 0.53486 0.64871 0.53486 0.64871 0.5305 0.65086 0.52832 0.65086 0.52505 0.65194 0.52397 0.65194 0.52288 0.65302 0.52179 0.65302 0.51634 0.65409 0.51525 0.65409 0.51307 0.65302 0.51198 0.65302 0.5098 0.65409 0.50871 0.65409 0.50545 0.65302 0.50436 0.65302 0.50218 0.65409 0.50109 0.65409 0.49782 0.65302 0.49673 0.65302 0.49564 0.65409 0.49455 0.65409 0.4902 0.65302 0.48911 0.65409 0.48802 0.65409 0.47821 0.65302 0.47712 0.65302 0.47277 0.65194 0.47168 0.65194 0.47059 0.65086 0.4695 0.65086 0.46841 0.65194 0.46732 0.65086 0.46623 0.65086 0.46405 0.64978 0.46296 0.64978 0.46187 0.65086 0.46078 0.64978 0.45969 0.64978 0.45861 0.64871 0.45752 0.64871 0.45425 0.64547 0.45098 0.64547 0.44989 0.64332 0.44771 0.64332 0.44662 0.64009 0.44336 0.64009 0.44227 0.63901 0.44118 0.63901 0.44009 0.63362 0.43464 0.63362 0.43137 0.63254 0.43028 0.63254 0.42919 0.63039 0.42702 0.63147 0.42593 0.62823 0.42266 0.62823 0.41939 0.62716 0.4183 0.62716 0.41721
0 0.53125 0.38344 0.53017 0.38453 0.52694 0.38453 0.52586 0.38562 0.52478 0.38453 0.52371 0.38453 0.52263 0.38562 0.52155 0.38562 0.52047 0.38671 0.5194 0.38671 0.51832 0.38562 0.51616 0.38562 0.51509 0.38671 0.51401 0.38671 0.51293 0.3878 0.51185 0.38671 0.51078 0.3878 0.5097 0.3878 0.50754 0.38998 0.50647 0.38998 0.50539 0.39107 0.50216 0.39107 0.50108 0.38998 0.5 0.38998 0.49892 0.38889 0.49784 0.38889 0.49677 0.38998 0.49569 0.38998 0.49461 0.39107 0.49461 0.39216 0.49353 0.39325 0.49353 0.39434 0.49246 0.39542 0.4903 0.39542 0.4903 0.3976 0.48922 0.39869 0.48922 0.39978 0.48707 0.40196 0.48707 0.40305 0.48491 0.40523 0.48491 0.40632 0.48384 0.40741 0.4806 0.40741 0.47953 0.4085 0.4806 0.40959 0.4806 0.41176 0.48276 0.41176 0.48384 0.41285 0.48384 0.41176 0.48599 0.40959 0.48815 0.40959 0.48922 0.4085 0.4903 0.40959 0.49138 0.4085 0.49246 0.4085 0.49353 0.40741 0.49569 0.40741 0.49677 0.40632 0.49892 0.4085 0.50323 0.4085 0.50431 0.40959 0.50539 0.4085 0.5097 0.4085 0.51078 0.40959 0.51293 0.40959 0.51401 0.41068 0.51616 0.41068 0.51724 0.41176 0.52263 0.41176 0.52371 0.41285 0.52909 0.41285 0.53017 0.41394 0.53556 0.41394 0.53664 0.41503 0.54203 0.41503 0.5431 0.41612 0.54849 0.41612 0.54957 0.41721 0.55172 0.41721 0.5528 0.4183 0.55496 0.4183 0.55603 0.41939 0.55603 0.42048 0.55819 0.42048 0.55927 0.42157 0.56034 0.42157 0.56358 0.42484 0.56466 0.42484 0.56573 0.42593 0.56681 0.42593 0.57004 0.42919 0.57435 0.42919 0.57651 0.42702 0.57651 0.42484 0.57759 0.42375 0.57866 0.42484 0.57866 0.42919 0.57974 0.43028 0.58405 0.43028 0.58513 0.43137 0.58728 0.43137 0.58836 0.43246 0.58836 0.43355 0.58944 0.43355 0.59052 0.43464 0.59159 0.43464 0.59267 0.43573 0.59267 0.43682 0.59375 0.43791 0.59483 0.43791 0.59591 0.43682 0.59698 0.43682 0.59914 0.43464 0.59914 0.43355 0.60022 0.43246 0.60022 0.43137 0.60129 0.43028 0.60345 0.43028 0.60345 0.42919 0.60453 0.4281 0.60453 0.42593 0.60884 0.42157 0.60884 0.42048 0.61099 0.4183 0.61207 0.4183 0.61315 0.41721 0.61422 0.41721 0.6153 0.41612 0.61746 0.41612 0.61961 0.41394 0.62069 0.41394 0.62177 0.41285 0.62392 0.41285 0.625 0.41176 0.625 0.41068 0.62608 0.40959 0.62608 0.4085 0.62392 0.40632 0.62392 0.40523 0.62069 0.40196 0.61961 0.40196 0.61638 0.39869 0.61638 0.3976 0.6153 0.3976 0.61315 0.39542 0.61099 0.39542 0.60991 0.39434 0.60991 0.39325 0.60776 0.39325 0.60668 0.39216 0.6056 0.39216 0.60453 0.39107 0.60453 0.38998 0.60237 0.38998 0.60129 0.38889 0.59914 0.38889 0.59806 0.3878 0.59267 0.3878 0.59159 0.38671 0.59052 0.3878 0.59052 0.38889 0.58944 0.38998 0.58836 0.38998 0.58836 0.39216 0.58944 0.39325 0.58944 0.39542 0.58836 0.39651 0.58944 0.3976 0.58944 0.40196 0.58836 0.40305 0.58728 0.40196 0.58728 0.39869 0.58621 0.3976 0.58621 0.39542 0.58297 0.39216 0.58082 0.39216 0.57974 0.39107 0.57866 0.39107 0.57759 0.38998 0.57543 0.38998 0.57435 0.38889 0.57328 0.38889 0.57112 0.38671 0.56573 0.38671 0.56466 0.38562 0.55927 0.38562 0.55819 0.38453 0.55388 0.38453 0.5528 0.38562 0.55172 0.38453 0.54634 0.38453 0.54526 0.38344 0.5431 0.38344 0.54203 0.38453 0.53879 0.38453 0.53772 0.38344 0.53664 0.38344 0.53556 0.38453 0.53233 0.38453
0 0.17672 0.25381 0.17565 0.2549 0.17457 0.2549 0.17026 0.25926 0.16918 0.25926 0.16703 0.26144 0.16595 0.26144 0.16487 0.26253 0.16487 0.26362 0.16379 0.26471 0.16272 0.26471 0.16056 0.26688 0.15948 0.26688 0.15625 0.27015 0.15517 0.27015 0.14978 0.2756 0.14871 0.2756 0.14547 0.27887 0.1444 0.27887 0.14224 0.28105 0.14116 0.28105 0.13901 0.28322 0.13901 0.28431 0.13793 0.2854 0.13685 0.2854 0.13362 0.28867 0.13362 0.29085 0.13254 0.29194 0.13147 0.29194 0.13147 0.29412 0.13039 0.29521 0.13039 0.29739 0.12931 0.29847 0.12823 0.29847 0.12823 0.30065 0.12716 0.30174 0.12716 0.30283 0.125 0.30501 0.125 0.3061 0.12392 0.30719 0.12392 0.31046 0.12284 0.31155 0.12177 0.31155 0.12177 0.31264 0.12069 0.31373 0.12069 0.3159 0.11961 0.31699 0.11853 0.31699 0.11853 0.31917 0.11746 0.32026 0.11746 0.32244 0.11638 0.32353 0.1153 0.32353 0.1153 0.32571 0.11422 0.3268 0.11422 0.32898 0.11207 0.33115 0.11207 0.33551 0.11099 0.3366 0.10991 0.3366 0.10991 0.34205 0.10776 0.34423 0.10776 0.34858 0.1056 0.35076 0.1056 0.35512 0.10345 0.3573 0.10345 0.36166 0.10129 0.36383 0.10237 0.36492 0.10237 0.36819 0.10129 0.36928 0.10129 0.37582 0.10022 0.37691 0.10022 0.38235 0.09914 0.38344 0.09914 0.38889 0.09806 0.38998 0.09806 0.39542 0.09698 0.39651 0.09698 0.40196 0.09591 0.40305 0.09591 0.4085 0.09483 0.40959 0.09483 0.41503 0.09375 0.41612 0.09375 0.42157 0.09267 0.42266 0.09267 0.42593 0.09375 0.42702 0.09375 0.4281 0.09267 0.42919 0.09375 0.4281 0.09591 0.4281 0.09698 0.42919 0.09806 0.4281 0.10022 0.4281 0.10129 0.42702 0.10237 0.42702 0.10345 0.4281 0.10453 0.42702 0.1056 0.42702 0.10668 0.42593 0.10884 0.42593 0.10991 0.42484 0.11099 0.42593 0.11207 0.42593 0.11315 0.42484 0.11422 0.42484 0.1153 0.42375 0.11638 0.42375 0.11746 0.42484 0.11853 0.42375 0.12177 0.42375 0.12284 0.42266 0.12392 0.42375 0.125 0.42266 0.12716 0.42266 0.12823 0.42157 0.13147 0.42157 0.13254 0.42048 0.13362 0.42048 0.1347 0.41939 0.13578 0.41939 0.13685 0.4183 0.13793 0.41939 0.14009 0.41939 0.14116 0.4183 0.14224 0.4183 0.14332 0.41721 0.1444 0.4183 0.14547 0.41721 0.14655 0.41721 0.14763 0.41612 0.14871 0.41612 0.14978 0.41503 0.15086 0.41612 0.15194 0.41503 0.15409 0.41503 0.15517 0.41394 0.16379 0.41394 0.16487 0.41503 0.17026 0.41503 0.17134 0.41612 0.17349 0.41612 0.17457 0.41503 0.17672 0.41503 0.1778 0.41612 0.18319 0.41612 0.18427 0.41721 0.18966 0.41721 0.19073 0.4183 0.19612 0.4183 0.1972 0.41939 0.20259 0.41939 0.20366 0.42048 0.20797 0.42048 0.20905 0.41939 0.21013 0.41939 0.21121 0.42048 0.21659 0.42048 0.21767 0.42157 0.22306 0.42157 0.22414 0.42266 0.22953 0.42266 0.2306 0.42375 0.23599 0.42375 0.23707 0.42484 0.23815 0.42484 0.23922 0.42375 0.24246 0.42375 0.24353 0.42484 0.24892 0.42484 0.25 0.42593 0.25539 0.42593 0.25647 0.42702 0.25754 0.42593 0.26185 0.42593 0.26293 0.42702 0.26832 0.42702 0.2694 0.4281 0.27047 0.4281 0.27155 0.42919 0.27371 0.42919 0.27586 0.43137 0.27586 0.43246 0.27802 0.43246 0.27909 0.43355 0.28017 0.43355 0.28233 0.43573 0.28341 0.43573 0.28448 0.43682 0.28556 0.43682 0.28879 0.44009 0.28987 0.44009 0.29095 0.44118 0.29203 0.44118 0.2931 0.44227 0.29418 0.44227 0.29634 0.44444 0.29741 0.44444 0.29849 0.44553 0.29957 0.44553 0.3028 0.4488 0.30496 0.4488 0.30603 0.44989 0.30711 0.4488 0.30819 0.44989 0.30927 0.4488 0.31034 0.4488 0.31142 0.44771 0.3125 0.44771 0.31358 0.44662 0.31681 0.44662 0.31789 0.44553 0.31897 0.44553 0.32112 0.44336 0.3222 0.44444 0.32328 0.44336 0.32435 0.44336 0.32651 0.44118 0.33082 0.44118 0.33297 0.439 0.33621 0.439 0.33728 0.43791 0.33836 0.43791 0.34052 0.43573 0.34159 0.43573 0.34267 0.43682 0.34806 0.43682 0.34914 0.43791 0.35453 0.43791 0.3556 0.439 0.36099 0.439 0.36207 0.44009 0.36746 0.44009 0.36853 0.44118 0.37392 0.44118 0.375 0.44227 0.37608 0.44118 0.38039 0.44118 0.38147 0.44227 0.38685 0.44227 0.38793 0.44336 0.39332 0.44336 0.3944 0.44444 0.39978 0.44444 0.40086 0.44553 0.40733 0.44553 0.40841 0.44662 0.41056 0.44662 0.41164 0.44771 0.41379 0.44771 0.41487 0.4488 0.42026 0.4488 0.42134 0.44989 0.42672 0.44989 0.4278 0.45098 0.42996 0.45098 0.43103 0.44989 0.43211 0.44989 0.43211 0.44771 0.43319 0.44662 0.43319 0.44553 0.43534 0.44336 0.43534 0.44118 0.43427 0.44009 0.43427 0.439 0.43319 0.43791 0.43319 0.43682 0.43103 0.43464 0.42996 0.43464 0.4278 0.43246 0.4278 0.43137 0.42672 0.43028 0.42672 0.42919 0.42241 0.42484 0.42241 0.42375 0.42134 0.42375 0.42026 0.42266 0.42026 0.42157 0.41487 0.41612 0.41487 0.41503 0.41164 0.41176 0.41056 0.41176 0.40948 0.41068 0.40948 0.40959 0.40841 0.4085 0.40841 0.40741 0.40517 0.40414 0.40517 0.40305 0.40409 0.40196 0.40409 0.39869 0.40302 0.3976 0.40302 0.39651 0.40194 0.39542 0.40194 0.39216 0.40086 0.39107 0.40086 0.38998 0.39978 0.38998 0.39871 0.38889 0.39763 0.38889 0.39655 0.38998 0.39547 0.38998 0.3944 0.39107 0.39332 0.39107 0.39224 0.39216 0.39116 0.39107 0.39009 0.39216 0.38901 0.39216 0.38793 0.39325 0.38685 0.39216 0.38578 0.39216 0.3847 0.39107 0.38254 0.39107 0.38147 0.38998 0.37931 0.38998 0.37823 0.38889 0.37608 0.38889 0.375 0.3878 0.37284 0.3878 0.37177 0.38671 0.37069 0.38671 0.36961 0.38562 0.36638 0.38562 0.3653 0.38453 0.3653 0.38344 0.36099 0.38344 0.35884 0.38126 0.35453 0.38126 0.35129 0.378 0.35022 0.378 0.34806 0.37582 0.34698 0.37582 0.34591 0.37473 0.34591 0.37364 0.34483 0.37364 0.34375 0.37255 0.34267 0.37255 0.34159 0.37146 0.34052 0.37146 0.33944 0.37037 0.33944 0.36928 0.33836 0.36819 0.33728 0.36819 0.33297 0.36383 0.3319 0.36383 0.33082 0.36275 0.32974 0.36275 0.32759 0.36057 0.32759 0.35948 0.32543 0.35948 0.32328 0.3573 0.3222 0.3573 0.32004 0.35512 0.31897 0.35512 0.31681 0.35294 0.31573 0.35294 0.31466 0.35185 0.31466 0.35076 0.31358 0.35076 0.3125 0.34967 0.31034 0.34967 0.30603 0.34532 0.30496 0.34532 0.30388 0.34423 0.3028 0.34423 0.30065 0.34205 0.29957 0.34205 0.29849 0.34096 0.29741 0.34096 0.29634 0.33987 0.29634 0.33878 0.29418 0.3366 0.2931 0.3366 0.28987 0.33333 0.28987 0.33224 0.28879 0.33224 0.28772 0.33115 0.28772 0.33007 0.28664 0.33007 0.28125 0.32462 0.28125 0.32353 0.28017 0.32353 0.27802 0.32135 0.27802 0.32026 0.27694 0.32026 0.27478 0.31808 0.27371 0.31808 0.27263 0.31699 0.27263 0.3159 0.27155 0.31481 0.27155 0.31373 0.26724 0.30937 0.26724 0.30828 0.26509 0.3061 0.26509 0.30501 0.26401 0.30392 0.26401 0.30174 0.2597 0.29739 0.2597 0.2963 0.25862 0.29521 0.25862 0.29412 0.25647 0.29194 0.25647 0.29085 0.25431 0.28867 0.25431 0.28758 0.25323 0.28649 0.25323 0.2854 0.25108 0.28322 0.25 0.28322 0.24784 0.28105 0.24784 0.27887 0.24677 0.27887 0.24138 0.27342 0.24138 0.27233 0.23922 0.27015 0.23815 0.27015 0.23491 0.26688 0.23491 0.26471 0.23384 0.26471 0.22845 0.25926 0.22845 0.25817 0.22737 0.25708 0.22629 0.25708 0.22522 0.25599 0.22414 0.25599 0.22306 0.2549 0.22198 0.2549 0.22091 0.25599 0.21767 0.25599 0.21659 0.2549 0.21228 0.2549 0.21121 0.25599 0.21013 0.2549 0.20474 0.2549 0.20366 0.25381 0.20259 0.2549 0.1972 0.2549 0.19612 0.25381 0.19504 0.25381 0.19397 0.2549 0.19073 0.2549 0.18966 0.25381 0.18642 0.25381 0.18534 0.2549 0.18427 0.2549 0.18319 0.25381
