0 0.48922 0.54684 0.48815 0.54793 0.48707 0.54793 0.48384 0.5512 0.48384 0.55447 0.48276 0.55556 0.48276 0.55882 0.48384 0.55991 0.48384 0.56318 0.48491 0.56318 0.4903 0.56863 0.49138 0.56754 0.49246 0.56863 0.49569 0.56863 0.49677 0.56754 0.50108 0.56754 0.50216 0.56645 0.50216 0.56536 0.50431 0.56318 0.50431 0.55773 0.50323 0.55664 0.50323 0.55338 0.50216 0.55229 0.50216 0.5512 0.5 0.5512 0.49677 0.54793 0.49461 0.54793 0.49353 0.54684
0
0 0.5097 0.50763 0.5097 0.50871 0.50647 0.51198 0.50431 0.51198 0.50323 0.51307 0.50216 0.51307 0.50108 0.51416 0.50108 0.51525 0.5 0.51634 0.5 0.5207 0.50323 0.52397 0.50323 0.52614 0.50431 0.52614 0.50862 0.5305 0.5097 0.5305 0.51078 0.53159 0.51185 0.5305 0.51616 0.5305 0.51616 0.52941 0.51724 0.52832 0.52263 0.52832 0.52478 0.52614 0.52586 0.52614 0.52694 0.52505 0.52694 0.52397 0.52802 0.52288 0.52802 0.51852 0.52694 0.51743 0.52694 0.51525 0.52586 0.51416 0.52586 0.51307 0.52478 0.51307 0.52371 0.51198 0.52371 0.51089 0.52155 0.50871 0.52047 0.50871 0.5194 0.50763
0
0 0.44828 0.49564 0.4472 0.49673 0.44289 0.49673 0.44289 0.49782 0.43966 0.50109 0.43966 0.50218 0.43858 0.50327 0.43858 0.50763 0.43966 0.50763 0.44073 0.50871 0.44073 0.5098 0.44289 0.51198 0.44397 0.51198 0.44504 0.51307 0.44612 0.51307 0.4472 0.51416 0.44935 0.51416 0.45043 0.51307 0.45259 0.51307 0.45474 0.51089 0.45474 0.5098 0.4569 0.50763 0.4569 0.50654 0.45582 0.50545 0.4569 0.50436 0.4569 0.50109 0.45474 0.49891 0.45366 0.49891 0.45043 0.49564
0 0.44073 0.47712 0.43966 0.47821 0.4375 0.47821 0.43642 0.4793 0.43534 0.4793 0.43427 0.48039 0.43103 0.48039 0.42996 0.4793 0.42888 0.4793 0.4278 0.48039 0.42672 0.4793 0.42241 0.4793 0.42134 0.48039 0.41164 0.48039 0.41056 0.48148 0.41056 0.48257 0.40841 0.48475 0.40841 0.48584 0.40948 0.48693 0.40948 0.48911 0.41056 0.4902 0.41164 0.4902 0.41272 0.49129 0.41595 0.49129 0.41703 0.49237 0.4181 0.49129 0.42241 0.49129 0.42349 0.4902 0.42672 0.4902 0.4278 0.49129 0.42888 0.49129 0.42996 0.4902 0.43103 0.4902 0.43211 0.49129 0.43534 0.49129 0.43642 0.4902 0.44073 0.4902 0.44289 0.48802 0.44397 0.48802 0.44612 0.48584 0.44612 0.48475 0.4472 0.48366 0.44612 0.48257 0.44612 0.48039 0.44397 0.47821 0.44289 0.47821 0.44181 0.47712
0 0.60129 0.45534 0.60022 0.45643 0.59806 0.45643 0.59591 0.45861 0.59591 0.45969 0.59375 0.46187 0.59267 0.46187 0.59052 0.46405 0.59052 0.46514 0.58944 0.46623 0.58836 0.46623 0.58621 0.46841 0.58513 0.46841 0.58513 0.47168 0.58405 0.47277 0.58405 0.47386 0.58297 0.47495 0.58297 0.4793 0.5819 0.48039 0.5819 0.48257 0.58297 0.48366 0.5819 0.48475 0.5819 0.49455 0.58297 0.49564 0.58297 0.5 0.58405 0.50109 0.58405 0.50218 0.58513 0.50327 0.58513 0.50654 0.58621 0.50763 0.58513 0.50871 0.58513 0.51198 0.58621 0.51307 0.58621 0.51634 0.58513 0.51743 0.58513 0.51852 0.58621 0.51961 0.58621 0.52179 0.58728 0.52288 0.58728 0.52397 0.58836 0.52505 0.58836 0.52723 0.58944 0.52832 0.58944 0.52941 0.59052 0.52941 0.59483 0.53377 0.59483 0.53486 0.59591 0.53595 0.59806 0.53595 0.60129 0.53922 0.60345 0.53922 0.60453 0.54031 0.60991 0.54031 0.61099 0.54139 0.61207 0.54139 0.61315 0.54248 0.6153 0.54248 0.61638 0.54357 0.61746 0.54357 0.61853 0.54466 0.61961 0.54466 0.62069 0.54575 0.62177 0.54466 0.62284 0.54575 0.62392 0.54575 0.625 0.54684 0.62392 0.54793 0.62177 0.54793 0.62069 0.54902 0.61961 0.54902 0.61853 0.55011 0.61315 0.55011 0.61099 0.54793 0.60776 0.54793 0.60668 0.54684 0.60453 0.54684 0.60345 0.54575 0.60237 0.54684 0.59914 0.54684 0.59698 0.54466 0.59698 0.54357 0.59591 0.54248 0.59483 0.54248 0.59052 0.53813 0.58944 0.53922 0.58836 0.53813 0.58728 0.53922 0.58728 0.54031 0.58405 0.54357 0.58297 0.54357 0.57974 0.54031 0.58082 0.53922 0.58082 0.53813 0.5819 0.53704 0.58082 0.53595 0.57651 0.53595 0.57543 0.53486 0.57435 0.53595 0.57328 0.53595 0.5722 0.53704 0.5722 0.54031 0.57112 0.54139 0.57112 0.54248 0.56681 0.54684 0.56466 0.54684 0.56358 0.54575 0.56142 0.54575 0.56034 0.54684 0.55819 0.54684 0.55819 0.54793 0.55711 0.54902 0.55711 0.5512 0.55819 0.55229 0.55819 0.55773 0.55927 0.55882 0.55927 0.56209 0.56034 0.56318 0.56358 0.56318 0.56466 0.56209 0.56789 0.56209 0.56897 0.561 0.57004 0.56209 0.57328 0.56209 0.57435 0.56318 0.57543 0.56209 0.57651 0.56209 0.57759 0.56318 0.5819 0.56318 0.58297 0.56427 0.58621 0.56427 0.58728 0.56318 0.58944 0.56318 0.59375 0.56754 0.59375 0.56863 0.59267 0.56972 0.59267 0.57081 0.59375 0.5719 0.59591 0.5719 0.59698 0.57298 0.60668 0.57298 0.60991 0.57625 0.6153 0.57625 0.61746 0.57843 0.61746 0.57952 0.61638 0.58061 0.6153 0.58061 0.61315 0.58279 0.61422 0.58279 0.61638 0.58497 0.62069 0.58497 0.62392 0.58824 0.625 0.58824 0.62716 0.59041 0.62716 0.59368 0.62823 0.59477 0.62823 0.59804 0.62931 0.59913 0.62931 0.60022 0.63254 0.60022 0.63685 0.60458 0.63901 0.60458 0.64009 0.60566 0.63901 0.60675 0.63901 0.60784 0.63793 0.60893 0.63685 0.60893 0.6347 0.61111 0.63578 0.6122 0.63578 0.61329 0.63685 0.61438 0.63685 0.61547 0.63793 0.61656 0.64009 0.61656 0.64224 0.61874 0.64547 0.61874 0.64655 0.61765 0.64763 0.61874 0.64763 0.61983 0.64871 0.62092 0.64655 0.62309 0.64655 0.62418 0.64547 0.62527 0.6444 0.62527 0.64655 0.62745 0.64655 0.62854 0.64763 0.62854 0.64871 0.62963 0.64871 0.63072 0.64978 0.63181 0.64978 0.63399 0.65086 0.63508 0.65086 0.63834 0.64978 0.63943 0.64978 0.64052 0.65086 0.64161 0.65086 0.64706 0.65194 0.64706 0.65302 0.64815 0.65302 0.65251 0.65409 0.65359 0.65409 0.65468 0.65302 0.65577 0.65302 0.65904 0.65409 0.66013 0.65409 0.66231 0.65517 0.6634 0.65517 0.66449 0.65625 0.66449 0.65841 0.66667 0.65841 0.66885 0.65733 0.66993 0.65948 0.67211 0.65948 0.67538 0.66056 0.67647 0.66164 0.67647 0.66487 0.67974 0.66918 0.67974 0.67134 0.67756 0.67457 0.67756 0.67565 0.67647 0.67672 0.67756 0.67888 0.67756 0.67996 0.67865 0.68103 0.67865 0.68211 0.67756 0.68319 0.67865 0.68319 0.67974 0.68534 0.67974 0.6875 0.67756 0.69612 0.67756 0.6972 0.67865 0.70151 0.67865 0.70259 0.67756 0.70366 0.67756 0.70474 0.67865 0.70582 0.67756 0.7069 0.67865 0.7069 0.67974 0.70797 0.68083 0.70797 0.68192 0.70905 0.68301 0.71013 0.68301 0.71228 0.68083 0.71444 0.68301 0.71659 0.68301 0.71767 0.6841 0.71767 0.68301 0.71875 0.68192 0.72091 0.68192 0.72198 0.68301 0.72414 0.68301 0.72522 0.6841 0.72737 0.6841 0.72845 0.68519 0.72953 0.68519 0.7306 0.6841 0.73276 0.6841 0.73384 0.68301 0.73491 0.68301 0.73491 0.68083 0.73599 0.67974 0.73707 0.67974 0.73815 0.68083 0.73922 0.68083 0.7403 0.68192 0.74138 0.68192 0.74138 0.68083 0.74246 0.67974 0.74569 0.67974 0.74677 0.68083 0.74784 0.67974 0.75 0.67974 0.75216 0.68192 0.75323 0.68192 0.75323 0.68083 0.75539 0.67865 0.75647 0.67865 0.75754 0.67974 0.76078 0.67974 0.76509 0.6841 0.76509 0.68301 0.76616 0.68192 0.76832 0.68192 0.77155 0.68519 0.77155 0.68627 0.77371 0.68627 0.77478 0.68736 0.77694 0.68736 0.77802 0.68845 0.77909 0.68845 0.78017 0.68954 0.78125 0.68954 0.78448 0.69281 0.78125 0.69608 0.78017 0.69608 0.78341 0.69935 0.78772 0.69935 0.78879 0.70044 0.79095 0.70044 0.79203 0.69935 0.79418 0.69935 0.79526 0.70044 0.79957 0.70044 0.80065 0.70153 0.80819 0.70153 0.81034 0.7037 0.80819 0.70588 0.80496 0.70588 0.80496 0.70697 0.80388 0.70806 0.79849 0.70806 0.79634 0.71024 0.79418 0.71024 0.79418 0.71133 0.79526 0.71242 0.79634 0.71242 0.79849 0.7146 0.79957 0.71351 0.80065 0.7146 0.80172 0.7146 0.8028 0.71569 0.80496 0.71569 0.80603 0.7146 0.81034 0.7146 0.81142 0.71351 0.8125 0.7146 0.81681 0.7146 0.81789 0.71351 0.82004 0.71351 0.82112 0.71242 0.8222 0.71242 0.8222 0.71133 0.82328 0.71024 0.82435 0.71024 0.82543 0.70915 0.82543 0.70697 0.82651 0.70588 0.82651 0.70479 0.82435 0.70261 0.82435 0.69935 0.82328 0.69826 0.82435 0.69717 0.82435 0.6939 0.82543 0.69281 0.82435 0.69172 0.82435 0.68954 0.82004 0.68519 0.81897 0.68519 0.81573 0.68192 0.81573 0.68083 0.81466 0.67974 0.81466 0.67647 0.81142 0.6732 0.81142 0.67211 0.81034 0.67102 0.81034 0.66993 0.80711 0.66667 0.80603 0.66667 0.8028 0.6634 0.8028 0.66231 0.80065 0.66013 0.79957 0.66122 0.79849 0.66013 0.79849 0.65904 0.79741 0.65904 0.79634 0.65795 0.79634 0.65251 0.79418 0.65033 0.79418 0.64706 0.7931 0.64597 0.7931 0.64379 0.79418 0.6427 0.7931 0.64161 0.7931 0.64052 0.78879 0.64052 0.78772 0.63943 0.78341 0.63943 0.78233 0.63834 0.78017 0.63834 0.77909 0.63725 0.77909 0.63617 0.77802 0.63508 0.77802 0.63181 0.77909 0.63072 0.77909 0.62963 0.78017 0.62854 0.77909 0.62963 0.77694 0.62963 0.77586 0.62854 0.77371 0.62854 0.77263 0.62963 0.76724 0.62963 0.76616 0.63072 0.76401 0.63072 0.76185 0.62854 0.7597 0.62854 0.75862 0.62745 0.75647 0.62745 0.75539 0.62636 0.75431 0.62745 0.75323 0.62636 0.75216 0.62636 0.75 0.62418 0.74892 0.62418 0.74784 0.62527 0.74677 0.62527 0.74461 0.62309 0.74461 0.622 0.74569 0.62092 0.74784 0.62092 0.74784 0.61983 0.74892 0.61874 0.74353 0.61874 0.74138 0.62092 0.73922 0.62092 0.73815 0.61983 0.73707 0.61983 0.73599 0.62092 0.73384 0.62092 0.73276 0.61983 0.73168 0.61983 0.7306 0.61874 0.72953 0.61983 0.72845 0.61874 0.72522 0.61874 0.72414 0.61765 0.72306 0.61874 0.72198 0.61874 0.72091 0.61765 0.71983 0.61765 0.71875 0.61656 0.71767 0.61765 0.71659 0.61656 0.71659 0.61547 0.71336 0.6122 0.71228 0.6122 0.71121 0.61329 0.71013 0.6122 0.70905 0.6122 0.7069 0.61002 0.70366 0.61002 0.70259 0.60893 0.70151 0.60893 0.69935 0.60675 0.6972 0.60675 0.69504 0.60458 0.69504 0.60349 0.69397 0.6024 0.69181 0.6024 0.69073 0.60131 0.68966 0.60131 0.68642 0.59804 0.68427 0.59804 0.67996 0.59368 0.67996 0.59259 0.67888 0.5915 0.67888 0.59041 0.67672 0.58824 0.67672 0.58388 0.67241 0.57952 0.67134 0.57952 0.67026 0.57843 0.66918 0.57843 0.6681 0.57734 0.6681 0.57516 0.66703 0.57407 0.66703 0.57298 0.66595 0.5719 0.66595 0.56863 0.66487 0.56863 0.66379 0.56754 0.66272 0.56754 0.66056 0.56536 0.66056 0.56427 0.65948 0.56318 0.65948 0.56209 0.65841 0.56209 0.65733 0.561 0.65733 0.55556 0.65625 0.55556 0.65517 0.55447 0.65517 0.55229 0.65409 0.5512 0.65409 0.55011 0.65302 0.54902 0.65409 0.55011 0.65409 0.55229 0.65302 0.55338 0.65302 0.55447 0.65409 0.55556 0.65409 0.55882 0.65302 0.55991 0.65302 0.561 0.65409 0.56209 0.65409 0.56427 0.65302 0.56536 0.65302 0.56754 0.65194 0.56863 0.6444 0.561 0.6444 0.55991 0.64332 0.55882 0.64332 0.55773 0.64009 0.55447 0.63901 0.55447 0.63793 0.55338 0.63362 0.55338 0.63254 0.55229 0.63147 0.55229 0.63039 0.5512 0.62931 0.5512 0.62823 0.55011 0.62823 0.54902 0.625 0.54902 0.62392 0.54793 0.625 0.54684 0.62716 0.54684 0.62823 0.54575 0.63254 0.54575 0.63254 0.54466 0.63793 0.53922 0.63793 0.53704 0.63901 0.53595 0.63901 0.53486 0.64009 0.53377 0.64009 0.53268 0.63901 0.53159 0.64009 0.5305 0.64009 0.52832 0.64116 0.52723 0.64009 0.52614 0.64009 0.52288 0.64116 0.52179 0.64116 0.51852 0.64224 0.51743 0.64224 0.51634 0.6444 0.51416 0.64332 0.51307 0.6444 0.51198 0.6444 0.50763 0.64332 0.50654 0.64332 0.50436 0.6444 0.50327 0.6444 0.50218 0.64332 0.50109 0.64332 0.49564 0.64224 0.49455 0.64224 0.4902 0.64116 0.48911 0.64224 0.48802 0.64224 0.48584 0.64332 0.48475 0.64332 0.48366 0.64224 0.48257 0.64224 0.47821 0.64116 0.47712 0.64116 0.47603 0.64224 0.47495 0.64224 0.47168 0.64116 0.47168 0.64009 0.47059 0.64009 0.46841 0.63901 0.46732 0.63901 0.46623 0.63685 0.46623 0.6347 0.46405 0.6347 0.46296 0.63362 0.46187 0.63362 0.46078 0.63254 0.46078 0.63147 0.45969 0.63147 0.45861 0.62931 0.45861 0.62823 0.45752 0.62716 0.45752 0.62608 0.45643 0.625 0.45752 0.62392 0.45752 0.62284 0.45643 0.61746 0.45643 0.61638 0.45534 0.60776 0.45534 0.60668 0.45643 0.60237 0.45643
0 0.72629 0.439 0.72522 0.44009 0.72091 0.44009 0.71983 0.44118 0.71444 0.44118 0.71336 0.44227 0.70905 0.44227 0.70797 0.44336 0.70259 0.44336 0.70151 0.44444 0.69828 0.44444 0.6972 0.44553 0.6972 0.44662 0.69612 0.44771 0.69504 0.44771 0.69504 0.4488 0.69397 0.44989 0.69289 0.44989 0.69181 0.45098 0.69181 0.45207 0.69073 0.45316 0.68966 0.45316 0.68642 0.45643 0.68642 0.45752 0.68427 0.45969 0.68319 0.45969 0.68103 0.46187 0.68103 0.46296 0.67888 0.46514 0.6778 0.46514 0.67565 0.46732 0.67457 0.46732 0.67457 0.4695 0.67241 0.47168 0.67134 0.47168 0.6681 0.47495 0.6681 0.47603 0.66703 0.47712 0.66703 0.48039 0.6681 0.48148 0.6681 0.48693 0.66918 0.48802 0.66918 0.49237 0.67026 0.49346 0.67026 0.49891 0.67134 0.49891 0.67241 0.5 0.67241 0.50436 0.67349 0.50545 0.67349 0.51089 0.67457 0.51198 0.67457 0.51634 0.67565 0.51743 0.67565 0.52288 0.67672 0.52397 0.67672 0.52614 0.6778 0.52723 0.6778 0.52832 0.67888 0.52941 0.67888 0.53486 0.67996 0.53595 0.67996 0.53922 0.68211 0.54139 0.68211 0.54575 0.68319 0.54684 0.68319 0.5512 0.68534 0.55338 0.68534 0.55773 0.68642 0.55882 0.68642 0.56318 0.68858 0.56536 0.68858 0.56645 0.69073 0.56863 0.69073 0.56972 0.69181 0.56972 0.69289 0.57081 0.69289 0.5719 0.69397 0.57298 0.69397 0.57407 0.69828 0.57843 0.69828 0.57952 0.69935 0.58061 0.69935 0.5817 0.70043 0.5817 0.70151 0.58279 0.70151 0.58388 0.70259 0.58497 0.70366 0.58497 0.70474 0.58606 0.70474 0.58715 0.70582 0.58715 0.70905 0.59041 0.70905 0.5915 0.71013 0.5915 0.71121 0.59259 0.71228 0.59259 0.71444 0.59477 0.71444 0.59586 0.71552 0.59695 0.71659 0.59695 0.71767 0.59804 0.71875 0.59804 0.71983 0.59913 0.71983 0.60022 0.72198 0.6024 0.72306 0.6024 0.72414 0.60349 0.72522 0.60349 0.72629 0.60458 0.72737 0.60458 0.72845 0.60566 0.72953 0.60458 0.7306 0.60566 0.73168 0.60566 0.73276 0.60675 0.73384 0.60675 0.73491 0.60784 0.73599 0.60675 0.73707 0.60784 0.73922 0.60784 0.7403 0.60893 0.74138 0.60784 0.74246 0.60893 0.74353 0.60893 0.74461 0.61002 0.74569 0.61002 0.74677 0.61111 0.74784 0.61002 0.74892 0.61111 0.75 0.61111 0.75108 0.6122 0.75216 0.6122 0.75323 0.61329 0.75647 0.61329 0.75754 0.61438 0.7597 0.61438 0.76078 0.61547 0.76185 0.61438 0.76293 0.61547 0.76509 0.61547 0.76616 0.61438 0.77155 0.61438 0.77263 0.61329 0.77694 0.61329 0.77802 0.6122 0.78233 0.6122 0.78448 0.61002 0.78879 0.61002 0.78987 0.60893 0.79526 0.60893 0.79634 0.60784 0.80065 0.60784 0.80172 0.60675 0.80388 0.60675 0.80603 0.60458 0.80603 0.60131 0.80711 0.60022 0.80711 0.59913 0.80927 0.59695 0.80819 0.59586 0.81034 0.59368 0.81034 0.59259 0.81142 0.5915 0.81142 0.59041 0.8125 0.58932 0.81681 0.58932 0.81897 0.58715 0.82328 0.58715 0.82435 0.58606 0.82651 0.58606 0.82759 0.58497 0.82866 0.58497 0.82974 0.58388 0.83405 0.58388 0.83621 0.5817 0.83944 0.5817 0.84159 0.58388 0.84159 0.58606 0.84267 0.58606 0.84375 0.58715 0.84375 0.58932 0.84483 0.59041 0.84483 0.59259 0.84591 0.59259 0.84698 0.59368 0.84698 0.59586 0.84806 0.59695 0.84806 0.59804 0.84914 0.59804 0.85022 0.59913 0.85022 0.6024 0.85237 0.60458 0.85237 0.60566 0.85345 0.60675 0.85345 0.61002 0.85453 0.61002 0.8556 0.61111 0.8556 0.6122 0.85776 0.61438 0.85776 0.61547 0.85884 0.61547 0.85991 0.61656 0.85991 0.61765 0.86099 0.61874 0.86099 0.61983 0.86207 0.62092 0.86315 0.62092 0.8653 0.62309 0.8653 0.62418 0.86638 0.62527 0.86638 0.62636 0.86746 0.62636 0.86853 0.62745 0.86853 0.62854 0.86961 0.62963 0.86961 0.63072 0.87069 0.63072 0.87177 0.63181 0.87177 0.6329 0.87284 0.6329 0.87392 0.63399 0.87392 0.63508 0.875 0.63617 0.875 0.63725 0.87608 0.63834 0.87716 0.63834 0.87931 0.63617 0.88039 0.63617 0.88147 0.63508 0.88147 0.63399 0.88254 0.6329 0.88362 0.6329 0.88362 0.63181 0.8847 0.63072 0.88578 0.63072 0.89009 0.62636 0.89116 0.62636 0.89224 0.62527 0.89224 0.62418 0.8944 0.622 0.8944 0.62092 0.89547 0.61983 0.89547 0.61547 0.89655 0.61438 0.89655 0.61111 0.89763 0.61002 0.89763 0.60784 0.89871 0.60675 0.89763 0.60566 0.89763 0.60458 0.89871 0.60349 0.89871 0.6024 0.89978 0.60131 0.89978 0.59804 0.90086 0.59695 0.90086 0.59259 0.90194 0.5915 0.90194 0.58932 0.90302 0.58824 0.90194 0.58715 0.90302 0.58606 0.90302 0.58497 0.90409 0.58388 0.90409 0.57952 0.90517 0.57843 0.90517 0.57734 0.90625 0.57625 0.90625 0.57516 0.90517 0.57407 0.90625 0.57298 0.90625 0.56754 0.90733 0.56645 0.90733 0.56536 0.90841 0.56427 0.90841 0.56318 0.90733 0.56209 0.90841 0.561 0.90841 0.55991 0.90948 0.55882 0.90948 0.55447 0.91056 0.55338 0.91056 0.54793 0.91164 0.54684 0.91164 0.54248 0.91272 0.54139 0.91272 0.54031 0.91379 0.53922 0.91379 0.53813 0.91272 0.53704 0.91379 0.53595 0.91379 0.53486 0.91487 0.53377 0.91487 0.53268 0.91379 0.53159 0.91487 0.5305 0.91487 0.52832 0.91595 0.52723 0.91595 0.52614 0.91487 0.52505 0.91595 0.52397 0.91595 0.51961 0.91487 0.51852 0.91487 0.51416 0.91379 0.51307 0.91487 0.51198 0.91487 0.50763 0.91379 0.50654 0.91379 0.50218 0.91272 0.50109 0.91272 0.49782 0.91379 0.49673 0.91379 0.49564 0.91272 0.49455 0.91272 0.4902 0.91164 0.48911 0.91164 0.48366 0.91056 0.48257 0.91056 0.47821 0.90948 0.47712 0.90948 0.47168 0.90841 0.47059 0.90841 0.46732 0.90625 0.46514 0.90625 0.45969 0.90517 0.45861 0.90517 0.45425 0.90409 0.45316 0.90409 0.44989 0.90194 0.44989 0.90086 0.45098 0.89978 0.45098 0.89871 0.44989 0.89655 0.44989 0.89547 0.45098 0.89332 0.45098 0.89224 0.44989 0.89009 0.44989 0.88901 0.45098 0.88685 0.45098 0.88578 0.44989 0.8847 0.44989 0.88362 0.45098 0.88039 0.45098 0.87931 0.44989 0.87823 0.44989 0.87716 0.45098 0.87284 0.45098 0.87177 0.44989 0.87069 0.45098 0.86099 0.45098 0.85991 0.44989 0.85884 0.45098 0.84267 0.45098 0.84159 0.44989 0.84052 0.45098 0.83082 0.45098 0.82974 0.44989 0.82866 0.45098 0.81897 0.45098 0.81789 0.44989 0.81681 0.45098 0.80711 0.45098 0.80603 0.44989 0.80496 0.45098 0.80388 0.44989 0.8028 0.44989 0.80172 0.4488 0.79741 0.4488 0.79634 0.44771 0.79526 0.44771 0.79418 0.44662 0.7931 0.44662 0.79203 0.44771 0.79095 0.44662 0.78879 0.44662 0.78772 0.44553 0.78664 0.44662 0.78556 0.44553 0.78341 0.44553 0.78233 0.44444 0.77909 0.44444 0.77802 0.44336 0.77586 0.44336 0.77478 0.44227 0.77371 0.44336 0.77263 0.44336 0.77155 0.44227 0.7694 0.44227 0.76832 0.44336 0.76724 0.44227 0.7597 0.44227 0.75862 0.44118 0.75647 0.44118 0.75539 0.44227 0.75431 0.44118 0.74677 0.44118 0.74569 0.44009 0.74461 0.44009 0.74353 0.44118 0.74246 0.44118 0.74138 0.44009 0.73922 0.44009 0.73815 0.439 0.73707 0.44009 0.73491 0.44009 0.73384 0.439 0.73276 0.439 0.73168 0.44009 0.7306 0.44009 0.72953 0.439
0 0.40409 0.40087 0.40409 0.40196 0.40302 0.40305 0.39978 0.40305 0.39871 0.40414 0.39763 0.40414 0.39547 0.40632 0.39332 0.40632 0.38901 0.41068 0.38793 0.41068 0.38254 0.41612 0.38254 0.41721 0.38147 0.4183 0.38147 0.42157 0.3847 0.42484 0.38578 0.42484 0.38685 0.42593 0.38793 0.42593 0.38901 0.42702 0.39116 0.42702 0.39332 0.42919 0.3944 0.42919 0.39655 0.43137 0.39655 0.43246 0.39871 0.43464 0.39871 0.43573 0.39978 0.43682 0.39978 0.43791 0.40086 0.43791 0.40302 0.44009 0.40302 0.44118 0.40517 0.44336 0.40409 0.44444 0.40302 0.44444 0.40194 0.44336 0.40086 0.44336 0.39871 0.44118 0.39547 0.44118 0.3944 0.44227 0.39332 0.44227 0.39116 0.44444 0.39116 0.44662 0.38901 0.4488 0.38793 0.4488 0.38578 0.45098 0.38578 0.45207 0.3847 0.45316 0.3847 0.45425 0.38147 0.45752 0.38147 0.45861 0.37931 0.46078 0.37931 0.4695 0.37823 0.47059 0.37931 0.47168 0.375 0.47603 0.375 0.47712 0.37608 0.47821 0.37608 0.48257 0.37716 0.48366 0.37716 0.48584 0.37823 0.48693 0.37823 0.48911 0.38039 0.49129 0.38147 0.49129 0.38254 0.49237 0.38362 0.49237 0.3847 0.49346 0.38685 0.49346 0.38793 0.49237 0.38901 0.49237 0.39224 0.48911 0.39224 0.48802 0.39116 0.48693 0.39116 0.48257 0.39009 0.48148 0.39009 0.4793 0.38901 0.47821 0.38901 0.47495 0.39009 0.47386 0.39116 0.47386 0.39224 0.47277 0.39763 0.47277 0.39871 0.47168 0.40302 0.47168 0.40409 0.47059 0.40625 0.47059 0.40733 0.4695 0.40841 0.4695 0.40948 0.46841 0.41056 0.46841 0.41164 0.46732 0.41487 0.46732 0.41487 0.46623 0.41918 0.46187 0.4181 0.46078 0.4181 0.45534 0.41595 0.45316 0.41595 0.45098 0.41487 0.44989 0.41272 0.44989 0.40841 0.44553 0.40841 0.44336 0.41056 0.44118 0.41164 0.44118 0.41379 0.439 0.41595 0.439 0.41703 0.43791 0.4181 0.43791 0.41918 0.43682 0.42026 0.43682 0.42134 0.43573 0.42241 0.43573 0.42241 0.43137 0.42026 0.42919 0.42026 0.4281 0.41918 0.42702 0.41918 0.42593 0.42026 0.42484 0.42026 0.42375 0.42241 0.42157 0.42241 0.42048 0.42349 0.41939 0.42888 0.41939 0.42996 0.4183 0.43319 0.4183 0.43534 0.41612 0.44073 0.41612 0.44181 0.41503 0.44289 0.41612 0.45259 0.41612 0.45366 0.41503 0.45797 0.41503 0.45905 0.41394 0.46444 0.41394 0.46552 0.41285 0.46659 0.41394 0.46983 0.41394 0.47091 0.41285 0.47414 0.41285 0.47522 0.41394 0.47629 0.41394 0.47737 0.41285 0.47953 0.41285 0.4806 0.41394 0.48168 0.41394 0.48276 0.41503 0.48384 0.41394 0.48491 0.41394 0.48599 0.41503 0.48707 0.41503 0.48815 0.41612 0.4903 0.41612 0.49138 0.41721 0.49569 0.41721 0.49784 0.41939 0.49892 0.41939 0.50108 0.42157 0.50216 0.42157 0.50323 0.42266 0.50431 0.42266 0.5097 0.4281 0.51078 0.4281 0.51185 0.42919 0.51185 0.43028 0.51401 0.43246 0.51509 0.43246 0.51616 0.43355 0.51724 0.43355 0.5194 0.43573 0.5194 0.43682 0.52155 0.439 0.52263 0.439 0.52586 0.44227 0.52586 0.44444 0.52802 0.44444 0.53448 0.45098 0.53448 0.45207 0.53341 0.45316 0.53233 0.45316 0.53125 0.45425 0.53017 0.45425 0.53233 0.45643 0.53341 0.45643 0.53448 0.45752 0.53556 0.45752 0.53879 0.46078 0.53879 0.46187 0.53987 0.46187 0.54095 0.46296 0.54203 0.46296 0.5431 0.46405 0.5431 0.46732 0.54418 0.46732 0.54526 0.46841 0.54526 0.47386 0.54634 0.47495 0.54634 0.4793 0.54741 0.48039 0.54741 0.48584 0.54849 0.48693 0.54849 0.4902 0.54957 0.49129 0.54957 0.49782 0.55065 0.49891 0.55065 0.50327 0.55172 0.50436 0.55065 0.50545 0.55065 0.50654 0.54957 0.50763 0.54957 0.5098 0.55065 0.51089 0.54957 0.51198 0.54957 0.51416 0.54741 0.51634 0.54849 0.51743 0.54741 0.51852 0.54741 0.52288 0.54634 0.52397 0.54634 0.52614 0.54418 0.52832 0.54418 0.53159 0.54203 0.53377 0.54203 0.53595 0.53987 0.53813 0.53987 0.53922 0.53772 0.54139 0.53772 0.54357 0.53664 0.54466 0.53664 0.54575 0.53448 0.54793 0.53448 0.54902 0.53233 0.5512 0.53233 0.55229 0.53125 0.55338 0.53017 0.55338 0.52909 0.55447 0.52909 0.55556 0.52586 0.55882 0.52586 0.55991 0.52478 0.561 0.52478 0.56209 0.52155 0.56536 0.52047 0.56536 0.51832 0.56754 0.51724 0.56754 0.51401 0.57081 0.51293 0.57081 0.51185 0.5719 0.5097 0.5719 0.50862 0.57298 0.50754 0.57298 0.50647 0.57407 0.50539 0.57407 0.50431 0.57516 0.50323 0.57516 0.50216 0.57625 0.49784 0.57625 0.49677 0.57734 0.49569 0.57734 0.49461 0.57843 0.49246 0.57843 0.49138 0.57952 0.4903 0.57952 0.48922 0.58061 0.48599 0.58061 0.48491 0.5817 0.4806 0.5817 0.47953 0.58279 0.47629 0.58279 0.47522 0.58388 0.46983 0.58388 0.46875 0.58279 0.46767 0.58388 0.45797 0.58388 0.4569 0.58279 0.45582 0.58279 0.45474 0.58388 0.45366 0.58388 0.45259 0.58279 0.44935 0.58279 0.44828 0.5817 0.44612 0.5817 0.44504 0.58061 0.44397 0.58061 0.44289 0.5817 0.44181 0.58061 0.43966 0.58061 0.43858 0.57952 0.43642 0.57952 0.43534 0.57843 0.43427 0.57843 0.43211 0.57625 0.4278 0.57625 0.42565 0.57407 0.42457 0.57407 0.42134 0.57081 0.42026 0.57081 0.41918 0.56972 0.4181 0.56972 0.41379 0.56536 0.41164 0.56536 0.41056 0.56427 0.41056 0.56318 0.40948 0.56209 0.40948 0.55991 0.40841 0.55991 0.40733 0.55882 0.40733 0.55773 0.40625 0.55664 0.40625 0.55556 0.40517 0.55447 0.40409 0.55447 0.40302 0.55338 0.40302 0.55229 0.40194 0.5512 0.40194 0.55011 0.39978 0.54793 0.39978 0.54684 0.39871 0.54575 0.39871 0.54357 0.39547 0.54031 0.39547 0.53704 0.39332 0.53486 0.39332 0.53159 0.39224 0.53159 0.39116 0.5305 0.39009 0.5305 0.38793 0.52832 0.3847 0.52832 0.38254 0.5305 0.38254 0.53159 0.38147 0.53268 0.38147 0.53704 0.38254 0.53704 0.3847 0.53922 0.3847 0.54248 0.38578 0.54357 0.38578 0.54575 0.38793 0.54793 0.38793 0.54902 0.39009 0.5512 0.39009 0.55338 0.39224 0.55556 0.39224 0.55664 0.3944 0.55882 0.3944 0.55991 0.39655 0.56209 0.39655 0.56318 0.39871 0.56536 0.39871 0.56645 0.39978 0.56754 0.39978 0.56863 0.40302 0.5719 0.40409 0.5719 0.40625 0.57407 0.40733 0.57407 0.41056 0.57734 0.41164 0.57734 0.41272 0.57843 0.41379 0.57843 0.4181 0.58279 0.42026 0.58279 0.42349 0.58606 0.42457 0.58606 0.42565 0.58715 0.42888 0.58715 0.43211 0.59041 0.43319 0.58932 0.43427 0.58932 0.43642 0.5915 0.4375 0.5915 0.43858 0.59041 0.43966 0.5915 0.44073 0.5915 0.44181 0.59259 0.44828 0.59259 0.45043 0.59477 0.45151 0.59368 0.45366 0.59368 0.45474 0.59477 0.45582 0.59477 0.4569 0.59368 0.45797 0.59368 0.45905 0.59477 0.46767 0.59477 0.46875 0.59586 0.47414 0.59586 0.47414 0.59477 0.47522 0.59368 0.47629 0.59368 0.47737 0.59477 0.4806 0.59477 0.48276 0.59259 0.48599 0.59259 0.48707 0.5915 0.49246 0.5915 0.49353 0.59041 0.49461 0.59041 0.49569 0.58932 0.49784 0.58932 0.49892 0.58824 0.5 0.58824 0.50108 0.58715 0.50323 0.58715 0.50431 0.58606 0.50754 0.58606 0.50862 0.58497 0.5097 0.58497 0.51078 0.58388 0.51185 0.58388 0.51293 0.58279 0.51509 0.58279 0.51616 0.5817 0.51724 0.5817 0.51832 0.58061 0.5194 0.58061 0.52047 0.57952 0.52155 0.57952 0.52478 0.57625 0.52586 0.57625 0.52802 0.57407 0.52909 0.57407 0.53017 0.57298 0.53017 0.5719 0.53233 0.56972 0.53233 0.56863 0.53448 0.56645 0.53448 0.56536 0.53772 0.56209 0.53772 0.561 0.53879 0.55991 0.53987 0.55991 0.53987 0.55882 0.5431 0.55556 0.5431 0.55447 0.54418 0.55338 0.54418 0.55229 0.54849 0.54793 0.54849 0.54357 0.54957 0.54248 0.55065 0.54248 0.5528 0.54031 0.5528 0.53922 0.55388 0.53813 0.55388 0.53595 0.55496 0.53486 0.55388 0.53377 0.55496 0.53268 0.55496 0.53159 0.55603 0.5305 0.55603 0.52941 0.55711 0.52832 0.55603 0.52723 0.55711 0.52614 0.55711 0.52505 0.55819 0.52397 0.55819 0.51961 0.55927 0.51852 0.55927 0.51743 0.56142 0.51525 0.56034 0.51416 0.56034 0.51198 0.56142 0.51089 0.56142 0.5098 0.56034 0.50871 0.56142 0.50763 0.56142 0.49782 0.56034 0.49673 0.56034 0.49129 0.55927 0.4902 0.55927 0.48584 0.55819 0.48475 0.55819 0.4793 0.55711 0.47821 0.55711 0.47386 0.55603 0.47277 0.55603 0.46732 0.55496 0.46623 0.55496 0.46187 0.55172 0.45861 0.55172 0.45752 0.54957 0.45534 0.54849 0.45534 0.54741 0.45425 0.54741 0.45316 0.54634 0.45207 0.54741 0.45098 0.54741 0.44989 0.54634 0.4488 0.54634 0.44662 0.54418 0.44444 0.5431 0.44444 0.54203 0.44336 0.54203 0.44227 0.53987 0.44009 0.53879 0.44009 0.53772 0.439 0.53664 0.439 0.53556 0.43791 0.53556 0.43573 0.53341 0.43355 0.53233 0.43355 0.52047 0.42157 0.51832 0.42157 0.51724 0.42048 0.51724 0.41939 0.51401 0.41612 0.51185 0.41612 0.50754 0.41176 0.50647 0.41176 0.50539 0.41068 0.50431 0.41068 0.50108 0.40741 0.5 0.4085 0.49892 0.4085 0.49677 0.40632 0.49569 0.40632 0.49461 0.40523 0.49353 0.40632 0.4903 0.40305 0.48815 0.40305 0.48707 0.40414 0.48599 0.40305 0.48491 0.40305 0.48276 0.40087 0.48168 0.40087 0.4806 0.40196 0.46983 0.40196 0.46875 0.40305 0.46767 0.40196 0.46444 0.40196 0.46336 0.40305 0.45797 0.40305 0.4569 0.40414 0.45259 0.40414 0.45151 0.40523 0.44828 0.40523 0.4472 0.40414 0.44612 0.40414 0.44504 0.40523 0.44397 0.40523 0.44289 0.40414 0.44073 0.40414 0.43966 0.40523 0.43427 0.40523 0.43319 0.40632 0.42888 0.40632 0.42672 0.4085 0.42241 0.4085 0.42134 0.40959 0.41703 0.40959 0.41703 0.41068 0.41595 0.41176 0.41487 0.41176 0.41487 0.41285 0.41379 0.41394 0.41272 0.41394 0.41164 0.41285 0.41164 0.41068 0.41272 0.40959 0.41272 0.40741 0.41164 0.40632 0.41164 0.40414 0.41272 0.40305 0.41164 0.40196 0.41056 0.40196 0.40948 0.40087 0.40841 0.40196 0.40733 0.40087
0 0.81466 0.2756 0.81358 0.27669 0.80819 0.27669 0.80711 0.27778 0.8028 0.27778 0.80172 0.27887 0.79634 0.27887 0.79526 0.27996 0.79203 0.27996 0.79095 0.27887 0.78987 0.27996 0.78448 0.27996 0.78341 0.28105 0.77909 0.28105 0.77802 0.28214 0.77263 0.28214 0.77155 0.28322 0.76724 0.28322 0.76616 0.28431 0.76509 0.28431 0.76401 0.2854 0.76078 0.2854 0.7597 0.28649 0.75539 0.28649 0.75323 0.28867 0.74892 0.28867 0.74784 0.28976 0.74353 0.28976 0.74353 0.29085 0.74246 0.29194 0.73815 0.29194 0.73707 0.29303 0.73384 0.29303 0.73276 0.29412 0.73168 0.29412 0.7306 0.29521 0.72629 0.29521 0.72522 0.2963 0.72306 0.2963 0.72198 0.29739 0.71983 0.29739 0.71875 0.29847 0.71444 0.29847 0.71336 0.29956 0.70797 0.29956 0.70582 0.30174 0.70259 0.30174 0.70151 0.30283 0.69612 0.30283 0.69504 0.30392 0.69289 0.30392 0.69181 0.30501 0.69073 0.30501 0.68966 0.3061 0.68427 0.3061 0.68427 0.30719 0.68319 0.30828 0.68427 0.30937 0.68103 0.31264 0.68103 0.31373 0.67996 0.31481 0.67996 0.31808 0.67672 0.32135 0.6778 0.32244 0.67565 0.32462 0.67565 0.32571 0.67457 0.3268 0.67457 0.32898 0.67349 0.33007 0.67349 0.33115 0.67134 0.33333 0.67134 0.33551 0.6681 0.33878 0.66703 0.33878 0.66595 0.33987 0.66487 0.33987 0.66164 0.34314 0.66056 0.34314 0.65948 0.34423 0.65841 0.34423 0.65625 0.34641 0.65517 0.34641 0.65409 0.34749 0.65194 0.34749 0.65194 0.34858 0.64978 0.35076 0.64871 0.35076 0.64655 0.35294 0.64655 0.3573 0.64547 0.35839 0.64547 0.35948 0.6444 0.36057 0.64547 0.36166 0.64332 0.36383 0.64332 0.36492 0.64224 0.36601 0.64224 0.37037 0.64116 0.37146 0.64116 0.37255 0.64009 0.37364 0.64009 0.37582 0.63901 0.37691 0.63901 0.378 0.63793 0.37908 0.63793 0.38235 0.63685 0.38344 0.63685 0.38453 0.63578 0.38562 0.63685 0.38671 0.63578 0.3878 0.63578 0.38889 0.6347 0.38998 0.63254 0.38998 0.63039 0.39216 0.62716 0.39216 0.625 0.39434 0.62284 0.39434 0.62177 0.39542 0.62069 0.39542 0.61961 0.39651 0.61746 0.39651 0.61638 0.3976 0.61422 0.3976 0.61207 0.39978 0.60884 0.39978 0.60668 0.40196 0.60345 0.40196 0.60129 0.40414 0.59806 0.40414 0.59591 0.40632 0.59159 0.40632 0.59159 0.40741 0.59052 0.4085 0.58621 0.4085 0.58513 0.40959 0.58513 0.41068 0.58405 0.41176 0.58297 0.41176 0.5819 0.41285 0.58082 0.41285 0.57759 0.41612 0.57651 0.41612 0.57435 0.4183 0.57435 0.41939 0.57328 0.42048 0.5722 0.42048 0.57112 0.42157 0.57004 0.42157 0.56897 0.42266 0.56897 0.42375 0.56789 0.42484 0.56681 0.42484 0.56466 0.42702 0.56358 0.42702 0.55711 0.43355 0.55711 0.43464 0.55603 0.43573 0.55603 0.43682 0.55496 0.43791 0.55388 0.43791 0.55388 0.44227 0.55496 0.44227 0.55603 0.44336 0.55603 0.44771 0.55711 0.4488 0.55711 0.45207 0.56358 0.45207 0.56466 0.45098 0.56573 0.45098 0.56681 0.45207 0.57004 0.45207 0.57112 0.45098 0.57435 0.45098 0.57543 0.45207 0.57651 0.45207 0.57759 0.45098 0.59267 0.45098 0.59375 0.45207 0.59483 0.45098 0.59806 0.45098 0.59914 0.45207 0.60022 0.45207 0.60129 0.45098 0.60237 0.45098 0.60345 0.45207 0.60668 0.45207 0.60776 0.45098 0.60884 0.45207 0.61746 0.45207 0.61853 0.45316 0.61961 0.45207 0.62177 0.45207 0.62284 0.45316 0.62392 0.45316 0.625 0.45207 0.62716 0.45207 0.62823 0.45316 0.63039 0.45316 0.63147 0.45207 0.63362 0.45207 0.6347 0.45098 0.63578 0.45098 0.63685 0.44989 0.64224 0.44989 0.64332 0.4488 0.64763 0.4488 0.64871 0.44771 0.65409 0.44771 0.65517 0.44662 0.65948 0.44662 0.66056 0.44553 0.66164 0.44553 0.66272 0.44444 0.66595 0.44444 0.66703 0.44336 0.67134 0.44336 0.67241 0.44227 0.6778 0.44227 0.6778 0.44118 0.67888 0.44009 0.68319 0.44009 0.68427 0.439 0.68642 0.439 0.6875 0.43791 0.68966 0.43791 0.69073 0.43682 0.69397 0.43682 0.69612 0.43464 0.70043 0.43464 0.70043 0.43355 0.70151 0.43246 0.7069 0.43246 0.70905 0.43028 0.71228 0.43028 0.71336 0.42919 0.71552 0.42919 0.71659 0.4281 0.71875 0.4281 0.71983 0.42702 0.72198 0.42702 0.72306 0.42593 0.72414 0.42593 0.72522 0.42484 0.7306 0.42484 0.73168 0.42375 0.73276 0.42484 0.73599 0.42484 0.73707 0.42375 0.73922 0.42375 0.7403 0.42484 0.74246 0.42484 0.74353 0.42375 0.74677 0.42375 0.74784 0.42484 0.74892 0.42484 0.75 0.42375 0.76616 0.42375 0.76724 0.42266 0.7694 0.42266 0.77047 0.42375 0.77263 0.42375 0.77371 0.42266 0.77694 0.42266 0.77802 0.42375 0.77909 0.42266 0.78341 0.42266 0.78448 0.42375 0.78556 0.42266 0.78879 0.42266 0.78987 0.42375 0.79095 0.42375 0.79203 0.42266 0.7931 0.42266 0.79418 0.42375 0.79634 0.42375 0.79741 0.42266 0.79849 0.42375 0.8125 0.42375 0.81358 0.42484 0.81466 0.42484 0.81573 0.42375 0.81897 0.42375 0.82004 0.42484 0.82112 0.42484 0.8222 0.42375 0.82435 0.42375 0.82543 0.42484 0.82651 0.42484 0.82759 0.42375 0.82974 0.42375 0.83082 0.42484 0.83297 0.42484 0.83405 0.42375 0.83513 0.42375 0.83621 0.42484 0.83836 0.42484 0.83944 0.42375 0.84052 0.42375 0.84159 0.42484 0.84483 0.42484 0.84591 0.42375 0.84698 0.42375 0.84806 0.42484 0.85129 0.42484 0.85237 0.42375 0.85345 0.42484 0.85668 0.42484 0.85776 0.42375 0.85884 0.42484 0.86315 0.42484 0.86422 0.42375 0.8653 0.42484 0.86853 0.42484 0.86961 0.42375 0.87069 0.42375 0.87177 0.42484 0.875 0.42484 0.87608 0.42375 0.88039 0.42375 0.88147 0.42266 0.88685 0.42266 0.88793 0.42157 0.88901 0.42157 0.89009 0.42048 0.89224 0.42048 0.89332 0.41939 0.89547 0.41939 0.89547 0.4183 0.8944 0.41721 0.8944 0.41503 0.89547 0.41394 0.89547 0.41176 0.8944 0.41068 0.8944 0.40632 0.89332 0.40523 0.89332 0.40414 0.8944 0.40305 0.8944 0.39978 0.89332 0.39869 0.89332 0.39542 0.8944 0.39434 0.89332 0.39325 0.89332 0.3878 0.89224 0.38671 0.89224 0.38562 0.89332 0.38453 0.89332 0.38235 0.89224 0.38126 0.89224 0.36928 0.89116 0.36819 0.89116 0.3671 0.89224 0.36601 0.89224 0.36383 0.89116 0.36275 0.89116 0.3573 0.89009 0.35621 0.89009 0.35185 0.88901 0.35076 0.88901 0.34858 0.88793 0.34749 0.88793 0.34532 0.88685 0.34423 0.88685 0.33987 0.88578 0.33878 0.88578 0.33442 0.8847 0.33442 0.88362 0.33333 0.88362 0.32789 0.88254 0.3268 0.88254 0.32244 0.88147 0.32244 0.88039 0.32135 0.88039 0.31917 0.87931 0.31808 0.87931 0.3159 0.87823 0.3159 0.87608 0.31373 0.87608 0.31155 0.87284 0.30828 0.87284 0.30719 0.87177 0.3061 0.87177 0.30501 0.87069 0.30501 0.86961 0.30392 0.86961 0.30283 0.86853 0.30174 0.86853 0.29956 0.8653 0.2963 0.8653 0.29521 0.86422 0.29412 0.86422 0.29303 0.86315 0.29303 0.86207 0.29194 0.86207 0.29085 0.86099 0.28976 0.86099 0.28758 0.85991 0.28758 0.85884 0.28649 0.85884 0.2854 0.85776 0.28431 0.8556 0.28431 0.85453 0.28322 0.85237 0.28322 0.85129 0.28214 0.85022 0.28322 0.84914 0.28214 0.84698 0.28214 0.84591 0.28105 0.84483 0.28105 0.84375 0.28214 0.84267 0.28105 0.84159 0.28105 0.84052 0.27996 0.83944 0.27996 0.83836 0.27887 0.83728 0.27996 0.83621 0.27996 0.83513 0.27887 0.83405 0.27887 0.83297 0.27778 0.8319 0.27887 0.83082 0.27778 0.82759 0.27778 0.82651 0.27669 0.82543 0.27778 0.82435 0.27669 0.82328 0.27669 0.8222 0.2756
