0
0 0.48276 0.54902 0.48168 0.55011 0.47953 0.55011 0.47737 0.55229 0.47737 0.55338 0.47629 0.55447 0.47629 0.55556 0.47414 0.55773 0.47414 0.55991 0.47306 0.561 0.47306 0.56536 0.47198 0.56645 0.47414 0.56863 0.47522 0.56863 0.47629 0.56972 0.47737 0.56972 0.4806 0.57298 0.48168 0.57298 0.48599 0.57734 0.48815 0.57734 0.48922 0.57625 0.4903 0.57625 0.49138 0.57734 0.49461 0.57734 0.49569 0.57625 0.49569 0.57516 0.49677 0.57407 0.50108 0.57407 0.50108 0.57298 0.5 0.5719 0.5 0.57081 0.50108 0.56972 0.50108 0.56318 0.49784 0.56318 0.49677 0.56209 0.49677 0.561 0.49569 0.55991 0.49569 0.55882 0.49246 0.55556 0.49246 0.5512 0.49138 0.5512 0.4903 0.55011 0.48815 0.55011 0.48707 0.54902
0
0 0.51293 0.51416 0.51185 0.51525 0.50754 0.51525 0.50647 0.51634 0.50539 0.51634 0.50216 0.51961 0.50216 0.5207 0.50108 0.52179 0.50108 0.52288 0.5 0.52397 0.5 0.52941 0.50108 0.5305 0.50108 0.53159 0.50216 0.53268 0.50216 0.53377 0.50647 0.53813 0.50647 0.53922 0.50754 0.54031 0.50862 0.54031 0.5097 0.54139 0.51078 0.54139 0.51293 0.54357 0.51401 0.54357 0.51509 0.54248 0.51832 0.54248 0.52047 0.54031 0.52263 0.54031 0.52371 0.53922 0.52478 0.53922 0.52478 0.53813 0.52586 0.53704 0.52586 0.53595 0.52694 0.53486 0.52694 0.5305 0.52478 0.52832 0.52478 0.52723 0.52371 0.52614 0.52371 0.52505 0.52263 0.52397 0.52263 0.52288 0.52371 0.52179 0.52478 0.52179 0.52478 0.5207 0.52586 0.51961 0.52371 0.51743 0.52155 0.51743 0.52047 0.51634 0.51832 0.51634 0.51724 0.51525 0.51401 0.51525
0 0.78556 0.48148 0.78448 0.48257 0.78233 0.48257 0.77909 0.48584 0.77802 0.48584 0.77694 0.48693 0.77478 0.48693 0.77371 0.48802 0.77694 0.49129 0.77586 0.49237 0.77478 0.49237 0.77371 0.49346 0.77047 0.49346 0.7694 0.49455 0.76832 0.49455 0.76401 0.49891 0.76293 0.49891 0.76293 0.5 0.76078 0.50218 0.76078 0.50327 0.7597 0.50436 0.75862 0.50436 0.75754 0.50545 0.75647 0.50545 0.75539 0.50654 0.75431 0.50654 0.74892 0.51198 0.74784 0.51198 0.74569 0.51416 0.74461 0.51416 0.74353 0.51525 0.74246 0.51525 0.74246 0.51634 0.7403 0.51852 0.73922 0.51852 0.73815 0.51961 0.73599 0.51961 0.73599 0.5207 0.73384 0.52288 0.73276 0.52288 0.73168 0.52397 0.73168 0.52505 0.72845 0.52832 0.72629 0.52832 0.72522 0.52941 0.72522 0.5305 0.72414 0.53159 0.71983 0.53159 0.71875 0.5305 0.71767 0.5305 0.71659 0.52941 0.71552 0.5305 0.71552 0.53268 0.71444 0.53377 0.71444 0.54031 0.71336 0.54139 0.71336 0.54248 0.71228 0.54357 0.71228 0.54575 0.71121 0.54684 0.71121 0.54902 0.71228 0.55011 0.71228 0.55447 0.71013 0.55664 0.71013 0.55773 0.70905 0.55882 0.71013 0.55991 0.71013 0.561 0.71121 0.56209 0.71121 0.56427 0.71228 0.56536 0.71228 0.56645 0.71336 0.56754 0.71336 0.56972 0.71444 0.57081 0.71552 0.57081 0.71767 0.57298 0.71767 0.58061 0.71659 0.5817 0.71659 0.58388 0.71552 0.58497 0.71552 0.59477 0.71444 0.59586 0.71444 0.59695 0.71336 0.59804 0.71336 0.60022 0.71228 0.60131 0.71228 0.6024 0.71121 0.60349 0.71121 0.61547 0.71228 0.61656 0.71228 0.61874 0.71444 0.62092 0.71444 0.62527 0.71336 0.62636 0.71336 0.6329 0.71444 0.63399 0.71444 0.63508 0.71552 0.63617 0.71552 0.63725 0.71659 0.63834 0.71659 0.63943 0.71875 0.64161 0.71875 0.6427 0.72198 0.64597 0.72198 0.64706 0.72306 0.64815 0.72306 0.64924 0.72414 0.65033 0.72414 0.65251 0.72522 0.65359 0.72522 0.65795 0.72629 0.65904 0.72629 0.66013 0.72737 0.66122 0.72629 0.66231 0.72629 0.66449 0.72522 0.66558 0.72629 0.66667 0.72629 0.66776 0.72845 0.66993 0.72845 0.6732 0.7306 0.67538 0.73491 0.67538 0.73599 0.67429 0.73922 0.67429 0.74246 0.67756 0.74138 0.67865 0.7403 0.67865 0.73922 0.67974 0.73707 0.67974 0.73599 0.68083 0.73491 0.67974 0.73276 0.67974 0.73168 0.68083 0.73599 0.68083 0.73707 0.68192 0.73922 0.68192 0.74138 0.6841 0.74353 0.6841 0.74461 0.68519 0.74461 0.68736 0.74569 0.68845 0.74569 0.68954 0.74784 0.69172 0.74892 0.69172 0.75 0.69281 0.75 0.6939 0.75216 0.69608 0.75323 0.69608 0.75647 0.69935 0.75754 0.69935 0.75862 0.70044 0.7597 0.70044 0.76078 0.70153 0.76185 0.70153 0.76293 0.70261 0.76401 0.70261 0.76724 0.70588 0.76832 0.70588 0.7694 0.70697 0.77586 0.70697 0.77694 0.70806 0.78125 0.70806 0.78233 0.70915 0.78341 0.70806 0.78556 0.70806 0.78664 0.70697 0.78879 0.70697 0.78987 0.70588 0.7931 0.70588 0.79418 0.70697 0.80819 0.70697 0.80927 0.70806 0.81358 0.70806 0.81466 0.70915 0.82112 0.70915 0.8222 0.71024 0.82651 0.71024 0.82759 0.70915 0.85129 0.70915 0.85237 0.70806 0.85237 0.70697 0.85345 0.70588 0.85345 0.70479 0.85453 0.7037 0.8556 0.7037 0.85776 0.70153 0.85776 0.69826 0.85884 0.69717 0.85884 0.69608 0.86099 0.6939 0.86099 0.69172 0.86207 0.69063 0.86207 0.68845 0.86422 0.68627 0.86422 0.68519 0.8653 0.6841 0.8653 0.68301 0.86638 0.68192 0.86638 0.68083 0.86961 0.67756 0.86961 0.67538 0.87177 0.6732 0.87177 0.67211 0.87284 0.67102 0.87284 0.66993 0.87392 0.66885 0.87392 0.66667 0.87608 0.66449 0.87608 0.6634 0.87716 0.66231 0.87716 0.66122 0.87823 0.66013 0.87823 0.65795 0.87931 0.65686 0.87931 0.65577 0.88039 0.65468 0.88039 0.65251 0.88147 0.65142 0.88147 0.64924 0.88254 0.64815 0.88254 0.64597 0.88362 0.64488 0.88362 0.6427 0.8847 0.64161 0.8847 0.64052 0.88578 0.63943 0.88578 0.63725 0.88685 0.63617 0.88685 0.63508 0.88793 0.63399 0.88793 0.6329 0.88901 0.63181 0.88901 0.63072 0.89009 0.62963 0.89009 0.62745 0.89116 0.62636 0.89116 0.62418 0.89224 0.62309 0.89224 0.61983 0.89332 0.61874 0.89332 0.61656 0.8944 0.61547 0.8944 0.61438 0.89547 0.61329 0.89547 0.61002 0.89655 0.60893 0.89655 0.60458 0.89763 0.60349 0.89763 0.59586 0.89871 0.59477 0.89871 0.5915 0.89978 0.59041 0.89978 0.58606 0.90086 0.58497 0.90086 0.57407 0.90194 0.57298 0.90194 0.56972 0.90302 0.56863 0.90302 0.56536 0.90194 0.56427 0.90194 0.56209 0.90086 0.561 0.90086 0.55773 0.89224 0.54902 0.89116 0.54902 0.88901 0.54684 0.89116 0.54466 0.89224 0.54466 0.89332 0.54357 0.89332 0.54031 0.89224 0.53922 0.89224 0.53486 0.89116 0.53377 0.89116 0.53268 0.89009 0.53159 0.89009 0.52832 0.89116 0.52723 0.89009 0.52614 0.88901 0.52614 0.88685 0.52397 0.88685 0.52288 0.88578 0.52179 0.88578 0.5207 0.8847 0.51961 0.87608 0.51961 0.87284 0.52288 0.86961 0.52288 0.86746 0.5207 0.8653 0.5207 0.86315 0.51852 0.86315 0.51634 0.86207 0.51525 0.86207 0.5098 0.86099 0.50871 0.86099 0.50763 0.85776 0.50436 0.85776 0.50327 0.85668 0.50218 0.8556 0.50218 0.84914 0.49564 0.84806 0.49564 0.84698 0.49455 0.82328 0.49455 0.8222 0.49346 0.82004 0.49346 0.81897 0.49237 0.81573 0.49237 0.81466 0.49129 0.8125 0.49129 0.81142 0.4902 0.81034 0.4902 0.80927 0.48911 0.80819 0.48911 0.80711 0.48802 0.80496 0.48802 0.80388 0.48693 0.80065 0.48693 0.79957 0.48584 0.79849 0.48584 0.79634 0.48366 0.79526 0.48366 0.79418 0.48257 0.79095 0.48257 0.78987 0.48148
0 0.46336 0.48148 0.46228 0.48257 0.45797 0.48257 0.4569 0.48366 0.45259 0.48366 0.45151 0.48475 0.45043 0.48475 0.44828 0.48693 0.44828 0.49237 0.44612 0.49455 0.44289 0.49129 0.44289 0.49237 0.44181 0.49346 0.44181 0.49455 0.44073 0.49564 0.44073 0.49673 0.43966 0.49782 0.43966 0.50109 0.44073 0.50218 0.44073 0.50327 0.44181 0.50436 0.44612 0.50436 0.44828 0.50654 0.44935 0.50654 0.45043 0.50763 0.45151 0.50763 0.45259 0.50654 0.46336 0.50654 0.46444 0.50763 0.46659 0.50763 0.46767 0.50654 0.46875 0.50654 0.47091 0.50436 0.47091 0.48802 0.46983 0.48693 0.46983 0.48584 0.46552 0.48148
0 0.53987 0.44662 0.53879 0.44771 0.53664 0.44771 0.53556 0.4488 0.53125 0.4488 0.52802 0.45207 0.52478 0.45207 0.52478 0.45643 0.52586 0.45752 0.52586 0.46187 0.52478 0.46296 0.52478 0.46514 0.52371 0.46623 0.52371 0.47168 0.52586 0.47386 0.52586 0.47495 0.52694 0.47603 0.52694 0.48039 0.52478 0.48257 0.52478 0.48584 0.52694 0.48802 0.52694 0.48911 0.52802 0.4902 0.52802 0.49455 0.52909 0.49564 0.52802 0.49673 0.52802 0.5 0.53125 0.50327 0.53125 0.50436 0.53233 0.50436 0.53448 0.50654 0.53448 0.50763 0.53556 0.50871 0.53556 0.51198 0.53772 0.51416 0.53772 0.51525 0.53879 0.51525 0.53987 0.51634 0.54418 0.51634 0.54526 0.51525 0.54526 0.51416 0.54741 0.51198 0.54741 0.50763 0.54849 0.50654 0.55065 0.50871 0.55172 0.50871 0.55172 0.50545 0.55065 0.50436 0.55065 0.50327 0.5528 0.50109 0.5528 0.49891 0.55388 0.49782 0.55388 0.4793 0.5528 0.47821 0.5528 0.46405 0.55172 0.46296 0.55172 0.46187 0.54957 0.45969 0.54849 0.45969 0.54634 0.45752 0.54634 0.45643 0.54526 0.45534 0.54526 0.45316 0.54418 0.45207 0.54418 0.45098
0 0.55603 0.44444 0.55603 0.46623 0.55711 0.46732 0.55711 0.47059 0.55819 0.47168 0.55819 0.47386 0.55927 0.47495 0.55927 0.48148 0.55819 0.48257 0.55819 0.48475 0.55927 0.48584 0.55927 0.49564 0.55819 0.49673 0.55819 0.50327 0.55927 0.50436 0.55927 0.51634 0.55819 0.51743 0.55819 0.52397 0.55711 0.52505 0.55711 0.52614 0.55603 0.52723 0.55603 0.53268 0.55496 0.53377 0.55496 0.53922 0.55388 0.54031 0.55388 0.54357 0.5528 0.54466 0.5528 0.55229 0.55172 0.55338 0.55172 0.55556 0.5528 0.55664 0.55388 0.55664 0.55496 0.55773 0.55603 0.55773 0.55711 0.55882 0.55819 0.55882 0.55927 0.55991 0.56034 0.55991 0.56142 0.561 0.56034 0.56209 0.55711 0.56209 0.55603 0.561 0.5528 0.561 0.5528 0.56209 0.55172 0.56318 0.55172 0.56536 0.55065 0.56645 0.55065 0.57081 0.54957 0.5719 0.54957 0.57298 0.54849 0.57407 0.54849 0.57843 0.54957 0.57952 0.54957 0.58061 0.55172 0.58279 0.56034 0.58279 0.56142 0.58388 0.56358 0.58388 0.56573 0.58606 0.56789 0.58606 0.56897 0.58715 0.57004 0.58715 0.57112 0.58824 0.5722 0.58824 0.57974 0.59586 0.58082 0.59586 0.5819 0.59695 0.58297 0.59695 0.58405 0.59804 0.58621 0.59804 0.58728 0.59913 0.58944 0.59913 0.59267 0.6024 0.59267 0.60349 0.59483 0.60566 0.59483 0.60675 0.59591 0.60784 0.59698 0.60784 0.59806 0.60893 0.59914 0.60893 0.60022 0.61002 0.60237 0.61002 0.60345 0.61111 0.60776 0.61111 0.60991 0.61329 0.60991 0.61438 0.61099 0.61547 0.61099 0.61874 0.61207 0.61874 0.61422 0.62092 0.61422 0.622 0.6153 0.62309 0.6153 0.62418 0.61638 0.62527 0.61638 0.62636 0.61853 0.62854 0.62069 0.62854 0.62177 0.62963 0.62069 0.63072 0.61961 0.63072 0.61853 0.63181 0.61638 0.63181 0.6153 0.6329 0.61422 0.6329 0.61315 0.63399 0.61207 0.63399 0.61207 0.63508 0.61315 0.63617 0.61315 0.63725 0.61422 0.63725 0.6153 0.63834 0.61638 0.63725 0.62392 0.63725 0.625 0.63834 0.62608 0.63834 0.63039 0.6427 0.63039 0.64815 0.62931 0.64924 0.63039 0.65033 0.63039 0.65142 0.63147 0.65142 0.63254 0.65251 0.63362 0.65251 0.63578 0.65468 0.63578 0.65577 0.63901 0.65904 0.63901 0.66013 0.64009 0.66122 0.64009 0.66231 0.63901 0.6634 0.63901 0.66993 0.64009 0.67102 0.64009 0.67429 0.64116 0.67538 0.64116 0.68192 0.64224 0.68301 0.64224 0.6841 0.64547 0.68736 0.64655 0.68736 0.64763 0.68845 0.64763 0.68954 0.64871 0.69063 0.65302 0.69063 0.65517 0.69281 0.65302 0.69499 0.65086 0.69499 0.64871 0.69717 0.64978 0.69717 0.65086 0.69826 0.65194 0.69826 0.65517 0.70153 0.65517 0.70261 0.65625 0.7037 0.65625 0.71242 0.65733 0.71351 0.65733 0.71678 0.65841 0.71786 0.65948 0.71786 0.66056 0.71895 0.66272 0.71895 0.66379 0.72004 0.66703 0.72004 0.6681 0.71895 0.67026 0.71895 0.67134 0.71786 0.67565 0.71786 0.67672 0.71678 0.6778 0.71786 0.6778 0.71895 0.67888 0.72004 0.67996 0.72004 0.68103 0.72113 0.68211 0.72004 0.68642 0.72004 0.68858 0.72222 0.68858 0.72549 0.68642 0.72767 0.68642 0.73094 0.68858 0.73312 0.68966 0.73312 0.69073 0.7342 0.69181 0.7342 0.69289 0.73529 0.69289 0.73638 0.69397 0.73638 0.69504 0.73747 0.69612 0.73747 0.6972 0.73856 0.70043 0.73856 0.70259 0.74074 0.70259 0.74619 0.70151 0.74728 0.70151 0.74837 0.70582 0.75272 0.7069 0.75272 0.70905 0.7549 0.71013 0.7549 0.71121 0.75599 0.71121 0.75708 0.71228 0.75817 0.71659 0.75817 0.71875 0.76035 0.71875 0.76144 0.71767 0.76253 0.71767 0.76471 0.72198 0.76471 0.72306 0.7658 0.72522 0.7658 0.72737 0.76797 0.72953 0.76797 0.7306 0.76906 0.73168 0.76906 0.73384 0.77124 0.73384 0.77233 0.73491 0.77342 0.73491 0.78214 0.73707 0.78431 0.73707 0.7854 0.73922 0.7854 0.74138 0.78758 0.74138 0.78867 0.7403 0.78976 0.73815 0.78976 0.73707 0.79085 0.73599 0.79085 0.73599 0.7963 0.73707 0.7963 0.73815 0.79521 0.73922 0.79521 0.74246 0.79194 0.74246 0.79085 0.74784 0.7854 0.75216 0.7854 0.75323 0.78431 0.75539 0.78431 0.75754 0.78214 0.75754 0.78105 0.75862 0.77996 0.75862 0.77887 0.76078 0.77669 0.76078 0.76688 0.76185 0.7658 0.76185 0.76144 0.7597 0.75926 0.7597 0.75599 0.75862 0.7549 0.75862 0.75163 0.7597 0.75054 0.7597 0.74292 0.76078 0.74183 0.76078 0.73856 0.7597 0.73747 0.7597 0.73312 0.75862 0.73203 0.75862 0.73094 0.75754 0.72985 0.75754 0.72876 0.75647 0.72767 0.75647 0.72658 0.75431 0.7244 0.75431 0.72331 0.75323 0.72222 0.75108 0.72222 0.75 0.72113 0.75 0.71895 0.74892 0.71786 0.74892 0.71678 0.74784 0.71569 0.74784 0.70806 0.74677 0.70697 0.74677 0.70588 0.73491 0.6939 0.73491 0.69281 0.73384 0.69172 0.73384 0.69063 0.73168 0.68845 0.73168 0.68736 0.72629 0.68192 0.72522 0.68192 0.71983 0.67647 0.71983 0.67538 0.71767 0.6732 0.71767 0.67211 0.71659 0.67102 0.71659 0.66993 0.71444 0.66776 0.71444 0.66667 0.71336 0.66558 0.71336 0.66122 0.71228 0.66013 0.70905 0.66013 0.70797 0.65904 0.7069 0.65904 0.70582 0.65795 0.70474 0.65795 0.70043 0.65359 0.70043 0.64924 0.70366 0.64597 0.70474 0.64597 0.70366 0.64488 0.70366 0.64379 0.70259 0.6427 0.70259 0.64161 0.70151 0.64052 0.70151 0.63943 0.70043 0.63834 0.70043 0.63617 0.69828 0.63399 0.69935 0.6329 0.70043 0.6329 0.70043 0.62854 0.69935 0.62854 0.6972 0.62636 0.69612 0.62636 0.69397 0.62418 0.69289 0.62418 0.69181 0.62309 0.69181 0.622 0.69073 0.62092 0.69073 0.61874 0.69289 0.61656 0.69397 0.61656 0.69504 0.61547 0.6972 0.61547 0.69828 0.61438 0.69828 0.6122 0.69612 0.61002 0.69397 0.61002 0.69181 0.60784 0.68966 0.60784 0.68858 0.60675 0.68534 0.60675 0.68319 0.60458 0.68319 0.60349 0.68103 0.60131 0.68103 0.60022 0.67996 0.59913 0.67996 0.59804 0.6778 0.59586 0.67134 0.59586 0.67026 0.59695 0.66379 0.59695 0.66272 0.59586 0.66056 0.59586 0.65625 0.5915 0.65625 0.58715 0.65517 0.58606 0.65302 0.58606 0.65194 0.58497 0.65302 0.58388 0.65409 0.58388 0.66056 0.57734 0.66056 0.57625 0.66272 0.57407 0.66272 0.57298 0.66379 0.5719 0.66379 0.57081 0.66487 0.56972 0.66487 0.56536 0.66595 0.56427 0.66595 0.55882 0.66703 0.55773 0.66703 0.55664 0.6681 0.55556 0.6681 0.55447 0.66918 0.55338 0.66918 0.55229 0.67026 0.5512 0.67026 0.54902 0.67134 0.54793 0.67134 0.54575 0.67241 0.54466 0.67241 0.54248 0.67349 0.54139 0.67349 0.53922 0.67457 0.53813 0.67457 0.53486 0.67565 0.53377 0.67565 0.5305 0.67672 0.52941 0.67672 0.52614 0.6778 0.52505 0.6778 0.51416 0.67888 0.51307 0.67888 0.50218 0.6778 0.50109 0.6778 0.5 0.67672 0.49891 0.67672 0.49782 0.67565 0.49673 0.67565 0.49564 0.67349 0.49346 0.67349 0.49237 0.67134 0.4902 0.67134 0.48911 0.66703 0.48475 0.66595 0.48475 0.66487 0.48366 0.66379 0.48366 0.66272 0.48257 0.66056 0.48257 0.65948 0.48148 0.65733 0.48148 0.65625 0.48039 0.65409 0.48039 0.65302 0.4793 0.65194 0.4793 0.65086 0.47821 0.64763 0.47821 0.64655 0.47712 0.62608 0.47712 0.625 0.47821 0.62392 0.47821 0.62284 0.4793 0.62177 0.4793 0.61853 0.48257 0.61746 0.48257 0.6153 0.48475 0.61207 0.48475 0.61099 0.48584 0.60884 0.48584 0.60776 0.48693 0.60668 0.48693 0.60453 0.48911 0.60453 0.4902 0.60237 0.49237 0.60237 0.49455 0.60129 0.49564 0.60129 0.49673 0.60022 0.49782 0.60022 0.50109 0.59914 0.50218 0.59914 0.50654 0.59806 0.50763 0.59806 0.51416 0.59698 0.51525 0.59698 0.51961 0.59806 0.5207 0.59806 0.53377 0.59698 0.53486 0.59698 0.54139 0.59806 0.54248 0.59806 0.5512 0.59914 0.55229 0.59914 0.55338 0.60022 0.55447 0.60022 0.55556 0.60129 0.55664 0.60129 0.55773 0.60237 0.55882 0.60237 0.55991 0.60453 0.56209 0.60453 0.56318 0.6056 0.56427 0.6056 0.56536 0.60991 0.56972 0.60991 0.57081 0.61099 0.5719 0.60991 0.57298 0.60884 0.57298 0.60776 0.57407 0.6056 0.57407 0.60453 0.57298 0.59914 0.57298 0.59806 0.5719 0.59698 0.5719 0.59591 0.57081 0.59375 0.57081 0.59159 0.56863 0.59159 0.56536 0.59052 0.56427 0.58944 0.56427 0.58836 0.56318 0.58728 0.56318 0.58297 0.55882 0.57435 0.55882 0.57328 0.55991 0.5722 0.55991 0.57112 0.55882 0.57328 0.55664 0.57328 0.55556 0.57543 0.55338 0.57543 0.5512 0.57759 0.54902 0.57759 0.54684 0.57974 0.54466 0.57974 0.54357 0.58082 0.54248 0.58082 0.54139 0.58297 0.53922 0.58297 0.53595 0.58405 0.53486 0.58405 0.53268 0.58513 0.53159 0.58513 0.52179 0.58621 0.5207 0.58621 0.51416 0.58513 0.51307 0.58513 0.50436 0.58405 0.50327 0.58405 0.49673 0.58297 0.49564 0.58297 0.49346 0.5819 0.49237 0.5819 0.4902 0.58082 0.48911 0.58082 0.48693 0.57974 0.48584 0.57974 0.48257 0.5722 0.47495 0.5722 0.47386 0.57112 0.47277 0.57112 0.47168 0.56897 0.4695 0.56897 0.46841 0.56789 0.46732 0.56789 0.46514 0.56466 0.46187 0.56466 0.46078 0.56358 0.45969 0.56358 0.45861 0.5625 0.45752 0.5625 0.45643 0.56142 0.45534 0.56142 0.45207 0.56034 0.45098 0.56034 0.44989 0.55927 0.4488 0.55927 0.44771
0 0.38901 0.39542 0.38685 0.3976 0.38685 0.39869 0.3847 0.40087 0.3847 0.40196 0.38147 0.40523 0.38147 0.40632 0.37931 0.4085 0.37931 0.40959 0.37716 0.41176 0.37716 0.41285 0.35884 0.43137 0.35884 0.43355 0.35776 0.43464 0.35776 0.43573 0.35668 0.43682 0.35668 0.439 0.3556 0.44009 0.3556 0.44118 0.35453 0.44227 0.35453 0.44444 0.35345 0.44553 0.35345 0.44662 0.35237 0.44771 0.35237 0.44989 0.35129 0.45098 0.35129 0.45207 0.35022 0.45316 0.35022 0.45643 0.34914 0.45752 0.34914 0.46405 0.34806 0.46514 0.34806 0.47168 0.34698 0.47277 0.34698 0.4793 0.34591 0.48039 0.34591 0.48693 0.34483 0.48802 0.34483 0.49891 0.34591 0.5 0.34591 0.50436 0.34698 0.50545 0.34698 0.5098 0.34806 0.51089 0.34806 0.51416 0.34914 0.51525 0.34914 0.51961 0.35022 0.5207 0.35022 0.52505 0.35129 0.52614 0.35129 0.52832 0.35237 0.52941 0.35237 0.5305 0.35453 0.53268 0.35453 0.53377 0.3556 0.53486 0.3556 0.53595 0.35668 0.53704 0.35668 0.53813 0.35884 0.54031 0.35884 0.54139 0.35991 0.54248 0.35991 0.54357 0.36099 0.54466 0.36099 0.54575 0.36207 0.54684 0.36207 0.54793 0.36422 0.55011 0.36422 0.5512 0.3653 0.55229 0.3653 0.55338 0.36638 0.55447 0.36638 0.55556 0.36853 0.55773 0.36853 0.55882 0.36961 0.55991 0.36961 0.561 0.37069 0.56209 0.37069 0.56318 0.37284 0.56536 0.37284 0.56645 0.38901 0.58279 0.39009 0.58279 0.39116 0.58388 0.39116 0.58497 0.39224 0.58497 0.40302 0.59586 0.40517 0.59586 0.40625 0.59695 0.40841 0.59695 0.40948 0.59804 0.41164 0.59804 0.41272 0.59913 0.41487 0.59913 0.41595 0.60022 0.41703 0.60022 0.4181 0.60131 0.42026 0.60131 0.42134 0.6024 0.42349 0.6024 0.42457 0.60349 0.42672 0.60349 0.4278 0.60458 0.42996 0.60458 0.43103 0.60566 0.43211 0.60566 0.43319 0.60675 0.43534 0.60675 0.43642 0.60784 0.43966 0.60784 0.44073 0.60893 0.44397 0.60893 0.44504 0.61002 0.44828 0.61002 0.44935 0.61111 0.45259 0.61111 0.45366 0.6122 0.4569 0.6122 0.45797 0.61329 0.46121 0.61329 0.46228 0.61438 0.46552 0.61438 0.46659 0.61547 0.46983 0.61547 0.47091 0.61656 0.47522 0.61656 0.47629 0.61547 0.47845 0.61547 0.47953 0.61438 0.48168 0.61438 0.48276 0.61329 0.48491 0.61329 0.48599 0.6122 0.48815 0.6122 0.48922 0.61111 0.49138 0.61111 0.49246 0.61002 0.49461 0.61002 0.49569 0.60893 0.49784 0.60893 0.49892 0.60784 0.50108 0.60784 0.50216 0.60675 0.50431 0.60675 0.50539 0.60566 0.50647 0.60566 0.50754 0.60458 0.5097 0.60458 0.51616 0.59804 0.51724 0.59804 0.5194 0.59586 0.5194 0.59477 0.52047 0.59368 0.52155 0.59368 0.53879 0.57625 0.53879 0.57516 0.53987 0.57407 0.53987 0.57298 0.54095 0.5719 0.54095 0.56972 0.54203 0.56863 0.54203 0.56754 0.5431 0.56645 0.5431 0.56427 0.54418 0.56318 0.54418 0.56209 0.54526 0.561 0.54526 0.55991 0.54634 0.55882 0.54634 0.55664 0.54741 0.55556 0.54741 0.55447 0.54849 0.55338 0.54849 0.5512 0.54957 0.55011 0.54957 0.53704 0.54849 0.53595 0.54849 0.52723 0.54418 0.53159 0.54418 0.53268 0.53987 0.53704 0.53987 0.53813 0.53556 0.54248 0.53556 0.54357 0.53125 0.54793 0.53125 0.54902 0.52263 0.55773 0.52263 0.55882 0.51509 0.56645 0.51509 0.56754 0.50647 0.57625 0.50431 0.57625 0.50323 0.57734 0.50108 0.57734 0.5 0.57843 0.49892 0.57843 0.49784 0.57952 0.49569 0.57952 0.49461 0.58061 0.49353 0.58061 0.49246 0.5817 0.4903 0.5817 0.48922 0.58279 0.48815 0.58279 0.48707 0.58388 0.48599 0.58388 0.48491 0.58497 0.48276 0.58497 0.48168 0.58606 0.46983 0.58606 0.46875 0.58497 0.44612 0.58497 0.44504 0.58388 0.43966 0.58388 0.43858 0.58279 0.4375 0.58279 0.43642 0.5817 0.43534 0.5817 0.43427 0.58061 0.43319 0.58061 0.43211 0.57952 0.43103 0.57952 0.42996 0.57843 0.42888 0.57843 0.4278 0.57734 0.42672 0.57734 0.42565 0.57625 0.42457 0.57625 0.42349 0.57516 0.42241 0.57516 0.42134 0.57407 0.42026 0.57407 0.41918 0.57298 0.4181 0.57298 0.41703 0.5719 0.41595 0.5719 0.41487 0.57081 0.41379 0.57081 0.41272 0.56972 0.41164 0.56972 0.41056 0.56863 0.40948 0.56863 0.40302 0.56209 0.40302 0.561 0.39224 0.55011 0.39224 0.54902 0.38901 0.54575 0.38901 0.54248 0.38793 0.54139 0.38793 0.53813 0.38685 0.53704 0.38685 0.53268 0.38578 0.53159 0.38578 0.52832 0.3847 0.52723 0.3847 0.52397 0.38362 0.52288 0.38362 0.51961 0.38254 0.51852 0.38254 0.51416 0.38362 0.51307 0.38362 0.48475 0.3847 0.48366 0.3847 0.4793 0.38578 0.47821 0.38578 0.47495 0.38685 0.47386 0.38685 0.47059 0.38793 0.4695 0.38793 0.46623 0.38901 0.46514 0.38901 0.46296 0.39009 0.46187 0.39116 0.46187 0.3944 0.45861 0.39547 0.45861 0.39978 0.45425 0.40086 0.45425 0.40517 0.44989 0.40625 0.44989 0.41703 0.439 0.41703 0.43682 0.41595 0.43573 0.41595 0.43464 0.41487 0.43355 0.41487 0.43246 0.41272 0.43028 0.41272 0.42919 0.41164 0.4281 0.41164 0.42702 0.41056 0.42593 0.41056 0.42484 0.40948 0.42375 0.40948 0.42266 0.40733 0.42048 0.40733 0.41939 0.40625 0.4183 0.40625 0.41721 0.40409 0.41503 0.40409 0.41394 0.40086 0.41068 0.40086 0.40959 0.39655 0.40523 0.39655 0.40414 0.39332 0.40087 0.39332 0.39978
0 0.41703 0.37364 0.41595 0.37473 0.41379 0.37473 0.41272 0.37582 0.41056 0.37582 0.40948 0.37691 0.40733 0.37691 0.40625 0.378 0.40409 0.378 0.40194 0.38017 0.39978 0.38017 0.39655 0.38344 0.39547 0.38344 0.39332 0.38562 0.39224 0.38562 0.38901 0.38889 0.38901 0.38998 0.39009 0.39107 0.39009 0.39325 0.39116 0.39325 0.39332 0.39542 0.3944 0.39542 0.39655 0.3976 0.39763 0.3976 0.40086 0.40087 0.40194 0.40087 0.40409 0.40305 0.40409 0.40414 0.40517 0.40523 0.40517 0.40632 0.40625 0.40741 0.40625 0.4085 0.40733 0.40959 0.40733 0.41176 0.40841 0.41285 0.40841 0.41394 0.41056 0.41612 0.41056 0.41721 0.41164 0.4183 0.41164 0.41939 0.41595 0.42375 0.41918 0.42048 0.42026 0.42048 0.42134 0.41939 0.42241 0.41939 0.42349 0.4183 0.42565 0.4183 0.42672 0.41721 0.42888 0.41721 0.42996 0.4183 0.43103 0.4183 0.43319 0.41612 0.43319 0.41285 0.43427 0.41176 0.43534 0.41285 0.43534 0.41503 0.43642 0.41612 0.43642 0.4183 0.44073 0.4183 0.44181 0.41721 0.44397 0.41721 0.44504 0.41612 0.44612 0.41612 0.4472 0.41503 0.44828 0.41503 0.44935 0.41394 0.45043 0.41394 0.45151 0.41285 0.45259 0.41285 0.45366 0.41176 0.45582 0.41176 0.4569 0.41068 0.46013 0.41068 0.46121 0.40959 0.49892 0.40959 0.5 0.4085 0.50754 0.4085 0.50862 0.40959 0.51509 0.40959 0.51616 0.4085 0.51724 0.4085 0.51832 0.40959 0.5194 0.40959 0.52047 0.41068 0.52155 0.41068 0.52263 0.41176 0.52371 0.41176 0.52478 0.41285 0.52694 0.41285 0.52909 0.41503 0.52909 0.41612 0.53233 0.41612 0.53233 0.41394 0.53341 0.41285 0.53233 0.41176 0.53125 0.41176 0.52909 0.40959 0.52909 0.4085 0.52694 0.40632 0.52694 0.40414 0.52586 0.40305 0.52586 0.40196 0.52478 0.40087 0.52478 0.39869 0.52263 0.39651 0.52263 0.39542 0.52155 0.39434 0.52155 0.39325 0.52047 0.39216 0.5194 0.39216 0.51724 0.38998 0.51616 0.39107 0.51509 0.39107 0.51401 0.39216 0.51185 0.39216 0.50754 0.3878 0.50647 0.3878 0.50539 0.38671 0.50431 0.38671 0.50323 0.38562 0.50216 0.38562 0.50108 0.38453 0.49677 0.38453 0.49569 0.38344 0.49461 0.38344 0.49353 0.38235 0.49138 0.38235 0.4903 0.38126 0.48815 0.38126 0.48707 0.38017 0.48276 0.38017 0.48168 0.37908 0.47629 0.37908 0.47522 0.378 0.46552 0.378 0.46444 0.37691 0.44612 0.37691 0.44504 0.378 0.44289 0.378 0.44181 0.37908 0.4375 0.37908 0.43642 0.38017 0.43427 0.38017 0.43319 0.38126 0.43211 0.38126 0.42996 0.38344 0.42996 0.38453 0.42888 0.38562 0.42888 0.39542 0.4278 0.39651 0.42672 0.39542 0.42672 0.38453 0.4278 0.38344 0.4278 0.38017 0.42888 0.37908 0.42888 0.37691 0.4278 0.37582 0.4278 0.37473 0.42672 0.37364
0 0.80927 0.30392 0.80819 0.30501 0.80711 0.30501 0.80388 0.30828 0.8028 0.30828 0.79957 0.31155 0.79849 0.31155 0.79418 0.3159 0.7931 0.3159 0.78987 0.31917 0.78879 0.31917 0.78448 0.32353 0.78341 0.32353 0.78017 0.3268 0.77909 0.3268 0.77263 0.33333 0.77263 0.33442 0.76293 0.34423 0.76293 0.34532 0.75108 0.3573 0.75 0.3573 0.74784 0.35948 0.74677 0.35948 0.74461 0.36166 0.74353 0.36166 0.7403 0.36492 0.73922 0.36492 0.73707 0.3671 0.73599 0.3671 0.73384 0.36928 0.73276 0.36928 0.72953 0.37255 0.72845 0.37255 0.72629 0.37473 0.72522 0.37473 0.72414 0.37582 0.72306 0.37582 0.72198 0.37691 0.72091 0.37691 0.71983 0.378 0.71767 0.378 0.71659 0.37908 0.71552 0.37908 0.71444 0.38017 0.71336 0.38017 0.71228 0.38126 0.71121 0.38126 0.71013 0.38235 0.70797 0.38235 0.7069 0.38344 0.70582 0.38344 0.70474 0.38453 0.70366 0.38453 0.70259 0.38562 0.70151 0.38562 0.70043 0.38671 0.69935 0.38671 0.69828 0.3878 0.69612 0.3878 0.69397 0.38998 0.69181 0.38998 0.69073 0.39107 0.68966 0.39107 0.68858 0.39216 0.6875 0.39216 0.68642 0.39325 0.68534 0.39325 0.68427 0.39434 0.68319 0.39434 0.68103 0.39651 0.67996 0.39651 0.67888 0.3976 0.6778 0.3976 0.67672 0.39869 0.67565 0.39869 0.67457 0.39978 0.67349 0.39978 0.67241 0.40087 0.67134 0.40087 0.67026 0.40196 0.66918 0.40196 0.6681 0.40305 0.66703 0.40305 0.66595 0.40414 0.66487 0.40414 0.66379 0.40523 0.66272 0.40523 0.66164 0.40632 0.65625 0.40632 0.65517 0.40741 0.65086 0.40741 0.64978 0.4085 0.64547 0.4085 0.6444 0.40959 0.64009 0.40959 0.63901 0.41068 0.63362 0.41068 0.63254 0.41176 0.62823 0.41176 0.62716 0.41285 0.62608 0.41176 0.625 0.41176 0.62392 0.41068 0.62284 0.41068 0.62177 0.40959 0.62069 0.40959 0.61961 0.4085 0.61853 0.4085 0.61746 0.40741 0.61422 0.40741 0.61422 0.4085 0.61315 0.40959 0.61315 0.41068 0.61207 0.41176 0.61207 0.41285 0.61099 0.41394 0.61099 0.41503 0.60991 0.41612 0.60991 0.41721 0.60776 0.41939 0.60776 0.42048 0.60129 0.42702 0.60022 0.42702 0.59483 0.43246 0.59375 0.43246 0.58836 0.43791 0.58728 0.43791 0.57866 0.44662 0.57759 0.44662 0.5722 0.45207 0.5722 0.45534 0.57328 0.45643 0.57328 0.45861 0.57435 0.45969 0.57435 0.46187 0.57543 0.46296 0.59483 0.46296 0.59591 0.46187 0.63039 0.46187 0.63147 0.46296 0.66595 0.46296 0.6681 0.46514 0.66918 0.46514 0.67026 0.46623 0.67134 0.46623 0.67241 0.46732 0.67349 0.46732 0.67565 0.4695 0.67672 0.4695 0.6778 0.47059 0.67888 0.47059 0.68103 0.47277 0.68211 0.47277 0.68319 0.47386 0.68427 0.47386 0.68642 0.47603 0.6875 0.47603 0.68858 0.47712 0.68966 0.47712 0.69181 0.4793 0.69289 0.4793 0.69397 0.48039 0.69504 0.48039 0.69612 0.48148 0.6972 0.48148 0.69828 0.48257 0.69935 0.48148 0.70151 0.48148 0.70259 0.48039 0.70366 0.48039 0.70474 0.4793 0.7069 0.4793 0.70797 0.47821 0.70905 0.47821 0.71013 0.47712 0.71228 0.47712 0.71336 0.47603 0.71444 0.47603 0.71552 0.47495 0.71767 0.47495 0.71875 0.47386 0.71983 0.47386 0.72091 0.47277 0.72198 0.47277 0.72306 0.47168 0.72522 0.47168 0.72629 0.47059 0.72737 0.47059 0.72845 0.4695 0.7306 0.4695 0.73168 0.46841 0.73276 0.46841 0.73384 0.46732 0.73599 0.46732 0.73707 0.46623 0.75 0.46623 0.75108 0.46732 0.76832 0.46732 0.7694 0.46841 0.79849 0.46841 0.79957 0.4695 0.83297 0.4695 0.83405 0.47059 0.85022 0.47059 0.85129 0.47168 0.85237 0.47168 0.85345 0.47277 0.8556 0.47277 0.85668 0.47386 0.85776 0.47386 0.85884 0.47495 0.85991 0.47495 0.86099 0.47603 0.86207 0.47603 0.86315 0.47712 0.86422 0.47712 0.8653 0.47821 0.86638 0.47821 0.86746 0.4793 0.86961 0.4793 0.87069 0.48039 0.87177 0.48039 0.87284 0.48148 0.87392 0.48148 0.875 0.48257 0.87608 0.48257 0.87716 0.48366 0.87823 0.48366 0.87931 0.48475 0.88147 0.48475 0.88254 0.48584 0.88362 0.48584 0.8847 0.48693 0.88685 0.48693 0.88793 0.48802 0.89009 0.48802 0.89116 0.48911 0.89224 0.48911 0.89332 0.4902 0.89547 0.4902 0.89655 0.49129 0.89871 0.49129 0.89978 0.49237 0.90086 0.49237 0.90194 0.49346 0.90409 0.49346 0.90517 0.49455 0.90733 0.49455 0.90841 0.49564 0.91056 0.49564 0.91164 0.49673 0.91164 0.49455 0.91272 0.49346 0.91272 0.43246 0.91379 0.43137 0.91272 0.43028 0.91272 0.42375 0.91164 0.42266 0.91164 0.41721 0.91056 0.41612 0.91056 0.41068 0.90948 0.40959 0.90948 0.40305 0.90841 0.40196 0.90841 0.39651 0.90733 0.39542 0.90733 0.39216 0.90625 0.39107 0.90625 0.38889 0.90517 0.3878 0.90517 0.38562 0.90409 0.38453 0.90409 0.38235 0.90302 0.38126 0.90302 0.378 0.90194 0.37691 0.90194 0.37582 0.90086 0.37473 0.90086 0.37146 0.89978 0.37037 0.89978 0.36819 0.89871 0.3671 0.89871 0.36492 0.89763 0.36383 0.89763 0.36166 0.89655 0.36057 0.89655 0.35839 0.89547 0.3573 0.89547 0.35512 0.8944 0.35403 0.8944 0.35185 0.89332 0.35076 0.89332 0.34967 0.89009 0.34641 0.89009 0.34532 0.87823 0.33333 0.87823 0.33224 0.86746 0.32135 0.86746 0.32026 0.85668 0.30937 0.84914 0.30937 0.84806 0.30828 0.84052 0.30828 0.83944 0.30719 0.8319 0.30719 0.83082 0.3061 0.82328 0.3061 0.8222 0.30501 0.81358 0.30501 0.8125 0.30392
