0
0 0.47414 0.51852 0.47306 0.51961 0.47091 0.51961 0.46983 0.5207 0.46767 0.5207 0.46659 0.52179 0.46228 0.52179 0.46121 0.52288 0.45905 0.52288 0.45797 0.52397 0.45582 0.52397 0.45474 0.52505 0.45366 0.52505 0.45259 0.52614 0.45043 0.52614 0.44935 0.52723 0.44828 0.52723 0.4472 0.52832 0.44612 0.52832 0.44397 0.5305 0.44397 0.53159 0.44073 0.53486 0.44073 0.53595 0.43642 0.54031 0.43642 0.54139 0.43427 0.54357 0.43427 0.54466 0.42996 0.54902 0.4278 0.54902 0.42672 0.55011 0.42565 0.55011 0.42457 0.5512 0.42241 0.5512 0.42134 0.55229 0.42026 0.55229 0.41918 0.55338 0.41703 0.55338 0.41595 0.55447 0.41164 0.55447 0.41056 0.55556 0.40625 0.55556 0.40517 0.55664 0.39978 0.55664 0.39871 0.55773 0.39547 0.55773 0.3944 0.55882 0.38901 0.55882 0.38793 0.55991 0.3847 0.55991 0.38362 0.561 0.38039 0.561 0.37931 0.56209 0.37608 0.56209 0.375 0.56318 0.37177 0.56318 0.37069 0.56427 0.36638 0.56427 0.3653 0.56536 0.36207 0.56536 0.36099 0.56645 0.35991 0.56645 0.35884 0.56754 0.35776 0.56754 0.35668 0.56863 0.3556 0.56863 0.35453 0.56972 0.35345 0.56972 0.35237 0.57081 0.35129 0.57081 0.34914 0.57298 0.34806 0.57298 0.34698 0.57407 0.34591 0.57407 0.34483 0.57516 0.34375 0.57516 0.34159 0.57734 0.34052 0.57734 0.33944 0.57843 0.33836 0.57843 0.33621 0.58061 0.33513 0.58061 0.33082 0.58497 0.32974 0.58497 0.32543 0.58932 0.32435 0.58932 0.32112 0.59259 0.32004 0.59259 0.31573 0.59695 0.31466 0.59695 0.31142 0.60022 0.31142 0.60131 0.30927 0.60349 0.30927 0.60458 0.30711 0.60675 0.30711 0.60784 0.30496 0.61002 0.30496 0.61111 0.3028 0.61329 0.3028 0.61547 0.30388 0.61656 0.30388 0.61874 0.30496 0.61983 0.30496 0.62092 0.30603 0.622 0.30603 0.62418 0.30711 0.62527 0.30711 0.62636 0.30819 0.62745 0.30819 0.62854 0.30927 0.62963 0.30927 0.63072 0.31034 0.63181 0.31034 0.63399 0.31142 0.63508 0.31142 0.63617 0.3125 0.63725 0.3125 0.63834 0.31466 0.63834 0.31573 0.63725 0.31681 0.63725 0.31789 0.63617 0.31897 0.63617 0.32004 0.63508 0.32112 0.63508 0.3222 0.63399 0.32328 0.63399 0.32435 0.6329 0.32543 0.6329 0.32651 0.63181 0.32759 0.63181 0.32866 0.63072 0.35129 0.63072 0.35237 0.63181 0.38254 0.63181 0.38362 0.63072 0.38901 0.63072 0.38901 0.62963 0.39116 0.62745 0.39116 0.62636 0.39332 0.62418 0.39332 0.62309 0.3944 0.622 0.3944 0.62092 0.39655 0.61874 0.39655 0.61765 0.39763 0.61656 0.39763 0.61547 0.39655 0.61438 0.39655 0.60893 0.39547 0.60784 0.39547 0.60349 0.3944 0.6024 0.3944 0.60131 0.39547 0.60022 0.39547 0.59695 0.39655 0.59586 0.39655 0.59368 0.39763 0.59259 0.39763 0.59041 0.39978 0.58824 0.40517 0.58824 0.40625 0.58932 0.41272 0.58932 0.41487 0.5915 0.41595 0.5915 0.4181 0.59368 0.41918 0.59368 0.42026 0.59477 0.42134 0.59477 0.42241 0.59586 0.42565 0.59586 0.42672 0.59477 0.43211 0.59477 0.43319 0.59368 0.43534 0.59368 0.43534 0.59259 0.43642 0.5915 0.43642 0.58606 0.4375 0.58497 0.4375 0.57843 0.43642 0.57734 0.4375 0.57625 0.44397 0.57625 0.44504 0.57734 0.45474 0.57734 0.45582 0.57625 0.46228 0.57625 0.46336 0.57516 0.46552 0.57516 0.46552 0.57081 0.46444 0.56972 0.46444 0.56754 0.46336 0.56645 0.46336 0.56536 0.45582 0.55773 0.4569 0.55664 0.4569 0.55556 0.45797 0.55447 0.45797 0.55338 0.45905 0.55229 0.45905 0.5512 0.46013 0.55011 0.46013 0.54793 0.46121 0.54684 0.46121 0.54575 0.46552 0.54139 0.46552 0.54031 0.47091 0.53486 0.47198 0.53486 0.47306 0.53377 0.47522 0.53377 0.47629 0.53268 0.47737 0.53268 0.47845 0.53159 0.47845 0.52941 0.47737 0.52832 0.47737 0.52614 0.47629 0.52505 0.47629 0.52288 0.47522 0.52179 0.47522 0.51961
0
0
0 0.45259 0.47603 0.45151 0.47712 0.45043 0.47712 0.44935 0.47821 0.44828 0.47821 0.44828 0.4793 0.4472 0.48039 0.4472 0.48257 0.44612 0.48366 0.44612 0.48584 0.44504 0.48693 0.44504 0.50109 0.44612 0.50218 0.44612 0.50545 0.4472 0.50654 0.4472 0.5098 0.44828 0.51089 0.44828 0.51307 0.44935 0.51416 0.44935 0.51634 0.45905 0.51634 0.45905 0.51416 0.46013 0.51307 0.46013 0.51089 0.46121 0.5098 0.46121 0.50327 0.46013 0.50218 0.46013 0.49782 0.45905 0.49673 0.45905 0.49237 0.45797 0.49129 0.45797 0.48693 0.4569 0.48584 0.4569 0.48039 0.45582 0.4793 0.45582 0.47821 0.45474 0.47712 0.45366 0.47712
0
0 0.5528 0.43464 0.5528 0.43791 0.55172 0.439 0.55172 0.44444 0.55065 0.44553 0.55065 0.44662 0.54957 0.44771 0.54957 0.4488 0.54849 0.44989 0.54849 0.45098 0.54741 0.45207 0.54741 0.45425 0.54957 0.45643 0.55172 0.45643 0.5528 0.45752 0.55388 0.45752 0.55496 0.45861 0.55603 0.45861 0.56034 0.45425 0.56034 0.45316 0.56897 0.44444 0.56897 0.44227 0.56789 0.44118 0.56789 0.44009 0.56681 0.439 0.56573 0.439 0.56358 0.43682 0.5625 0.43682 0.56142 0.43573 0.56034 0.43573 0.55927 0.43464
0 0.52909 0.43246 0.52802 0.43355 0.5097 0.43355 0.50862 0.43464 0.50539 0.43464 0.50431 0.43573 0.50108 0.43573 0.49892 0.43791 0.49784 0.43791 0.49677 0.439 0.49569 0.439 0.49461 0.44009 0.49353 0.44009 0.49138 0.44227 0.4903 0.44227 0.48276 0.44989 0.48276 0.45098 0.4806 0.45316 0.4806 0.45425 0.47953 0.45534 0.47953 0.45643 0.47845 0.45752 0.47845 0.45861 0.47414 0.46296 0.47414 0.46405 0.47306 0.46514 0.47306 0.46623 0.47198 0.46732 0.47198 0.46841 0.47091 0.4695 0.47091 0.47059 0.46983 0.47168 0.46983 0.47277 0.46875 0.47386 0.46875 0.47495 0.46767 0.47603 0.46767 0.47821 0.46659 0.4793 0.46659 0.48257 0.46552 0.48366 0.46552 0.49455 0.46444 0.49564 0.46444 0.50109 0.46552 0.50218 0.46552 0.50327 0.46875 0.50654 0.47306 0.50654 0.47629 0.50327 0.47629 0.48802 0.47737 0.48693 0.47737 0.48257 0.47845 0.48148 0.47845 0.4793 0.47953 0.47821 0.47953 0.47712 0.4806 0.47603 0.4806 0.47495 0.48168 0.47386 0.48168 0.47277 0.48384 0.47059 0.48384 0.4695 0.48491 0.46841 0.48491 0.46732 0.48815 0.46405 0.48815 0.46296 0.48922 0.46187 0.48922 0.46078 0.49138 0.45861 0.49138 0.45752 0.49353 0.45534 0.49353 0.45425 0.49569 0.45207 0.49677 0.45207 0.49892 0.44989 0.5 0.44989 0.50108 0.4488 0.50216 0.4488 0.50431 0.44662 0.50754 0.44662 0.50862 0.44553 0.51185 0.44553 0.51293 0.44444 0.51724 0.44444 0.51832 0.44553 0.52586 0.44553 0.52694 0.44444 0.53017 0.44444 0.53125 0.44336 0.53879 0.44336 0.53987 0.44444 0.54095 0.44444 0.54203 0.44553 0.54634 0.44553 0.54957 0.44227 0.54957 0.43791 0.54526 0.43355 0.5431 0.43355 0.54203 0.43246
0 0.08513 0.39651 0.08513 0.4281 0.08405 0.42919 0.08405 0.43464 0.08297 0.43573 0.08297 0.44118 0.0819 0.44227 0.0819 0.44771 0.08082 0.4488 0.08082 0.47821 0.07974 0.4793 0.07974 0.48039 0.08082 0.48148 0.07974 0.48257 0.07974 0.52397 0.08082 0.52505 0.08082 0.5305 0.0819 0.53159 0.0819 0.53813 0.08297 0.53922 0.08297 0.54575 0.08405 0.54684 0.08405 0.55338 0.08513 0.55447 0.08513 0.561 0.08621 0.56209 0.08621 0.56645 0.08728 0.56754 0.08728 0.56972 0.08836 0.57081 0.08836 0.57298 0.08944 0.57407 0.08944 0.57625 0.09052 0.57734 0.09052 0.57952 0.09159 0.58061 0.09159 0.58279 0.09267 0.58388 0.09267 0.58606 0.09375 0.58715 0.09375 0.58932 0.09483 0.59041 0.09483 0.59259 0.09591 0.59368 0.09591 0.59586 0.09698 0.59695 0.09698 0.60022 0.09806 0.60131 0.09806 0.60349 0.09914 0.60458 0.09914 0.60675 0.10022 0.60784 0.10022 0.61002 0.10129 0.61111 0.10129 0.61329 0.10237 0.61438 0.10237 0.61656 0.10345 0.61765 0.10345 0.61983 0.10453 0.62092 0.10453 0.62309 0.1056 0.62418 0.1056 0.62636 0.10668 0.62745 0.10668 0.62963 0.10776 0.63072 0.10776 0.6329 0.10884 0.63399 0.10884 0.63725 0.10991 0.63834 0.10991 0.64052 0.11099 0.64161 0.11099 0.6427 0.11207 0.64379 0.11207 0.64597 0.11315 0.64706 0.11315 0.64815 0.11422 0.64924 0.11422 0.65142 0.1153 0.65251 0.1153 0.65359 0.11638 0.65468 0.11638 0.65577 0.11746 0.65686 0.11746 0.65795 0.11853 0.65904 0.11853 0.66122 0.11961 0.66231 0.11961 0.6634 0.12069 0.66449 0.12069 0.66558 0.12177 0.66667 0.12177 0.66885 0.12284 0.66993 0.12284 0.67102 0.12392 0.67211 0.12392 0.6732 0.125 0.67429 0.125 0.67647 0.12608 0.67756 0.12608 0.67865 0.12716 0.67974 0.12716 0.68083 0.12823 0.68192 0.12823 0.68301 0.12931 0.6841 0.12931 0.68627 0.13039 0.68736 0.13039 0.68845 0.13147 0.68954 0.13147 0.69063 0.13254 0.69172 0.13254 0.6939 0.13362 0.69499 0.13362 0.69608 0.1347 0.69717 0.1347 0.69826 0.13578 0.69935 0.13793 0.69935 0.13901 0.69826 0.14116 0.69826 0.14224 0.69717 0.14332 0.69717 0.1444 0.69608 0.14547 0.69608 0.14655 0.69499 0.14871 0.69499 0.14978 0.6939 0.15086 0.6939 0.15194 0.69281 0.15302 0.69281 0.15409 0.69172 0.15625 0.69172 0.15733 0.69063 0.15841 0.69063 0.15948 0.68954 0.16164 0.68954 0.16272 0.68845 0.16379 0.68845 0.16487 0.68736 0.16595 0.68736 0.16703 0.68627 0.16918 0.68627 0.17026 0.68519 0.17134 0.68519 0.17241 0.6841 0.17349 0.6841 0.17457 0.68301 0.17672 0.68301 0.1778 0.68192 0.17888 0.68192 0.17996 0.68083 0.18211 0.68083 0.18319 0.67974 0.18427 0.67974 0.18534 0.67865 0.18642 0.67865 0.1875 0.67756 0.18966 0.67756 0.19073 0.67647 0.19181 0.67647 0.19289 0.67538 0.19397 0.67538 0.19504 0.67429 0.19612 0.67429 0.19828 0.67211 0.19935 0.67211 0.20043 0.67102 0.20151 0.67102 0.20259 0.66993 0.20366 0.66993 0.20582 0.66776 0.2069 0.66776 0.20797 0.66667 0.20905 0.66667 0.21013 0.66558 0.21121 0.66558 0.21336 0.6634 0.21444 0.6634 0.21552 0.66231 0.21659 0.66231 0.21767 0.66122 0.21875 0.66122 0.22091 0.65904 0.22198 0.65904 0.22306 0.65795 0.22414 0.65795 0.22522 0.65686 0.22629 0.65686 0.22845 0.65468 0.22953 0.65468 0.2306 0.65359 0.23168 0.65359 0.23276 0.65251 0.23384 0.65251 0.23599 0.65033 0.23707 0.65033 0.23815 0.64924 0.23922 0.64924 0.2403 0.64815 0.24138 0.64815 0.24353 0.64597 0.24461 0.64597 0.25 0.64052 0.25108 0.64052 0.25647 0.63508 0.25754 0.63508 0.26401 0.62854 0.26509 0.62854 0.26724 0.62636 0.26832 0.62636 0.27047 0.62418 0.27155 0.62418 0.27371 0.622 0.27478 0.622 0.27694 0.61983 0.27802 0.61983 0.28017 0.61765 0.28125 0.61765 0.28233 0.61656 0.28341 0.61656 0.28556 0.61438 0.28664 0.61438 0.28879 0.6122 0.28987 0.6122 0.29203 0.61002 0.2931 0.61002 0.29526 0.60784 0.29634 0.60784 0.29741 0.60675 0.29849 0.60675 0.30065 0.60458 0.30172 0.60458 0.30388 0.6024 0.30496 0.6024 0.30927 0.59804 0.31034 0.59804 0.31573 0.59259 0.31681 0.59259 0.32328 0.58606 0.32435 0.58606 0.32974 0.58061 0.33082 0.58061 0.33621 0.57516 0.33728 0.57516 0.33944 0.57298 0.34052 0.57298 0.34159 0.5719 0.34267 0.5719 0.34483 0.56972 0.34591 0.56972 0.34698 0.56863 0.34806 0.56863 0.34914 0.56754 0.35022 0.56754 0.35129 0.56645 0.35237 0.56645 0.35453 0.56427 0.3556 0.56427 0.35668 0.56318 0.35776 0.56318 0.35884 0.56209 0.36207 0.56209 0.36315 0.561 0.36638 0.561 0.36746 0.55991 0.36961 0.55991 0.37069 0.55882 0.37392 0.55882 0.375 0.55773 0.37823 0.55773 0.37931 0.55664 0.38362 0.55664 0.3847 0.55556 0.38901 0.55556 0.39009 0.55447 0.39332 0.55447 0.3944 0.55338 0.39871 0.55338 0.39978 0.55229 0.40409 0.55229 0.40517 0.5512 0.40733 0.5512 0.40948 0.54902 0.41056 0.54902 0.41272 0.54684 0.41379 0.54684 0.41595 0.54466 0.41703 0.54466 0.4181 0.54357 0.42134 0.54357 0.42241 0.54466 0.42457 0.54466 0.42565 0.54575 0.43211 0.53922 0.43211 0.53813 0.4375 0.53268 0.4375 0.53159 0.43858 0.5305 0.43858 0.52941 0.43966 0.52832 0.43966 0.52723 0.44073 0.52614 0.44073 0.52505 0.44181 0.52397 0.44181 0.52288 0.44289 0.52179 0.44289 0.49346 0.44181 0.49237 0.44181 0.48584 0.44289 0.48475 0.44289 0.47712 0.44397 0.47603 0.44289 0.47495 0.44181 0.47495 0.44073 0.47386 0.43966 0.47386 0.43858 0.47277 0.43642 0.47277 0.43534 0.47168 0.43103 0.47168 0.42996 0.47059 0.42349 0.47059 0.42241 0.4695 0.41272 0.4695 0.41164 0.47059 0.40948 0.47059 0.40841 0.47168 0.40625 0.47168 0.40517 0.47277 0.40194 0.47277 0.40086 0.47386 0.39978 0.47386 0.39871 0.47495 0.39763 0.47495 0.39655 0.47386 0.40194 0.46841 0.40409 0.46841 0.40517 0.46732 0.41164 0.46732 0.41272 0.46623 0.4181 0.46623 0.41918 0.46514 0.42026 0.46623 0.4278 0.46623 0.42888 0.46732 0.43642 0.46732 0.4375 0.46841 0.44073 0.46841 0.44181 0.4695 0.44504 0.4695 0.44612 0.47059 0.45151 0.47059 0.45259 0.47168 0.46444 0.47168 0.46552 0.47059 0.46659 0.47059 0.46659 0.4695 0.46767 0.46841 0.46767 0.46732 0.46875 0.46623 0.46875 0.46514 0.46983 0.46405 0.46983 0.46296 0.47091 0.46187 0.47091 0.46078 0.47198 0.45969 0.47198 0.45861 0.47306 0.45752 0.47306 0.45643 0.47414 0.45534 0.47414 0.45425 0.47522 0.45316 0.47522 0.44989 0.47414 0.4488 0.47414 0.44771 0.47198 0.44553 0.47198 0.44444 0.47091 0.44336 0.46767 0.44336 0.46659 0.44444 0.46444 0.44444 0.46336 0.44553 0.46228 0.44553 0.46121 0.44662 0.45905 0.44662 0.45797 0.44771 0.4569 0.44771 0.45582 0.4488 0.45474 0.4488 0.45366 0.44989 0.44504 0.44118 0.44504 0.43791 0.44397 0.43682 0.44397 0.43464 0.44289 0.43464 0.44181 0.43355 0.43534 0.43355 0.43427 0.43246 0.43103 0.43246 0.42996 0.43137 0.42888 0.43137 0.4278 0.43028 0.42565 0.43028 0.42457 0.42919 0.42241 0.42919 0.42134 0.4281 0.4181 0.4281 0.41703 0.42702 0.41595 0.42702 0.41487 0.42593 0.41487 0.42484 0.41379 0.42375 0.41379 0.42266 0.41272 0.42157 0.41272 0.42048 0.41164 0.41939 0.41056 0.41939 0.40948 0.42048 0.40841 0.42048 0.40733 0.42157 0.40625 0.42157 0.40517 0.42266 0.40409 0.42266 0.40302 0.42375 0.40194 0.42375 0.40086 0.42484 0.39978 0.42484 0.39871 0.42593 0.39763 0.42593 0.39547 0.4281 0.39332 0.4281 0.39224 0.42919 0.39116 0.42919 0.38901 0.43137 0.38793 0.43137 0.38254 0.43682 0.38147 0.43682 0.36853 0.44989 0.36853 0.45098 0.36638 0.45316 0.36638 0.45425 0.3653 0.45534 0.3653 0.45643 0.36422 0.45752 0.36422 0.45861 0.36207 0.46078 0.36207 0.46187 0.36099 0.46296 0.36099 0.46405 0.35991 0.46514 0.35991 0.46623 0.35884 0.46732 0.35884 0.46841 0.35668 0.47059 0.35668 0.47168 0.35345 0.47495 0.35345 0.47603 0.35022 0.4793 0.35022 0.48039 0.34914 0.48148 0.35022 0.48257 0.35129 0.48257 0.35345 0.48475 0.35453 0.48475 0.35668 0.48693 0.35776 0.48693 0.35884 0.48802 0.36638 0.48802 0.36746 0.48911 0.37284 0.48911 0.37392 0.48802 0.375 0.48802 0.37608 0.48693 0.37716 0.48693 0.37823 0.48584 0.37931 0.48584 0.38147 0.48366 0.38254 0.48366 0.38362 0.48257 0.3847 0.48257 0.38578 0.48148 0.38685 0.48148 0.38793 0.48039 0.38901 0.48039 0.39009 0.4793 0.39116 0.4793 0.39547 0.47495 0.39655 0.47603 0.39655 0.47712 0.3944 0.4793 0.3944 0.48039 0.39224 0.48257 0.39224 0.48366 0.39009 0.48584 0.39009 0.48693 0.38793 0.48911 0.38793 0.4902 0.38685 0.49129 0.38578 0.49129 0.3847 0.49237 0.38254 0.49237 0.38147 0.49346 0.37823 0.49346 0.37716 0.49455 0.375 0.49455 0.37392 0.49564 0.37069 0.49564 0.36961 0.49673 0.36746 0.49673 0.36638 0.49782 0.36315 0.49782 0.36207 0.49673 0.35884 0.49673 0.35776 0.49564 0.35453 0.49564 0.35345 0.49455 0.35129 0.49455 0.35022 0.49346 0.34698 0.49346 0.34591 0.49237 0.34267 0.49237 0.34159 0.49129 0.33944 0.49129 0.33836 0.4902 0.33621 0.4902 0.33513 0.48911 0.33297 0.48911 0.3319 0.48802 0.33082 0.48802 0.32974 0.48693 0.32759 0.48693 0.32651 0.48584 0.32435 0.48584 0.32328 0.48475 0.32112 0.48475 0.32004 0.48366 0.31789 0.48366 0.31681 0.48257 0.31466 0.48257 0.31358 0.48148 0.3125 0.48148 0.31142 0.48039 0.31034 0.48039 0.30927 0.4793 0.30819 0.4793 0.30711 0.47821 0.30603 0.47821 0.30496 0.47712 0.30388 0.47712 0.3028 0.47603 0.30172 0.47603 0.30065 0.47495 0.29957 0.47495 0.29849 0.47386 0.29741 0.47386 0.29634 0.47277 0.29418 0.47277 0.2931 0.47168 0.29203 0.47168 0.29095 0.47059 0.28987 0.47059 0.28879 0.4695 0.28664 0.4695 0.28556 0.46841 0.28448 0.46841 0.28341 0.46732 0.28233 0.46732 0.28125 0.46623 0.27909 0.46623 0.27802 0.46514 0.27694 0.46514 0.27586 0.46405 0.27263 0.46405 0.27155 0.46296 0.2694 0.46296 0.26832 0.46187 0.26509 0.46187 0.26401 0.46078 0.26078 0.46078 0.2597 0.45969 0.25754 0.45969 0.25647 0.45861 0.25323 0.45861 0.25216 0.45752 0.24892 0.45752 0.24784 0.45643 0.24569 0.45643 0.24461 0.45534 0.24138 0.45534 0.2403 0.45425 0.23815 0.45425 0.23707 0.45316 0.23599 0.45316 0.23491 0.45207 0.23384 0.45207 0.23168 0.44989 0.2306 0.44989 0.22953 0.4488 0.22845 0.4488 0.22737 0.44771 0.22629 0.44771 0.22522 0.44662 0.22414 0.44662 0.22198 0.44444 0.22091 0.44444 0.21983 0.44336 0.21875 0.44336 0.21767 0.44227 0.21659 0.44227 0.21552 0.44118 0.21444 0.44118 0.21336 0.44009 0.21228 0.44009 0.21121 0.439 0.20905 0.439 0.20797 0.43791 0.2069 0.43791 0.20582 0.43682 0.20474 0.43682 0.20366 0.43573 0.20151 0.43573 0.20043 0.43464 0.19935 0.43464 0.19828 0.43355 0.1972 0.43355 0.19612 0.43246 0.19397 0.43246 0.19289 0.43137 0.19181 0.43137 0.19073 0.43028 0.18858 0.43028 0.1875 0.42919 0.18642 0.42919 0.18534 0.4281 0.18319 0.4281 0.18211 0.42702 0.18103 0.42702 0.17996 0.42593 0.1778 0.42593 0.17672 0.42484 0.17457 0.42484 0.17349 0.42375 0.17241 0.42375 0.17134 0.42266 0.16918 0.42266 0.1681 0.42157 0.16703 0.42157 0.16595 0.42048 0.16379 0.42048 0.16272 0.41939 0.16164 0.41939 0.16056 0.4183 0.15841 0.4183 0.15733 0.41721 0.14655 0.41721 0.14547 0.41612 0.1347 0.41612 0.13362 0.41503 0.13254 0.41503 0.13147 0.41394 0.12931 0.41394 0.12823 0.41285 0.12716 0.41285 0.12608 0.41176 0.12392 0.41176 0.12284 0.41068 0.12177 0.41068 0.12069 0.40959 0.11853 0.40959 0.11746 0.4085 0.1153 0.4085 0.11422 0.40741 0.11315 0.40741 0.11207 0.40632 0.10991 0.40632 0.10884 0.40523 0.10776 0.40523 0.10668 0.40414 0.10453 0.40414 0.10345 0.40305 0.10129 0.40305 0.10022 0.40196 0.09914 0.40196 0.09806 0.40087 0.09591 0.40087 0.09483 0.39978 0.09375 0.39978 0.09267 0.39869 0.09052 0.39869 0.08944 0.3976 0.08728 0.3976 0.08621 0.39651
0 0.28125 0.19935 0.27909 0.20153 0.27802 0.20153 0.27586 0.2037 0.27478 0.2037 0.27155 0.20697 0.27047 0.20697 0.26832 0.20915 0.26724 0.20915 0.26509 0.21133 0.26401 0.21133 0.26185 0.21351 0.26078 0.21351 0.25754 0.21678 0.25647 0.21678 0.25431 0.21895 0.25323 0.21895 0.25108 0.22113 0.25 0.22113 0.24784 0.22331 0.24677 0.22331 0.24246 0.22767 0.24246 0.22876 0.23815 0.23312 0.23815 0.2342 0.23384 0.23856 0.23384 0.23965 0.22953 0.24401 0.22953 0.2451 0.22414 0.25054 0.22414 0.25163 0.22091 0.2549 0.21767 0.2549 0.21659 0.25599 0.21228 0.25599 0.21121 0.25708 0.2069 0.25708 0.20582 0.25817 0.20043 0.25817 0.19935 0.25926 0.19504 0.25926 0.19397 0.26035 0.18966 0.26035 0.18858 0.26144 0.18319 0.26144 0.18211 0.26035 0.18103 0.26035 0.17996 0.25926 0.1778 0.25926 0.17672 0.25817 0.17457 0.25817 0.17349 0.25708 0.17134 0.25708 0.16918 0.2549 0.16918 0.25381 0.17026 0.25272 0.17026 0.25054 0.17134 0.24946 0.17134 0.24728 0.17241 0.24619 0.17241 0.24401 0.17349 0.24292 0.17349 0.24074 0.17457 0.23965 0.17457 0.23747 0.17565 0.23638 0.17565 0.2342 0.17672 0.23312 0.17672 0.23094 0.1778 0.22985 0.1778 0.22767 0.17672 0.22658 0.17565 0.22658 0.17241 0.22331 0.17134 0.22331 0.16918 0.22113 0.1681 0.22113 0.16487 0.21786 0.16272 0.21786 0.15733 0.22331 0.15733 0.2244 0.15194 0.22985 0.15194 0.23094 0.14655 0.23638 0.14655 0.23747 0.1444 0.23965 0.1444 0.24183 0.14332 0.24292 0.14332 0.24401 0.14224 0.2451 0.14224 0.24619 0.14116 0.24728 0.14116 0.24837 0.14009 0.24946 0.14009 0.25054 0.13901 0.25163 0.13901 0.25272 0.13793 0.25381 0.13793 0.25599 0.13685 0.25708 0.13685 0.25817 0.13578 0.25926 0.13578 0.26035 0.1347 0.26144 0.1347 0.26253 0.13362 0.26362 0.13362 0.26471 0.13254 0.2658 0.13254 0.26688 0.13147 0.26797 0.13147 0.26906 0.13039 0.27015 0.13039 0.27124 0.12931 0.27233 0.12931 0.27342 0.12823 0.27451 0.12823 0.2756 0.12608 0.27778 0.12608 0.27887 0.125 0.27996 0.125 0.28105 0.12284 0.28322 0.12284 0.28431 0.12177 0.2854 0.12177 0.28649 0.12069 0.28758 0.12069 0.28867 0.11853 0.29085 0.11853 0.29194 0.11746 0.29303 0.11746 0.29412 0.1153 0.2963 0.1153 0.29739 0.11422 0.29847 0.11422 0.29956 0.11315 0.30065 0.11315 0.30174 0.11099 0.30392 0.11099 0.3061 0.10991 0.30719 0.10991 0.30937 0.10884 0.31046 0.10884 0.31264 0.10776 0.31373 0.10776 0.3159 0.10668 0.31699 0.10668 0.31917 0.1056 0.32026 0.1056 0.32244 0.10453 0.32353 0.10453 0.3268 0.10345 0.32789 0.10345 0.33007 0.10237 0.33115 0.10237 0.35185 0.10345 0.35294 0.10345 0.37146 0.10453 0.37255 0.10453 0.37691 0.10668 0.37908 0.10668 0.38017 0.10884 0.38235 0.10884 0.38344 0.11099 0.38562 0.11099 0.38671 0.11422 0.38998 0.11422 0.39107 0.11638 0.39325 0.11638 0.39434 0.11961 0.3976 0.11961 0.39869 0.12177 0.40087 0.12177 0.40196 0.12392 0.40414 0.12608 0.40414 0.12716 0.40523 0.13147 0.40523 0.13254 0.40632 0.13578 0.40632 0.13685 0.40741 0.14009 0.40741 0.14116 0.4085 0.14547 0.4085 0.14655 0.40959 0.14978 0.40959 0.15086 0.41068 0.15517 0.41068 0.15625 0.41176 0.15948 0.41176 0.16056 0.41285 0.16379 0.41285 0.16487 0.41394 0.16918 0.41394 0.17026 0.41503 0.17349 0.41503 0.17457 0.41612 0.1778 0.41612 0.17888 0.41721 0.17996 0.41721 0.18103 0.4183 0.18211 0.4183 0.18319 0.41939 0.18427 0.41939 0.18642 0.42157 0.1875 0.42157 0.18858 0.42266 0.18966 0.42266 0.19073 0.42375 0.19181 0.42375 0.19397 0.42593 0.19504 0.42593 0.19612 0.42702 0.1972 0.42702 0.19935 0.42919 0.20043 0.42919 0.20151 0.43028 0.20259 0.43028 0.20366 0.43137 0.20474 0.43137 0.2069 0.43355 0.20797 0.43355 0.20905 0.43464 0.21013 0.43464 0.21121 0.43573 0.21228 0.43573 0.21336 0.43682 0.21552 0.43682 0.21659 0.43791 0.21767 0.43791 0.21875 0.439 0.21983 0.439 0.22091 0.44009 0.22198 0.44009 0.22306 0.44118 0.22414 0.44118 0.22522 0.44227 0.22737 0.44227 0.22845 0.44336 0.23276 0.44336 0.23384 0.44444 0.24138 0.44444 0.24246 0.44553 0.25 0.44553 0.25108 0.44444 0.25431 0.44444 0.25539 0.44336 0.25754 0.44336 0.25862 0.44227 0.26185 0.44227 0.26293 0.44118 0.27263 0.45098 0.27263 0.45207 0.28556 0.46514 0.30819 0.46514 0.30819 0.46405 0.30927 0.46296 0.30927 0.45861 0.31034 0.45752 0.31034 0.45316 0.31142 0.45207 0.31142 0.44771 0.3125 0.44662 0.3125 0.44227 0.31358 0.44118 0.31358 0.43682 0.31466 0.43573 0.31466 0.43137 0.31573 0.43028 0.31573 0.42593 0.31681 0.42484 0.31681 0.42048 0.31789 0.41939 0.31789 0.4183 0.31681 0.41721 0.31681 0.41612 0.31573 0.41503 0.31573 0.41285 0.31466 0.41176 0.31466 0.40959 0.31358 0.4085 0.31358 0.40741 0.3125 0.40632 0.3125 0.40414 0.31142 0.40305 0.31142 0.40087 0.31034 0.39978 0.31034 0.39869 0.30927 0.3976 0.30927 0.39542 0.30819 0.39434 0.30819 0.39216 0.30711 0.39107 0.30711 0.38889 0.30603 0.3878 0.30603 0.37691 0.30496 0.37582 0.30496 0.35512 0.30603 0.35403 0.30603 0.35294 0.30711 0.35185 0.30711 0.35076 0.30819 0.34967 0.30819 0.34858 0.30927 0.34749 0.30927 0.34641 0.31034 0.34532 0.31034 0.34423 0.31142 0.34314 0.31573 0.34749 0.31573 0.34858 0.31897 0.35185 0.31897 0.35294 0.32112 0.35512 0.34159 0.33442 0.34267 0.33442 0.35022 0.3268 0.35129 0.3268 0.35668 0.32135 0.35776 0.32135 0.36099 0.31808 0.36207 0.31808 0.36422 0.3159 0.3653 0.3159 0.36853 0.31264 0.36961 0.31264 0.37177 0.31046 0.37284 0.31046 0.37608 0.30719 0.37608 0.3061 0.37716 0.30501 0.37716 0.30065 0.37823 0.29956 0.37823 0.29521 0.37931 0.29412 0.37931 0.28867 0.38039 0.28758 0.38039 0.28322 0.38147 0.28214 0.38147 0.27778 0.38254 0.27669 0.38254 0.27233 0.38362 0.27124 0.38362 0.26688 0.3847 0.2658 0.3847 0.26362 0.38362 0.26253 0.38362 0.25163 0.38254 0.25054 0.38254 0.23965 0.38147 0.23856 0.38147 0.22658 0.38039 0.22549 0.38039 0.2146 0.37931 0.21351 0.37931 0.21242 0.37608 0.21242 0.375 0.21133 0.37069 0.21133 0.36961 0.21024 0.3653 0.21024 0.36422 0.20915 0.35991 0.20915 0.35884 0.20806 0.35453 0.20806 0.35345 0.20697 0.34914 0.20697 0.34806 0.20588 0.34375 0.20588 0.34267 0.20479 0.33836 0.20479 0.33728 0.2037 0.33297 0.2037 0.3319 0.20261 0.32759 0.20261 0.32651 0.20153 0.3125 0.20153 0.31142 0.20044 0.29849 0.20044 0.29741 0.19935
