0 0.57974 0.57407 0.57759 0.57625 0.57651 0.57625 0.57435 0.57843 0.57328 0.57843 0.57112 0.58061 0.56573 0.58061 0.5625 0.58388 0.56142 0.58388 0.56142 0.58497 0.5625 0.58606 0.5625 0.58824 0.56358 0.58932 0.56358 0.59041 0.56466 0.5915 0.56466 0.59368 0.56573 0.59477 0.56573 0.59695 0.56681 0.59804 0.56681 0.60131 0.56789 0.6024 0.56789 0.60566 0.56897 0.60675 0.56897 0.60784 0.56466 0.6122 0.56466 0.61547 0.56573 0.61656 0.56573 0.62309 0.56681 0.62309 0.56789 0.622 0.57004 0.622 0.57112 0.62092 0.57543 0.62092 0.57651 0.61983 0.57974 0.61983 0.58082 0.61874 0.58405 0.61874 0.58513 0.61765 0.58836 0.61765 0.58944 0.61656 0.59052 0.61656 0.59159 0.61547 0.59267 0.61547 0.59375 0.61438 0.59591 0.61438 0.59698 0.61329 0.59806 0.61329 0.60022 0.61111 0.60129 0.61111 0.60237 0.61002 0.60345 0.61002 0.60345 0.60675 0.59698 0.60022 0.59591 0.60022 0.59483 0.59913 0.59375 0.59913 0.59267 0.59804 0.59159 0.59804 0.58944 0.59586 0.58944 0.59477 0.58836 0.59368 0.58836 0.59041 0.58728 0.58932 0.58728 0.58715 0.58621 0.58606 0.58621 0.58497 0.58513 0.58388 0.58513 0.58279 0.58405 0.5817 0.58405 0.57952 0.5819 0.57734 0.5819 0.57625
0 0.10237 0.51307 0.10237 0.51525 0.10129 0.51634 0.10129 0.51743 0.10022 0.51852 0.10022 0.5207 0.09914 0.52179 0.09914 0.52397 0.09806 0.52505 0.09806 0.52614 0.09698 0.52723 0.09698 0.52941 0.09591 0.5305 0.09591 0.53268 0.09483 0.53377 0.09483 0.53486 0.09375 0.53595 0.09375 0.53813 0.09267 0.53922 0.09267 0.54139 0.09159 0.54248 0.09159 0.54357 0.09052 0.54466 0.09052 0.54684 0.08944 0.54793 0.08944 0.55447 0.09052 0.55556 0.09052 0.55882 0.09159 0.55991 0.09159 0.56427 0.09267 0.56536 0.09267 0.56863 0.09375 0.56972 0.09375 0.57407 0.09483 0.57516 0.09483 0.57843 0.09591 0.57952 0.09591 0.58388 0.09698 0.58497 0.09698 0.58715 0.09806 0.58824 0.09806 0.59041 0.09914 0.5915 0.09914 0.59477 0.10022 0.59586 0.10022 0.59804 0.10129 0.59913 0.10129 0.6024 0.10237 0.60349 0.10237 0.60566 0.10345 0.60675 0.10345 0.60893 0.10453 0.61002 0.10453 0.61329 0.1056 0.61438 0.1056 0.61656 0.10668 0.61765 0.10668 0.61983 0.10776 0.62092 0.10776 0.62418 0.10884 0.62527 0.10884 0.62745 0.10991 0.62854 0.10991 0.63181 0.11099 0.6329 0.11099 0.63399 0.11638 0.63943 0.11746 0.63943 0.12284 0.64488 0.12392 0.64488 0.12931 0.65033 0.13039 0.65033 0.13578 0.65577 0.13685 0.65577 0.13901 0.65795 0.14224 0.65795 0.14332 0.65904 0.14978 0.65904 0.15086 0.66013 0.15733 0.66013 0.15841 0.66122 0.16487 0.66122 0.16595 0.66231 0.17349 0.66231 0.17457 0.6634 0.18211 0.6634 0.18319 0.66231 0.1875 0.66231 0.18858 0.66122 0.19181 0.66122 0.19289 0.66013 0.19612 0.66013 0.1972 0.65904 0.20151 0.65904 0.20259 0.65795 0.20582 0.65795 0.2069 0.65686 0.20905 0.65686 0.21013 0.65577 0.21121 0.65577 0.22306 0.64379 0.22414 0.64379 0.23599 0.63181 0.23707 0.63181 0.2403 0.62854 0.24677 0.62854 0.24784 0.62745 0.27263 0.62745 0.28341 0.61656 0.28448 0.61656 0.30172 0.59913 0.3028 0.59913 0.30711 0.59477 0.30819 0.59477 0.31358 0.58932 0.31466 0.58932 0.31897 0.58497 0.32004 0.58497 0.32435 0.58061 0.32543 0.58061 0.33082 0.57516 0.3319 0.57516 0.33297 0.57407 0.33513 0.57407 0.33621 0.57298 0.33836 0.57298 0.33944 0.5719 0.34159 0.5719 0.34267 0.57081 0.34483 0.57081 0.34591 0.56972 0.34806 0.56972 0.34914 0.56863 0.35129 0.56863 0.35237 0.56754 0.35453 0.56754 0.3556 0.56645 0.35776 0.56645 0.35884 0.56754 0.37069 0.56754 0.37177 0.56863 0.375 0.56863 0.37608 0.56972 0.37931 0.56972 0.38039 0.57081 0.3847 0.57081 0.38578 0.5719 0.3944 0.56318 0.3944 0.56209 0.40409 0.55229 0.40409 0.5512 0.40733 0.54793 0.40841 0.54793 0.40948 0.54684 0.41272 0.54684 0.41379 0.54575 0.41595 0.54575 0.41703 0.54466 0.41703 0.54139 0.4181 0.54031 0.4181 0.53704 0.41918 0.53595 0.41918 0.53159 0.42026 0.5305 0.41918 0.5305 0.4181 0.52941 0.41056 0.52941 0.40948 0.52832 0.40194 0.52832 0.40086 0.52723 0.3944 0.52723 0.39332 0.52614 0.3847 0.52614 0.38362 0.52505 0.34806 0.52505 0.34698 0.52397 0.33621 0.52397 0.33513 0.52288 0.3319 0.52288 0.33082 0.52179 0.32651 0.52179 0.32543 0.5207 0.3222 0.5207 0.32112 0.51961 0.31681 0.51961 0.31573 0.51852 0.31142 0.51852 0.31034 0.51743 0.3028 0.51743 0.30172 0.51852 0.29418 0.51852 0.2931 0.51961 0.28664 0.51961 0.28556 0.5207 0.27909 0.5207 0.27802 0.52179 0.27155 0.52179 0.27047 0.52288 0.26509 0.52288 0.26401 0.52397 0.25862 0.52397 0.25754 0.52505 0.25216 0.52505 0.25108 0.52614 0.24677 0.52614 0.24569 0.52723 0.2403 0.52723 0.23922 0.52832 0.23384 0.52832 0.23276 0.52941 0.22845 0.52941 0.22737 0.5305 0.22306 0.5305 0.22198 0.53159 0.21659 0.53159 0.21552 0.53268 0.21228 0.53268 0.21121 0.53159 0.20905 0.53159 0.20797 0.5305 0.20582 0.5305 0.20474 0.52941 0.20259 0.52941 0.20151 0.52832 0.19935 0.52832 0.19828 0.52723 0.19612 0.52723 0.19504 0.52614 0.19289 0.52614 0.19181 0.52505 0.18858 0.52505 0.1875 0.52397 0.18534 0.52397 0.18427 0.52288 0.18319 0.52288 0.18211 0.52179 0.17996 0.52179 0.17888 0.5207 0.17672 0.5207 0.17565 0.51961 0.17349 0.51961 0.17241 0.51852 0.16918 0.51852 0.1681 0.51743 0.16703 0.51743 0.16595 0.51634 0.16379 0.51634 0.16272 0.51525 0.15948 0.51525 0.15841 0.51416 0.13147 0.51416 0.13039 0.51307
0
0 0.48491 0.45969 0.47953 0.46514 0.47953 0.47603 0.4806 0.47712 0.4806 0.47821 0.48168 0.4793 0.48168 0.48039 0.48491 0.48039 0.48599 0.48148 0.49353 0.48148 0.49461 0.48039 0.49569 0.48039 0.49677 0.4793 0.49784 0.4793 0.49892 0.47821 0.49892 0.4695 0.49784 0.46841 0.49784 0.46405 0.49677 0.46405 0.49569 0.46296 0.49353 0.46296 0.49246 0.46187 0.49138 0.46187 0.4903 0.46078 0.48922 0.46078 0.48815 0.45969
0 0.55819 0.44118 0.55711 0.44227 0.55711 0.44336 0.55603 0.44444 0.55603 0.44553 0.55496 0.44662 0.55496 0.45098 0.55603 0.45207 0.55603 0.45425 0.55711 0.45534 0.55711 0.45643 0.55819 0.45752 0.55819 0.45969 0.56681 0.45969 0.56789 0.45861 0.56897 0.45861 0.57004 0.45752 0.5722 0.45752 0.57328 0.45643 0.57328 0.45534 0.5722 0.45425 0.5722 0.45207 0.57112 0.45098 0.57112 0.4488 0.57004 0.44771 0.57004 0.44553 0.56897 0.44444 0.56789 0.44444 0.56681 0.44336 0.56358 0.44336 0.5625 0.44227 0.56034 0.44227 0.55927 0.44118
0 0.51509 0.42266 0.51401 0.42375 0.51293 0.42375 0.51185 0.42484 0.5097 0.42484 0.50862 0.42593 0.50647 0.42593 0.50539 0.42702 0.50431 0.42702 0.50431 0.43791 0.50539 0.43791 0.50862 0.44118 0.5097 0.44118 0.51078 0.44227 0.52155 0.44227 0.52263 0.44118 0.52371 0.44118 0.52478 0.44009 0.52586 0.44009 0.52694 0.439 0.52909 0.439 0.53017 0.43791 0.53017 0.43573 0.52909 0.43464 0.52909 0.43355 0.52802 0.43246 0.52802 0.43028 0.52694 0.42919 0.52694 0.42702 0.52586 0.42702 0.52478 0.42593 0.52263 0.42593 0.52155 0.42484 0.52047 0.42484 0.5194 0.42375 0.51724 0.42375 0.51616 0.42266
0 0.35884 0.40959 0.35776 0.41068 0.35668 0.41068 0.35453 0.41285 0.35345 0.41285 0.35237 0.41394 0.35129 0.41394 0.35022 0.41503 0.34914 0.41503 0.34806 0.41612 0.34698 0.41612 0.34591 0.41721 0.34483 0.41721 0.34267 0.41939 0.34159 0.41939 0.33836 0.42266 0.33836 0.42375 0.33513 0.42702 0.33513 0.4281 0.33297 0.43028 0.33297 0.43137 0.32974 0.43464 0.32974 0.43573 0.32651 0.439 0.32651 0.44009 0.32543 0.44118 0.32543 0.44336 0.32435 0.44444 0.32435 0.45098 0.32328 0.45207 0.32328 0.45861 0.3222 0.45969 0.3222 0.46732 0.32112 0.46841 0.32112 0.47495 0.3222 0.47603 0.3222 0.47821 0.32328 0.4793 0.32328 0.48148 0.32435 0.48257 0.32435 0.48366 0.32543 0.48475 0.32543 0.48693 0.32651 0.48802 0.32651 0.4902 0.32759 0.49129 0.32759 0.49346 0.32866 0.49455 0.32866 0.49673 0.32974 0.49782 0.32974 0.5 0.33297 0.50327 0.33405 0.50327 0.33836 0.50763 0.33944 0.50763 0.34052 0.50871 0.34267 0.50871 0.34375 0.5098 0.34806 0.5098 0.34914 0.51089 0.35345 0.51089 0.35453 0.51198 0.35991 0.51198 0.36099 0.51307 0.36638 0.51307 0.36746 0.51198 0.375 0.51198 0.37608 0.51089 0.38362 0.51089 0.3847 0.5098 0.38901 0.5098 0.39224 0.50654 0.39224 0.50545 0.39763 0.5 0.39763 0.49891 0.40409 0.49237 0.40409 0.49129 0.40733 0.48802 0.40733 0.4793 0.40841 0.47821 0.40841 0.45861 0.40733 0.45752 0.40733 0.45643 0.40625 0.45534 0.40625 0.45316 0.40517 0.45207 0.40517 0.45098 0.40409 0.44989 0.40409 0.4488 0.40302 0.44771 0.40302 0.44662 0.40194 0.44553 0.40194 0.44336 0.40086 0.44227 0.40086 0.44118 0.39978 0.44009 0.39978 0.439 0.39871 0.43791 0.39871 0.43682 0.39763 0.43573 0.39763 0.43464 0.3944 0.43137 0.39332 0.43137 0.39116 0.42919 0.39009 0.42919 0.38793 0.42702 0.38685 0.42702 0.3847 0.42484 0.38362 0.42484 0.38039 0.42157 0.37931 0.42157 0.37716 0.41939 0.37608 0.41939 0.37392 0.41721 0.37284 0.41721 0.37069 0.41503 0.36961 0.41503 0.36746 0.41285 0.36638 0.41285 0.36422 0.41068 0.36315 0.41068 0.36207 0.40959
0 0.51078 0.39107 0.5097 0.39216 0.5 0.39216 0.49892 0.39325 0.49246 0.39325 0.4903 0.39542 0.48922 0.39542 0.48707 0.3976 0.48599 0.3976 0.48384 0.39978 0.48276 0.39978 0.47953 0.40305 0.47845 0.40305 0.47629 0.40523 0.47522 0.40523 0.47306 0.40741 0.47198 0.40741 0.46552 0.41394 0.46552 0.41503 0.46228 0.4183 0.46228 0.41939 0.46013 0.42157 0.46013 0.42266 0.45582 0.42702 0.45582 0.43137 0.45474 0.43246 0.45474 0.43573 0.45366 0.43682 0.45366 0.44118 0.45259 0.44227 0.45259 0.44662 0.44828 0.45098 0.4472 0.45098 0.43534 0.46296 0.43319 0.46296 0.43211 0.46405 0.42672 0.46405 0.42565 0.46514 0.42349 0.46514 0.42349 0.46623 0.42026 0.4695 0.42026 0.47059 0.4181 0.47277 0.4181 0.47386 0.41595 0.47603 0.41595 0.47712 0.41487 0.47821 0.41487 0.4793 0.41379 0.48039 0.41379 0.49782 0.41487 0.49891 0.41487 0.5 0.41703 0.50218 0.41703 0.50327 0.42026 0.50654 0.42026 0.50763 0.42349 0.51089 0.42349 0.51307 0.42457 0.51416 0.42457 0.51634 0.42565 0.51743 0.42565 0.51852 0.42672 0.51961 0.42672 0.52179 0.4278 0.52288 0.4278 0.52397 0.42888 0.52505 0.42888 0.52832 0.42996 0.52941 0.42996 0.53268 0.43103 0.53377 0.43103 0.53704 0.43211 0.53813 0.43211 0.54031 0.43319 0.54139 0.43319 0.54248 0.43427 0.54357 0.43427 0.54466 0.43534 0.54575 0.43534 0.54684 0.43642 0.54793 0.43642 0.54902 0.4375 0.55011 0.4375 0.55229 0.43858 0.55338 0.43858 0.55447 0.43966 0.55556 0.43966 0.55664 0.44073 0.55773 0.44073 0.55882 0.44181 0.55991 0.44181 0.56209 0.44289 0.56318 0.44289 0.56427 0.45151 0.57298 0.45259 0.57298 0.46013 0.58061 0.46121 0.58061 0.46336 0.58279 0.46444 0.58279 0.46767 0.58606 0.46875 0.58606 0.47091 0.58824 0.47198 0.58824 0.47414 0.59041 0.47522 0.59041 0.47737 0.59259 0.47845 0.59259 0.4806 0.59477 0.48168 0.59477 0.48384 0.59695 0.48491 0.59695 0.48707 0.59913 0.48815 0.59913 0.48922 0.60022 0.4903 0.60022 0.49138 0.60131 0.49246 0.60131 0.49461 0.60349 0.49569 0.60349 0.49677 0.60458 0.49784 0.60458 0.5 0.60675 0.50108 0.60675 0.50216 0.60784 0.50539 0.60784 0.50647 0.60893 0.50862 0.60893 0.5097 0.61002 0.51293 0.61002 0.51401 0.61111 0.51724 0.61111 0.51832 0.6122 0.52047 0.6122 0.52155 0.61329 0.52478 0.61329 0.52586 0.61438 0.52909 0.61438 0.53017 0.61547 0.53233 0.61547 0.53341 0.61656 0.53879 0.61656 0.53987 0.61765 0.54526 0.61765 0.54634 0.61874 0.54849 0.61874 0.54957 0.61765 0.55172 0.61765 0.5528 0.61656 0.55388 0.61656 0.55496 0.61547 0.55603 0.61547 0.55711 0.61438 0.55819 0.61438 0.55927 0.61329 0.55927 0.60893 0.55819 0.60784 0.55819 0.59804 0.55603 0.59804 0.55496 0.59695 0.54418 0.59695 0.5431 0.59586 0.52478 0.59586 0.52371 0.59477 0.51616 0.59477 0.51509 0.59368 0.51185 0.59368 0.51078 0.59259 0.50754 0.59259 0.50647 0.5915 0.50431 0.5915 0.50323 0.59041 0.50216 0.59041 0.50108 0.58932 0.49892 0.58932 0.49784 0.58824 0.49677 0.58824 0.49569 0.58715 0.49353 0.58715 0.49246 0.58606 0.4903 0.58606 0.48599 0.5817 0.48491 0.5817 0.48384 0.58061 0.48384 0.57952 0.48276 0.57952 0.45797 0.55447 0.45797 0.55338 0.45582 0.5512 0.45582 0.55011 0.45259 0.54684 0.45259 0.54575 0.44935 0.54248 0.44935 0.53922 0.44828 0.53813 0.44828 0.53486 0.4472 0.53377 0.4472 0.5305 0.44612 0.52941 0.44612 0.52614 0.44504 0.52505 0.44504 0.52179 0.44397 0.5207 0.44504 0.51961 0.44504 0.51198 0.44612 0.51089 0.44612 0.50218 0.4472 0.50109 0.4472 0.49564 0.44828 0.49455 0.44828 0.48911 0.44935 0.48802 0.44935 0.48257 0.45043 0.48148 0.45043 0.47603 0.45151 0.47495 0.45151 0.47386 0.45259 0.47277 0.45259 0.47059 0.45366 0.4695 0.45366 0.46841 0.45474 0.46732 0.45474 0.46514 0.45582 0.46405 0.45582 0.46187 0.4569 0.46078 0.4569 0.45969 0.47091 0.44553 0.47198 0.44553 0.4806 0.43682 0.48168 0.43682 0.48707 0.43137 0.48815 0.43137 0.4903 0.42919 0.49138 0.42919 0.49246 0.4281 0.49353 0.4281 0.49569 0.42593 0.49677 0.42593 0.49892 0.42375 0.5 0.42375 0.50108 0.42266 0.50323 0.42266 0.50431 0.42157 0.51293 0.42157 0.51401 0.42048 0.52155 0.42048 0.52263 0.41939 0.52586 0.41939 0.52694 0.4183 0.53125 0.4183 0.53233 0.41721 0.53556 0.41721 0.53664 0.41612 0.53879 0.41612 0.53987 0.41721 0.55065 0.41721 0.55172 0.4183 0.56142 0.4183 0.5625 0.41939 0.56789 0.41939 0.57004 0.42157 0.57112 0.42157 0.57435 0.42484 0.57543 0.42484 0.57759 0.42702 0.57866 0.42702 0.57974 0.4281 0.58082 0.4281 0.58297 0.43028 0.58297 0.43137 0.58728 0.43573 0.58728 0.43682 0.59267 0.44227 0.59267 0.44336 0.59914 0.44989 0.59914 0.45098 0.60022 0.45207 0.60022 0.45316 0.60129 0.45425 0.60129 0.45534 0.60237 0.45643 0.60237 0.45752 0.60453 0.45969 0.60453 0.46078 0.6056 0.46187 0.6056 0.46296 0.60776 0.46514 0.60776 0.46623 0.60884 0.46732 0.60884 0.46841 0.60991 0.4695 0.60991 0.47059 0.61099 0.47168 0.61099 0.47277 0.61207 0.47386 0.61207 0.47821 0.61315 0.4793 0.61315 0.48693 0.61422 0.48802 0.61422 0.49455 0.6153 0.49564 0.6153 0.49782 0.61638 0.49891 0.61638 0.5 0.61746 0.50109 0.61746 0.50327 0.61853 0.50436 0.61853 0.50654 0.61961 0.50763 0.61961 0.50871 0.62069 0.5098 0.62069 0.51198 0.62177 0.51307 0.62177 0.51525 0.62284 0.51634 0.62284 0.51743 0.62392 0.51852 0.62392 0.52179 0.62284 0.52288 0.62284 0.5305 0.62177 0.53159 0.62177 0.53813 0.62069 0.53922 0.62069 0.54248 0.61853 0.54466 0.61746 0.54357 0.61746 0.54139 0.61638 0.54031 0.61638 0.53922 0.6153 0.53813 0.6153 0.53595 0.61422 0.53486 0.61422 0.52941 0.61315 0.52832 0.61315 0.52397 0.61207 0.52288 0.61099 0.52288 0.60991 0.52397 0.60668 0.52397 0.6056 0.52505 0.6056 0.52614 0.60453 0.52723 0.60453 0.52941 0.60345 0.5305 0.60345 0.53377 0.60237 0.53486 0.60237 0.53704 0.60129 0.53813 0.60129 0.54031 0.60022 0.54139 0.60022 0.54248 0.59159 0.5512 0.59052 0.5512 0.59052 0.55338 0.59375 0.55664 0.59914 0.55664 0.60022 0.55556 0.60668 0.55556 0.60776 0.55447 0.61315 0.55447 0.61422 0.55338 0.6153 0.55338 0.61638 0.55447 0.61638 0.55664 0.60884 0.56427 0.60884 0.56536 0.60776 0.56645 0.60668 0.56645 0.60022 0.57298 0.60022 0.57407 0.59914 0.57516 0.59806 0.57516 0.59375 0.57952 0.59267 0.57952 0.58944 0.58279 0.58944 0.58388 0.59052 0.58497 0.59052 0.58606 0.59159 0.58715 0.59159 0.58824 0.59267 0.58932 0.59267 0.59041 0.59375 0.5915 0.59375 0.59259 0.59591 0.59477 0.60776 0.59477 0.60991 0.59259 0.60991 0.5915 0.61315 0.58824 0.61315 0.58715 0.61638 0.58388 0.61638 0.58279 0.62177 0.57734 0.62177 0.57625 0.62392 0.57407 0.62392 0.57298 0.625 0.5719 0.625 0.57081 0.62608 0.56972 0.62608 0.56863 0.62716 0.56754 0.62716 0.56536 0.62931 0.56318 0.62931 0.56209 0.63039 0.561 0.63039 0.55991 0.63147 0.55882 0.63147 0.55664 0.63254 0.55556 0.63254 0.55447 0.63362 0.55338 0.63362 0.55229 0.6347 0.5512 0.6347 0.55011 0.63578 0.54902 0.63578 0.54684 0.63685 0.54575 0.63685 0.54248 0.63793 0.54139 0.63793 0.53922 0.63901 0.53813 0.63901 0.53486 0.64009 0.53377 0.64009 0.5305 0.64116 0.52941 0.64116 0.52614 0.64224 0.52505 0.64224 0.52288 0.64332 0.52179 0.64332 0.49673 0.64224 0.49564 0.64224 0.48693 0.64116 0.48584 0.64116 0.47821 0.64009 0.47712 0.64009 0.47495 0.63901 0.47386 0.63901 0.47168 0.63793 0.47059 0.63793 0.46841 0.63685 0.46732 0.63685 0.46514 0.63578 0.46405 0.63578 0.46187 0.6347 0.46078 0.6347 0.45861 0.63362 0.45752 0.63362 0.45534 0.63254 0.45425 0.63254 0.45207 0.63147 0.45098 0.63147 0.4488 0.63039 0.44771 0.63039 0.44662 0.62931 0.44553 0.62931 0.44336 0.62823 0.44227 0.62823 0.44009 0.62716 0.439 0.62716 0.43791 0.61853 0.42919 0.61853 0.4281 0.61422 0.42375 0.61315 0.42375 0.60237 0.41285 0.60129 0.41285 0.59698 0.4085 0.59591 0.4085 0.59483 0.40741 0.59267 0.40741 0.59159 0.40632 0.59052 0.40632 0.58944 0.40523 0.58728 0.40523 0.58621 0.40414 0.58513 0.40414 0.58405 0.40305 0.58297 0.40305 0.5819 0.40196 0.57974 0.40196 0.57866 0.40087 0.57759 0.40087 0.57651 0.39978 0.57435 0.39978 0.57328 0.39869 0.5722 0.39869 0.57112 0.3976 0.56897 0.3976 0.56789 0.39651 0.56681 0.39651 0.56573 0.39542 0.55603 0.39542 0.55496 0.39434 0.54526 0.39434 0.54418 0.39325 0.53664 0.39325 0.53556 0.39216 0.52586 0.39216 0.52478 0.39107
0 0.19289 0.2854 0.19181 0.28649 0.18966 0.28649 0.18858 0.28758 0.18642 0.28758 0.18534 0.28867 0.18211 0.28867 0.18103 0.28976 0.17888 0.28976 0.1778 0.29085 0.17565 0.29085 0.17457 0.29194 0.17134 0.29194 0.17026 0.29303 0.1681 0.29303 0.16703 0.29412 0.16595 0.29412 0.16487 0.29521 0.16379 0.29521 0.15302 0.3061 0.15194 0.3061 0.13901 0.31917 0.13901 0.32026 0.12608 0.33333 0.12608 0.33442 0.12392 0.3366 0.12392 0.33769 0.12284 0.33878 0.12284 0.33987 0.12177 0.34096 0.12177 0.34205 0.12069 0.34314 0.12069 0.34423 0.11961 0.34532 0.11961 0.34641 0.11746 0.34858 0.11746 0.34967 0.11638 0.35076 0.11638 0.35185 0.1153 0.35294 0.1153 0.35403 0.11422 0.35512 0.11422 0.3573 0.11315 0.35839 0.11315 0.36057 0.11207 0.36166 0.11207 0.36383 0.11099 0.36492 0.11099 0.3671 0.10991 0.36819 0.10991 0.37037 0.10884 0.37146 0.10884 0.37364 0.10776 0.37473 0.10776 0.37691 0.10668 0.378 0.10668 0.38017 0.1056 0.38126 0.1056 0.38344 0.10453 0.38453 0.10453 0.38671 0.10345 0.3878 0.10345 0.39325 0.10237 0.39434 0.10237 0.40087 0.10129 0.40196 0.10129 0.40741 0.10022 0.4085 0.10022 0.41503 0.09914 0.41612 0.09914 0.41939 0.09806 0.42048 0.09806 0.42266 0.09698 0.42375 0.09698 0.42593 0.09591 0.42702 0.09591 0.4281 0.09483 0.42919 0.09483 0.43137 0.09375 0.43246 0.09375 0.43464 0.09267 0.43573 0.09267 0.43682 0.09159 0.43791 0.09159 0.44009 0.09052 0.44118 0.09052 0.44336 0.08944 0.44444 0.08944 0.46187 0.09052 0.46296 0.09052 0.4695 0.09267 0.47168 0.09267 0.47277 0.09483 0.47495 0.09483 0.47603 0.09806 0.4793 0.09806 0.48039 0.10129 0.48366 0.10129 0.48475 0.10237 0.48584 0.14655 0.48584 0.14763 0.48693 0.16272 0.48693 0.16379 0.48802 0.16595 0.48802 0.16703 0.48911 0.17026 0.48911 0.17134 0.4902 0.17349 0.4902 0.17457 0.49129 0.17672 0.49129 0.1778 0.49237 0.17996 0.49237 0.18103 0.49346 0.18319 0.49346 0.18427 0.49455 0.18642 0.49455 0.1875 0.49564 0.19073 0.49564 0.19181 0.49673 0.19397 0.49673 0.19504 0.49782 0.1972 0.49782 0.19935 0.5 0.20043 0.5 0.20151 0.50109 0.20259 0.50109 0.20366 0.50218 0.20474 0.50218 0.20582 0.50327 0.2069 0.50327 0.20905 0.50545 0.21013 0.50545 0.21121 0.50654 0.21228 0.50654 0.21336 0.50763 0.21444 0.50763 0.21659 0.5098 0.21767 0.5098 0.21875 0.51089 0.21983 0.51089 0.22091 0.51198 0.22198 0.51198 0.22414 0.51416 0.22522 0.51416 0.22629 0.51525 0.22737 0.51525 0.22845 0.51634 0.22953 0.51634 0.2306 0.51743 0.23168 0.51743 0.23276 0.51852 0.23384 0.51852 0.23491 0.51961 0.23707 0.51961 0.23815 0.5207 0.23922 0.5207 0.2403 0.52179 0.24246 0.52179 0.24353 0.52288 0.24569 0.5207 0.24569 0.51961 0.24677 0.51852 0.24677 0.51743 0.24892 0.51525 0.24892 0.51416 0.25108 0.51198 0.25108 0.51089 0.25216 0.5098 0.25216 0.50871 0.25431 0.50654 0.25431 0.50545 0.25647 0.50327 0.25647 0.50218 0.25754 0.50109 0.25862 0.50109 0.2597 0.5 0.26401 0.5 0.26509 0.49891 0.2694 0.49891 0.27047 0.49782 0.27371 0.49782 0.27478 0.49673 0.27802 0.49673 0.27909 0.49564 0.28448 0.49564 0.28556 0.49455 0.28987 0.49455 0.29095 0.49346 0.29526 0.49346 0.29634 0.49237 0.29957 0.49237 0.30065 0.49129 0.30065 0.4902 0.3028 0.48802 0.3028 0.48693 0.30388 0.48584 0.30388 0.48475 0.30603 0.48257 0.30603 0.48148 0.30711 0.48039 0.30711 0.4793 0.30819 0.47821 0.30819 0.47712 0.31034 0.47495 0.31034 0.47386 0.31142 0.47277 0.31142 0.47168 0.3125 0.47059 0.3125 0.4695 0.31358 0.46841 0.31358 0.46405 0.31466 0.46296 0.31466 0.45643 0.31573 0.45534 0.31573 0.44771 0.31466 0.44662 0.31466 0.44553 0.31034 0.44118 0.31034 0.44009 0.30496 0.43464 0.30496 0.43355 0.30388 0.43355 0.3028 0.43246 0.30065 0.43246 0.29957 0.43137 0.29741 0.43137 0.29634 0.43028 0.2931 0.43028 0.29203 0.42919 0.28987 0.42919 0.28772 0.42702 0.28772 0.42375 0.28879 0.42266 0.28879 0.41939 0.28987 0.4183 0.28987 0.41394 0.29095 0.41285 0.29095 0.40959 0.29203 0.4085 0.29203 0.40523 0.2931 0.40414 0.2931 0.40087 0.29418 0.39978 0.29418 0.39651 0.29526 0.39542 0.29526 0.39325 0.29634 0.39216 0.29634 0.38889 0.29741 0.3878 0.29741 0.36383 0.29634 0.36275 0.29634 0.36166 0.29418 0.35948 0.29418 0.35839 0.2931 0.3573 0.2931 0.35621 0.29095 0.35403 0.29203 0.35294 0.28987 0.35076 0.28987 0.34967 0.28664 0.34641 0.28664 0.34532 0.28448 0.34314 0.28448 0.34205 0.28125 0.33878 0.28125 0.33769 0.27802 0.33442 0.27802 0.33333 0.27478 0.33007 0.27478 0.32898 0.27047 0.32462 0.27047 0.32353 0.26724 0.32026 0.26724 0.31917 0.26293 0.31481 0.26293 0.31373 0.25862 0.30937 0.25862 0.30828 0.25539 0.30501 0.25431 0.30501 0.25323 0.30392 0.25216 0.30392 0.25108 0.30283 0.24892 0.30283 0.24784 0.30174 0.24569 0.30174 0.24461 0.30065 0.24353 0.30065 0.24246 0.29956 0.2403 0.29956 0.23922 0.29847 0.23815 0.29847 0.23707 0.29739 0.23491 0.29739 0.23384 0.2963 0.23276 0.2963 0.23168 0.29521 0.22953 0.29521 0.22845 0.29412 0.22737 0.29412 0.22629 0.29303 0.22306 0.29303 0.22198 0.29194 0.21875 0.29194 0.21767 0.29085 0.21444 0.29085 0.21336 0.28976 0.21013 0.28976 0.20905 0.28867 0.20582 0.28867 0.20474 0.28758 0.20151 0.28758 0.20043 0.28649 0.1972 0.28649 0.19612 0.2854
0 0.23491 0.22222 0.23384 0.22331 0.23276 0.22331 0.22845 0.22767 0.22737 0.22767 0.22091 0.2342 0.21983 0.2342 0.21121 0.24292 0.21013 0.24292 0.1972 0.25599 0.19612 0.25599 0.18966 0.26253 0.19073 0.26362 0.19181 0.26362 0.19289 0.26471 0.19397 0.26471 0.19504 0.2658 0.19612 0.2658 0.1972 0.26688 0.19828 0.26688 0.19935 0.26797 0.20043 0.26797 0.20151 0.26906 0.20259 0.26906 0.20366 0.27015 0.20474 0.27015 0.20582 0.27124 0.2069 0.27124 0.20797 0.27233 0.20905 0.27233 0.21013 0.27342 0.21121 0.27342 0.21228 0.27451 0.21336 0.27451 0.21444 0.2756 0.21552 0.2756 0.21659 0.27669 0.21767 0.27669 0.21875 0.27778 0.21983 0.27778 0.22091 0.27887 0.22198 0.27887 0.22306 0.27996 0.22414 0.27996 0.22522 0.28105 0.22737 0.28105 0.22845 0.28214 0.22953 0.28214 0.2306 0.28322 0.23168 0.28322 0.23276 0.28431 0.23384 0.28431 0.23491 0.2854 0.23599 0.2854 0.2403 0.28976 0.24138 0.28976 0.24677 0.29521 0.24784 0.29521 0.25323 0.30065 0.25431 0.30065 0.2597 0.3061 0.26078 0.3061 0.26616 0.31155 0.26724 0.31155 0.28125 0.32571 0.28233 0.32571 0.3028 0.34641 0.3028 0.34858 0.30388 0.34967 0.30388 0.35621 0.30496 0.3573 0.30496 0.36383 0.30603 0.36492 0.30603 0.37037 0.30711 0.37146 0.30711 0.37473 0.30819 0.37582 0.30819 0.378 0.30927 0.37908 0.30927 0.38235 0.31034 0.38344 0.31034 0.38562 0.31142 0.38671 0.31142 0.38889 0.3125 0.38998 0.3125 0.39325 0.31789 0.39325 0.31897 0.39434 0.32543 0.39434 0.32651 0.39542 0.33621 0.39542 0.33728 0.39651 0.3556 0.39651 0.35668 0.3976 0.35776 0.3976 0.35884 0.39869 0.35991 0.39869 0.36099 0.39978 0.36207 0.39978 0.36315 0.40087 0.36422 0.40087 0.3653 0.40196 0.36746 0.40196 0.36853 0.40305 0.36961 0.40305 0.37069 0.40414 0.37177 0.40414 0.37284 0.40523 0.37392 0.40523 0.375 0.40632 0.37608 0.40632 0.37716 0.40741 0.37823 0.40741 0.37931 0.4085 0.38039 0.4085 0.38147 0.40959 0.38362 0.40959 0.3847 0.41068 0.38578 0.41068 0.38685 0.41176 0.38793 0.41176 0.38901 0.41285 0.39009 0.41285 0.39116 0.41394 0.39224 0.41394 0.39332 0.41503 0.3944 0.41503 0.39547 0.41612 0.39763 0.41612 0.39871 0.41721 0.39978 0.41721 0.40086 0.4183 0.40194 0.4183 0.40302 0.41939 0.40409 0.41939 0.40517 0.42048 0.40625 0.42048 0.41487 0.42919 0.41487 0.43028 0.42026 0.43573 0.42134 0.43573 0.42241 0.43682 0.42457 0.43682 0.42565 0.43791 0.42672 0.43791 0.4278 0.439 0.42996 0.439 0.43103 0.44009 0.43319 0.44009 0.43427 0.439 0.43642 0.439 0.4375 0.43791 0.43966 0.43791 0.44073 0.43682 0.44289 0.43682 0.44397 0.43573 0.44612 0.43573 0.4472 0.43464 0.44935 0.43464 0.45043 0.43355 0.44935 0.43246 0.44935 0.43137 0.44828 0.43028 0.44828 0.42919 0.4472 0.4281 0.44181 0.4281 0.44073 0.42702 0.43858 0.42702 0.43534 0.42375 0.43534 0.42266 0.4278 0.41503 0.42672 0.41503 0.42026 0.4085 0.41918 0.4085 0.41703 0.40632 0.41595 0.40632 0.41487 0.40523 0.41272 0.40523 0.41164 0.40414 0.40948 0.40414 0.40841 0.40305 0.40625 0.40305 0.40517 0.40196 0.40302 0.40196 0.40194 0.40087 0.39978 0.40087 0.39871 0.39978 0.39547 0.39978 0.3944 0.39869 0.39116 0.39869 0.39009 0.3976 0.38685 0.3976 0.3847 0.39542 0.3847 0.39434 0.38362 0.39325 0.38362 0.39216 0.38254 0.39107 0.38254 0.38998 0.38147 0.38889 0.38147 0.3878 0.38039 0.38671 0.38039 0.38453 0.37931 0.38344 0.37931 0.38235 0.37823 0.38126 0.37823 0.38017 0.37716 0.37908 0.37716 0.37146 0.37608 0.37037 0.37608 0.36057 0.375 0.35948 0.375 0.35621 0.37392 0.35512 0.37392 0.35294 0.37284 0.35185 0.37284 0.34967 0.37177 0.34858 0.37177 0.34641 0.37069 0.34532 0.37069 0.34423 0.36961 0.34423 0.36853 0.34314 0.3653 0.34314 0.36422 0.34205 0.36207 0.34205 0.36099 0.34096 0.35776 0.34096 0.35668 0.33987 0.35453 0.33987 0.35345 0.33878 0.35129 0.33878 0.35022 0.33769 0.34806 0.33769 0.34698 0.3366 0.34483 0.3366 0.34375 0.33551 0.34052 0.33551 0.33944 0.33442 0.33944 0.33224 0.33836 0.33115 0.33836 0.32571 0.33728 0.32462 0.33728 0.31917 0.33621 0.31808 0.33621 0.29956 0.33513 0.29847 0.33513 0.27451 0.33405 0.27342 0.33405 0.27233 0.33297 0.27124 0.33297 0.27015 0.33082 0.26797 0.33082 0.26688 0.32974 0.2658 0.32974 0.26471 0.32759 0.26253 0.32759 0.26144 0.32651 0.26035 0.32651 0.25926 0.32543 0.25817 0.32543 0.25708 0.32328 0.2549 0.32328 0.25381 0.3222 0.25272 0.3222 0.25163 0.32112 0.25054 0.32112 0.24946 0.31897 0.24728 0.31897 0.24619 0.31789 0.2451 0.31789 0.24401 0.31573 0.24183 0.31573 0.24074 0.31466 0.23965 0.31466 0.23856 0.30927 0.23856 0.30819 0.23747 0.30065 0.23747 0.29957 0.23638 0.2931 0.23638 0.29203 0.23529 0.28556 0.23529 0.28448 0.2342 0.27694 0.2342 0.27586 0.23312 0.27263 0.23312 0.27155 0.23203 0.26832 0.23203 0.26724 0.23094 0.26401 0.23094 0.26293 0.22985 0.26078 0.22985 0.2597 0.22876 0.25647 0.22876 0.25539 0.22767 0.25216 0.22767 0.25108 0.22658 0.24784 0.22658 0.24677 0.22549 0.24461 0.22549 0.24353 0.2244 0.2403 0.2244 0.23922 0.22331 0.23599 0.22331
