0 0.4181 0.57298 0.41703 0.57407 0.41703 0.57625 0.41595 0.57734 0.41595 0.57843 0.41487 0.57952 0.41487 0.5817 0.41272 0.58388 0.41272 0.58606 0.41164 0.58715 0.41164 0.58932 0.41056 0.59041 0.41056 0.5915 0.40948 0.59259 0.40948 0.59477 0.40841 0.59586 0.40841 0.59695 0.40625 0.59913 0.40409 0.59913 0.40302 0.60022 0.40194 0.60022 0.40086 0.60131 0.39978 0.60131 0.39547 0.60566 0.39547 0.60675 0.40409 0.61547 0.40517 0.61547 0.40733 0.61765 0.40841 0.61765 0.40948 0.61874 0.41164 0.61874 0.41272 0.61983 0.41487 0.61983 0.41595 0.62092 0.43319 0.62092 0.43319 0.61874 0.43211 0.61765 0.43211 0.61656 0.43103 0.61547 0.43103 0.61329 0.42996 0.6122 0.42996 0.6024 0.43103 0.60131 0.43103 0.60022 0.43211 0.59913 0.43211 0.59804 0.43319 0.59695 0.43319 0.59368 0.43427 0.59259 0.43427 0.59041 0.43534 0.58932 0.43534 0.58606 0.43642 0.58497 0.43642 0.5817 0.43534 0.5817 0.43427 0.58061 0.42996 0.58061 0.42888 0.57952 0.4278 0.57952 0.42672 0.57843 0.42565 0.57843 0.42457 0.57734 0.42349 0.57734 0.41918 0.57298
0
0 0.53879 0.49237 0.53556 0.49564 0.53556 0.5 0.53664 0.50109 0.53664 0.52505 0.53556 0.52614 0.53556 0.52723 0.53448 0.52832 0.53448 0.5305 0.53341 0.53159 0.53341 0.53268 0.53233 0.53377 0.53233 0.53486 0.53125 0.53595 0.53125 0.53704 0.52802 0.54031 0.52694 0.54031 0.52263 0.54466 0.52155 0.54466 0.51832 0.54793 0.51724 0.54793 0.51724 0.54902 0.51616 0.55011 0.51724 0.5512 0.51724 0.55664 0.51832 0.55664 0.5194 0.55556 0.52155 0.55556 0.52263 0.55447 0.52371 0.55447 0.52478 0.55338 0.52586 0.55338 0.52802 0.5512 0.52909 0.5512 0.53017 0.55011 0.53125 0.55011 0.53341 0.54793 0.53448 0.54793 0.54095 0.54139 0.54095 0.54031 0.54634 0.53486 0.54634 0.53159 0.54741 0.5305 0.54741 0.52614 0.54849 0.52505 0.54849 0.51961 0.54957 0.51852 0.54957 0.51198 0.55065 0.51089 0.55065 0.50545 0.55172 0.50436 0.55172 0.50327 0.54203 0.49346 0.54095 0.49346 0.53987 0.49237
0 0.4472 0.49129 0.44612 0.49237 0.44612 0.49346 0.43858 0.50109 0.43858 0.50218 0.43966 0.50327 0.43966 0.50545 0.44073 0.50654 0.44073 0.50871 0.44289 0.51089 0.44504 0.51089 0.44612 0.51198 0.44935 0.51198 0.45043 0.51089 0.45151 0.51089 0.45259 0.5098 0.45366 0.5098 0.45366 0.49782 0.44935 0.49346 0.44935 0.49237 0.44828 0.49129
0 0.50862 0.45534 0.50754 0.45643 0.50539 0.45643 0.50323 0.45861 0.50323 0.45969 0.50216 0.46078 0.50216 0.46187 0.5 0.46405 0.5 0.46514 0.49892 0.46623 0.49892 0.47603 0.50108 0.47821 0.50216 0.47821 0.50323 0.4793 0.50431 0.4793 0.50539 0.48039 0.50647 0.48039 0.50754 0.48148 0.50862 0.48148 0.5097 0.48257 0.51078 0.48257 0.51185 0.48366 0.51293 0.48366 0.51401 0.48475 0.52155 0.48475 0.52263 0.48584 0.52586 0.48584 0.52694 0.48475 0.52909 0.48475 0.53017 0.48366 0.53233 0.48366 0.53341 0.48257 0.53556 0.48257 0.53664 0.48148 0.53772 0.48148 0.53772 0.47495 0.53879 0.47386 0.53879 0.47277 0.53664 0.47059 0.53556 0.47059 0.53448 0.4695 0.53341 0.4695 0.53233 0.46841 0.53125 0.46841 0.52909 0.46623 0.52802 0.46623 0.52694 0.46514 0.52586 0.46514 0.52155 0.46078 0.52155 0.45969 0.51832 0.45643 0.51832 0.45534
0 0.43103 0.44227 0.43103 0.44336 0.42888 0.44553 0.42888 0.44662 0.42672 0.4488 0.42672 0.44989 0.4278 0.45098 0.4278 0.45316 0.42888 0.45425 0.42888 0.45643 0.42996 0.45643 0.43534 0.46187 0.43966 0.46187 0.44073 0.46078 0.44073 0.45969 0.44181 0.45861 0.44181 0.45643 0.44289 0.45534 0.44289 0.44989 0.44181 0.4488 0.44181 0.44662 0.44073 0.44553 0.44073 0.44444 0.43966 0.44444 0.43858 0.44336 0.43427 0.44336 0.43319 0.44227
0 0.48599 0.42593 0.48491 0.42702 0.48276 0.42702 0.48168 0.4281 0.4806 0.4281 0.47953 0.42919 0.47737 0.42919 0.47737 0.43028 0.47629 0.43137 0.47629 0.43355 0.47522 0.43464 0.47522 0.43791 0.47414 0.439 0.47414 0.44118 0.47629 0.44336 0.47629 0.44444 0.47845 0.44662 0.48168 0.44662 0.48276 0.44771 0.48707 0.44771 0.49246 0.44227 0.49246 0.439 0.49353 0.43791 0.49353 0.43464 0.49461 0.43355 0.49461 0.43246 0.48815 0.42593
0 0.47091 0.39542 0.46983 0.39651 0.45797 0.39651 0.4569 0.3976 0.44612 0.3976 0.44504 0.39869 0.43858 0.39869 0.4375 0.39978 0.43534 0.39978 0.43427 0.40087 0.43211 0.40087 0.43103 0.40196 0.42996 0.40196 0.42888 0.40305 0.42672 0.40305 0.42565 0.40414 0.42457 0.40414 0.42349 0.40523 0.42134 0.40523 0.42026 0.40632 0.41918 0.40632 0.4181 0.40741 0.41595 0.40741 0.41487 0.4085 0.41379 0.4085 0.41272 0.40959 0.41164 0.40959 0.40841 0.41285 0.40733 0.41285 0.40409 0.41612 0.40302 0.41612 0.40086 0.4183 0.39978 0.4183 0.39332 0.42484 0.39224 0.42484 0.38254 0.43464 0.38254 0.43573 0.38147 0.43682 0.38147 0.43791 0.38039 0.439 0.38039 0.44009 0.37931 0.44118 0.37931 0.44227 0.37823 0.44336 0.37823 0.44444 0.37716 0.44553 0.37716 0.44662 0.37608 0.44771 0.37608 0.4488 0.375 0.44989 0.375 0.45098 0.37392 0.45207 0.37392 0.45316 0.37284 0.45425 0.37284 0.45534 0.37177 0.45643 0.37177 0.45752 0.36961 0.45969 0.36961 0.46078 0.36853 0.46187 0.36853 0.46405 0.36746 0.46514 0.36746 0.46841 0.36638 0.4695 0.36638 0.47168 0.3653 0.47277 0.3653 0.48148 0.36422 0.48257 0.36422 0.49455 0.36315 0.49564 0.36315 0.50327 0.36207 0.50436 0.36207 0.50763 0.36315 0.50871 0.36315 0.51743 0.36207 0.51852 0.36207 0.51961 0.36315 0.5207 0.36315 0.52505 0.36422 0.52614 0.36422 0.5305 0.3653 0.53159 0.3653 0.53595 0.36638 0.53704 0.36638 0.54139 0.36746 0.54248 0.36746 0.55338 0.36853 0.55447 0.36853 0.55556 0.36961 0.55664 0.36961 0.55773 0.37069 0.55882 0.37069 0.55991 0.37177 0.561 0.37177 0.56209 0.37284 0.56318 0.37284 0.56427 0.37392 0.56536 0.37392 0.56645 0.37608 0.56863 0.37608 0.56972 0.3847 0.57843 0.3847 0.57952 0.38901 0.58388 0.38901 0.58497 0.39332 0.58932 0.39332 0.59041 0.39655 0.59368 0.39871 0.59368 0.40086 0.5915 0.40086 0.59041 0.40409 0.58715 0.40409 0.57407 0.40302 0.57298 0.40302 0.57081 0.40194 0.56972 0.40194 0.56863 0.40086 0.56754 0.40086 0.56645 0.39978 0.56536 0.39978 0.56318 0.39763 0.561 0.39763 0.55991 0.39655 0.55882 0.39655 0.55773 0.3944 0.55556 0.3944 0.55447 0.39332 0.55338 0.39332 0.55229 0.39224 0.5512 0.39224 0.55011 0.39116 0.54902 0.39116 0.54793 0.38901 0.54575 0.38901 0.54466 0.38793 0.54357 0.38793 0.54248 0.38685 0.54139 0.38685 0.54031 0.38578 0.53922 0.38578 0.53595 0.3847 0.53486 0.3847 0.5305 0.38362 0.52941 0.38362 0.52397 0.38254 0.52288 0.38254 0.52179 0.38362 0.5207 0.3847 0.5207 0.38578 0.52179 0.38793 0.52179 0.38901 0.52288 0.39332 0.52288 0.39547 0.5207 0.39655 0.5207 0.39763 0.51961 0.39871 0.51961 0.39978 0.51852 0.40086 0.51852 0.40302 0.51634 0.40409 0.51634 0.40625 0.51416 0.40733 0.51416 0.40841 0.51307 0.40841 0.51198 0.40625 0.5098 0.40517 0.5098 0.40194 0.50654 0.40086 0.50654 0.39978 0.50545 0.39763 0.50545 0.39655 0.50436 0.39547 0.50436 0.3944 0.50327 0.39332 0.50327 0.39224 0.50218 0.39009 0.50218 0.38901 0.50109 0.38901 0.49673 0.38793 0.49564 0.38793 0.49455 0.38901 0.49346 0.39009 0.49346 0.39116 0.49237 0.39547 0.49237 0.39655 0.49346 0.39871 0.49346 0.39978 0.49455 0.40194 0.49455 0.40302 0.49346 0.40409 0.49346 0.40517 0.49237 0.40625 0.49237 0.40625 0.48693 0.40517 0.48584 0.40517 0.48148 0.40409 0.48039 0.40302 0.48039 0.40194 0.4793 0.40086 0.4793 0.39978 0.47821 0.39763 0.47821 0.39655 0.47712 0.39547 0.47712 0.39332 0.47495 0.39332 0.47386 0.39116 0.47168 0.39116 0.46514 0.39009 0.46405 0.39009 0.45752 0.39224 0.45534 0.39224 0.45425 0.3944 0.45207 0.3944 0.45098 0.39763 0.44771 0.39763 0.44662 0.40086 0.44336 0.40194 0.44336 0.41056 0.43464 0.41164 0.43464 0.41595 0.43028 0.41703 0.43028 0.42241 0.42484 0.42349 0.42484 0.42565 0.42266 0.42672 0.42266 0.4278 0.42157 0.42888 0.42157 0.42996 0.42048 0.43103 0.42048 0.43211 0.41939 0.43534 0.41939 0.43642 0.4183 0.43966 0.4183 0.44073 0.41721 0.44397 0.41721 0.44504 0.41612 0.44828 0.41612 0.44935 0.41503 0.45797 0.41503 0.45905 0.41394 0.47737 0.41394 0.47845 0.41503 0.48491 0.41503 0.48599 0.41612 0.48707 0.41612 0.48815 0.41721 0.48922 0.41721 0.4903 0.4183 0.49138 0.4183 0.49246 0.41939 0.49353 0.41939 0.49569 0.42157 0.49677 0.42157 0.49784 0.42266 0.49892 0.42266 0.5 0.42375 0.50108 0.42375 0.50216 0.42484 0.50323 0.42484 0.50431 0.42593 0.50539 0.42593 0.50754 0.4281 0.50862 0.4281 0.51078 0.43028 0.51185 0.43028 0.51401 0.43246 0.51509 0.43246 0.51616 0.43355 0.51724 0.43355 0.5194 0.43573 0.52047 0.43573 0.52478 0.44009 0.52586 0.44009 0.53233 0.44662 0.53341 0.44662 0.53772 0.45098 0.53772 0.45207 0.53987 0.45425 0.53987 0.45534 0.54095 0.45643 0.54095 0.45752 0.54203 0.45861 0.54203 0.45969 0.54418 0.46187 0.54418 0.46296 0.54526 0.46405 0.54526 0.46514 0.54634 0.46623 0.54634 0.46732 0.54741 0.46841 0.54741 0.47059 0.54849 0.47168 0.54849 0.47386 0.54957 0.47495 0.54957 0.47603 0.55065 0.47712 0.55065 0.48039 0.55172 0.48148 0.55172 0.48693 0.5528 0.48802 0.5528 0.49346 0.55388 0.49455 0.55388 0.49891 0.55496 0.5 0.55496 0.50327 0.55603 0.50436 0.55603 0.50871 0.55711 0.5098 0.55711 0.51525 0.55819 0.51634 0.55819 0.52288 0.55711 0.52397 0.55711 0.52614 0.55603 0.52723 0.55603 0.52941 0.55496 0.5305 0.55496 0.53268 0.55388 0.53377 0.55388 0.53704 0.5528 0.53813 0.5528 0.54031 0.55172 0.54139 0.55172 0.54357 0.55065 0.54466 0.55065 0.54684 0.54957 0.54793 0.54957 0.55011 0.54849 0.5512 0.54849 0.55338 0.5431 0.55882 0.5431 0.55991 0.53772 0.56536 0.53772 0.56645 0.53664 0.56754 0.53556 0.56754 0.53125 0.5719 0.53017 0.5719 0.52371 0.57843 0.52263 0.57843 0.51724 0.58388 0.51616 0.58388 0.51509 0.58497 0.51293 0.58497 0.51185 0.58606 0.51078 0.58606 0.5097 0.58715 0.50754 0.58715 0.50647 0.58824 0.50431 0.58824 0.50323 0.58932 0.50216 0.58932 0.50108 0.59041 0.49892 0.59041 0.49784 0.5915 0.49569 0.5915 0.49461 0.59259 0.47522 0.59259 0.47414 0.59368 0.46767 0.59368 0.46659 0.59477 0.46121 0.59477 0.46013 0.59586 0.45366 0.59586 0.45366 0.59695 0.45259 0.59804 0.45259 0.60131 0.45151 0.6024 0.45151 0.60458 0.45043 0.60566 0.45043 0.60784 0.44935 0.60893 0.44935 0.61002 0.44828 0.61111 0.44828 0.6122 0.4472 0.61329 0.4472 0.61438 0.44612 0.61547 0.44612 0.61656 0.45043 0.61656 0.45151 0.61547 0.47306 0.61547 0.47414 0.61438 0.48168 0.61438 0.48276 0.61329 0.48707 0.61329 0.48815 0.6122 0.4903 0.6122 0.49138 0.61111 0.49353 0.61111 0.49461 0.61002 0.49677 0.61002 0.49784 0.60893 0.5 0.60893 0.50108 0.60784 0.50323 0.60784 0.50431 0.60675 0.50647 0.60675 0.50754 0.60566 0.50862 0.60566 0.51078 0.60349 0.51293 0.60349 0.51401 0.6024 0.51509 0.6024 0.51616 0.60131 0.51724 0.60131 0.51832 0.60022 0.5194 0.60022 0.52047 0.59913 0.52155 0.59913 0.52263 0.59804 0.52371 0.59804 0.52586 0.59586 0.52694 0.59586 0.52802 0.59477 0.52909 0.59477 0.53017 0.59368 0.53125 0.59368 0.53233 0.59259 0.53233 0.5915 0.53448 0.58932 0.53448 0.58824 0.53556 0.58715 0.53556 0.58606 0.53772 0.58388 0.53772 0.58279 0.53987 0.58061 0.53987 0.57952 0.54095 0.57843 0.54095 0.57734 0.5431 0.57516 0.5431 0.57407 0.54849 0.56863 0.54957 0.56972 0.54957 0.57081 0.55172 0.57298 0.55172 0.57407 0.55603 0.57843 0.55603 0.57952 0.55927 0.58279 0.56034 0.58279 0.56142 0.58388 0.56789 0.58388 0.56897 0.58497 0.57435 0.58497 0.57543 0.58606 0.58082 0.58606 0.5819 0.58715 0.58836 0.58715 0.58944 0.58824 0.59591 0.58824 0.59698 0.58932 0.61422 0.58932 0.6153 0.59041 0.63362 0.59041 0.6347 0.5915 0.64332 0.5915 0.6444 0.59041 0.67026 0.59041 0.67134 0.58932 0.6778 0.58932 0.67888 0.59041 0.68211 0.59041 0.68319 0.5915 0.68534 0.5915 0.68642 0.59259 0.68966 0.59259 0.69073 0.59368 0.69397 0.59368 0.69504 0.59477 0.6972 0.59477 0.69828 0.59586 0.70151 0.59586 0.70259 0.59695 0.70582 0.59695 0.7069 0.59804 0.71013 0.59804 0.71121 0.59913 0.71336 0.59913 0.71444 0.60022 0.71444 0.60131 0.71659 0.60349 0.71659 0.60458 0.71875 0.60675 0.71875 0.60784 0.72091 0.61002 0.72091 0.61111 0.72306 0.61329 0.72306 0.61438 0.72414 0.61547 0.72414 0.61656 0.72629 0.61874 0.72629 0.61983 0.72845 0.622 0.72845 0.62309 0.7306 0.62527 0.7306 0.62636 0.76832 0.66449 0.7694 0.66449 0.77802 0.6732 0.77909 0.6732 0.78664 0.68083 0.78772 0.68083 0.78879 0.68192 0.82651 0.68192 0.82759 0.68083 0.84052 0.68083 0.84159 0.67974 0.85453 0.67974 0.8556 0.67865 0.88901 0.67865 0.89116 0.67647 0.89116 0.67429 0.89224 0.6732 0.89224 0.67211 0.89332 0.67102 0.89332 0.66993 0.8944 0.66885 0.8944 0.66776 0.89547 0.66667 0.89547 0.66558 0.89655 0.66449 0.89655 0.6634 0.89763 0.66231 0.89763 0.66122 0.89871 0.66013 0.89871 0.65904 0.89978 0.65795 0.89978 0.65577 0.90086 0.65468 0.90086 0.65359 0.90194 0.65251 0.90194 0.65142 0.90302 0.65033 0.90302 0.64924 0.90409 0.64815 0.90409 0.64706 0.90517 0.64597 0.90517 0.64488 0.90625 0.64379 0.90625 0.6427 0.90733 0.64161 0.90733 0.63943 0.90841 0.63834 0.90841 0.63072 0.90948 0.62963 0.90948 0.622 0.91056 0.62092 0.91056 0.61329 0.91164 0.6122 0.91164 0.60458 0.91272 0.60349 0.91272 0.59477 0.91379 0.59368 0.91379 0.58606 0.91487 0.58497 0.91487 0.56754 0.91379 0.56645 0.91379 0.55447 0.91272 0.55338 0.91272 0.54031 0.91164 0.53922 0.91164 0.52614 0.91056 0.52505 0.91056 0.51416 0.90948 0.51307 0.90948 0.50545 0.90841 0.50436 0.90841 0.49782 0.90733 0.49673 0.90733 0.48802 0.90625 0.48693 0.90625 0.4793 0.90517 0.47821 0.90517 0.47712 0.89332 0.47712 0.89224 0.47821 0.8847 0.47821 0.87284 0.4902 0.87284 0.49129 0.87069 0.49346 0.87069 0.49455 0.86746 0.49782 0.86746 0.49891 0.8653 0.50109 0.8653 0.50218 0.86315 0.50436 0.86315 0.50545 0.86099 0.50763 0.86099 0.50871 0.85668 0.51307 0.85453 0.51307 0.85345 0.51416 0.83728 0.51416 0.83621 0.51525 0.82974 0.51525 0.82866 0.51634 0.82435 0.51634 0.82328 0.51743 0.81897 0.51743 0.81789 0.51852 0.81358 0.51852 0.8125 0.51961 0.80927 0.51961 0.80819 0.5207 0.80388 0.5207 0.8028 0.52179 0.79849 0.52179 0.79741 0.52288 0.79418 0.52288 0.7931 0.52397 0.78879 0.52397 0.78772 0.52288 0.78125 0.52288 0.78017 0.52179 0.77478 0.52179 0.77371 0.5207 0.76832 0.5207 0.76724 0.51961 0.76185 0.51961 0.76078 0.51852 0.75539 0.51852 0.75431 0.51743 0.74892 0.51743 0.74784 0.51634 0.74246 0.51634 0.74138 0.51525 0.73599 0.51525 0.73491 0.51416 0.72953 0.51416 0.72845 0.51307 0.72737 0.51307 0.72629 0.51198 0.72522 0.51198 0.72414 0.51089 0.72306 0.51089 0.72198 0.5098 0.71983 0.5098 0.71767 0.50763 0.71659 0.50763 0.71552 0.50654 0.71444 0.50654 0.71336 0.50545 0.71228 0.50545 0.71121 0.50436 0.71013 0.50436 0.70905 0.50327 0.7069 0.50327 0.70582 0.50218 0.70474 0.50218 0.70366 0.50109 0.70259 0.50109 0.70151 0.5 0.70043 0.5 0.69935 0.49891 0.69828 0.49891 0.6972 0.49782 0.69612 0.49782 0.69504 0.49673 0.69397 0.49782 0.69289 0.49782 0.69181 0.49891 0.69073 0.49891 0.68966 0.5 0.68858 0.5 0.68642 0.50218 0.68534 0.50218 0.68427 0.50327 0.68319 0.50327 0.68211 0.50436 0.68103 0.50436 0.67996 0.50545 0.67888 0.50545 0.67672 0.50763 0.67565 0.50763 0.66379 0.51961 0.66379 0.5207 0.65625 0.52832 0.64978 0.52832 0.64871 0.52941 0.64009 0.52941 0.63901 0.5305 0.63039 0.5305 0.62931 0.53159 0.62177 0.53159 0.62069 0.53268 0.61422 0.53268 0.61315 0.53377 0.6056 0.53377 0.60453 0.53486 0.57004 0.53486 0.56897 0.53595 0.56897 0.53704 0.5625 0.54357 0.56142 0.54248 0.56142 0.54139 0.5625 0.54031 0.5625 0.53813 0.56358 0.53704 0.56358 0.53595 0.56466 0.53486 0.56466 0.53268 0.56573 0.53159 0.56573 0.5305 0.56681 0.52941 0.56681 0.52723 0.56897 0.52505 0.57004 0.52505 0.57004 0.52397 0.57112 0.52288 0.57112 0.52179 0.5722 0.5207 0.5722 0.51852 0.57328 0.51743 0.57328 0.51525 0.57435 0.51416 0.57435 0.51198 0.57543 0.51089 0.57543 0.50654 0.57651 0.50545 0.57651 0.49782 0.57759 0.49673 0.57759 0.46514 0.57543 0.46296 0.57543 0.46187 0.57435 0.46078 0.57435 0.45969 0.5722 0.45752 0.5722 0.45643 0.57112 0.45534 0.57112 0.45425 0.57004 0.45316 0.56681 0.45316 0.56573 0.45207 0.56466 0.45207 0.55927 0.44662 0.55819 0.44662 0.55065 0.439 0.55065 0.43791 0.54849 0.43573 0.54849 0.43464 0.54526 0.43137 0.54526 0.43028 0.53233 0.41721 0.53125 0.41721 0.52802 0.41394 0.52694 0.41394 0.52586 0.41285 0.52478 0.41285 0.52371 0.41176 0.52263 0.41176 0.52155 0.41068 0.52047 0.41068 0.5194 0.40959 0.51832 0.40959 0.51724 0.4085 0.51616 0.4085 0.51509 0.40741 0.51401 0.40741 0.51293 0.40632 0.51185 0.40632 0.51078 0.40523 0.5097 0.40523 0.50862 0.40414 0.50754 0.40414 0.50539 0.40196 0.50431 0.40196 0.50323 0.40087 0.50216 0.40087 0.50108 0.39978 0.49892 0.39978 0.49784 0.39869 0.49677 0.39869 0.49569 0.3976 0.49461 0.3976 0.49353 0.39651 0.48815 0.39651 0.48707 0.39542
0 0.75323 0.27778 0.75216 0.27887 0.75108 0.27887 0.75 0.27996 0.74892 0.27996 0.74784 0.28105 0.74677 0.28105 0.74569 0.28214 0.74461 0.28214 0.74353 0.28322 0.74246 0.28322 0.74138 0.28431 0.7403 0.28431 0.73922 0.2854 0.73707 0.2854 0.73599 0.28649 0.73491 0.28649 0.73384 0.28758 0.73276 0.28758 0.73168 0.28867 0.7306 0.28867 0.72953 0.28976 0.72845 0.28976 0.72737 0.29085 0.72629 0.29085 0.72522 0.29194 0.72414 0.29194 0.72306 0.29303 0.72198 0.29303 0.72091 0.29412 0.72091 0.29521 0.71983 0.2963 0.71983 0.29739 0.71875 0.29847 0.71875 0.29956 0.71659 0.30174 0.71659 0.30283 0.71552 0.30392 0.71552 0.30501 0.71444 0.3061 0.71444 0.30719 0.71336 0.30828 0.71336 0.30937 0.71121 0.31155 0.71121 0.31264 0.71013 0.31373 0.71013 0.31481 0.70905 0.3159 0.70905 0.31917 0.70797 0.32026 0.70797 0.3268 0.7069 0.32789 0.7069 0.33333 0.70582 0.33442 0.70582 0.33987 0.70474 0.34096 0.70474 0.34749 0.70366 0.34858 0.70366 0.35403 0.70259 0.35512 0.70259 0.35948 0.70151 0.36057 0.70151 0.36492 0.70043 0.36601 0.70043 0.36928 0.69935 0.37037 0.69935 0.38126 0.69828 0.38235 0.69828 0.39216 0.69935 0.39325 0.69935 0.3976 0.70043 0.39869 0.70043 0.40196 0.70151 0.40305 0.70151 0.40632 0.70259 0.40741 0.70259 0.41068 0.70366 0.41176 0.70366 0.41612 0.70043 0.41939 0.70043 0.42048 0.6972 0.42375 0.6972 0.42484 0.69397 0.4281 0.69397 0.43137 0.69289 0.43246 0.69289 0.43682 0.69181 0.43791 0.69181 0.44118 0.69073 0.44227 0.69073 0.44553 0.68966 0.44662 0.68966 0.45098 0.69073 0.45207 0.69073 0.45316 0.69181 0.45425 0.69181 0.45534 0.69289 0.45643 0.69289 0.45861 0.69397 0.45969 0.69397 0.46187 0.69504 0.46296 0.69504 0.46405 0.69612 0.46514 0.69612 0.46623 0.6972 0.46732 0.6972 0.46841 0.69828 0.4695 0.69935 0.4695 0.70043 0.47059 0.70259 0.47059 0.70366 0.47168 0.70474 0.47168 0.70582 0.47277 0.70797 0.47277 0.70905 0.47386 0.71013 0.47386 0.71121 0.47495 0.71336 0.47495 0.71444 0.47603 0.71552 0.47603 0.71659 0.47712 0.71875 0.47712 0.72414 0.48257 0.72414 0.48366 0.72845 0.48802 0.72845 0.48911 0.73384 0.49455 0.73384 0.49564 0.73815 0.5 0.73815 0.50109 0.74246 0.50545 0.74461 0.50545 0.74569 0.50654 0.74892 0.50654 0.75 0.50763 0.75323 0.50763 0.75431 0.50871 0.75862 0.50871 0.7597 0.5098 0.76293 0.5098 0.76401 0.51089 0.76724 0.51089 0.76832 0.51198 0.7694 0.51198 0.77047 0.51089 0.77371 0.51089 0.77478 0.5098 0.77802 0.5098 0.77909 0.50871 0.78125 0.50871 0.78233 0.50763 0.78556 0.50763 0.78664 0.50654 0.78987 0.50654 0.79095 0.50545 0.7931 0.50545 0.79418 0.50436 0.79741 0.50436 0.79849 0.50327 0.80172 0.50327 0.8028 0.50218 0.80496 0.50218 0.80603 0.50109 0.80819 0.50109 0.80927 0.5 0.81142 0.5 0.8125 0.49891 0.81466 0.49891 0.81573 0.49782 0.81681 0.49782 0.81789 0.49673 0.82004 0.49673 0.82112 0.49564 0.82328 0.49564 0.82435 0.49455 0.82651 0.49455 0.82759 0.49346 0.82866 0.49346 0.82974 0.49237 0.8319 0.49237 0.83297 0.49129 0.83513 0.49129 0.83621 0.4902 0.83836 0.4902 0.83944 0.48911 0.84159 0.48911 0.84267 0.48802 0.84375 0.48802 0.84483 0.48693 0.84698 0.48693 0.84806 0.48584 0.85022 0.48584 0.85129 0.48475 0.85237 0.48475 0.85345 0.48366 0.8556 0.48366 0.85668 0.48257 0.85776 0.48257 0.85884 0.48148 0.86099 0.48148 0.86207 0.48039 0.86315 0.48039 0.86422 0.4793 0.8653 0.4793 0.86638 0.47821 0.86746 0.47821 0.86853 0.47712 0.87069 0.47712 0.87177 0.47603 0.87392 0.47603 0.875 0.47495 0.87608 0.47495 0.87716 0.47386 0.87823 0.47386 0.87931 0.47277 0.88147 0.47277 0.88254 0.47168 0.88362 0.47168 0.8847 0.47059 0.88685 0.47059 0.88793 0.4695 0.88901 0.4695 0.90194 0.45643 0.90194 0.45316 0.90302 0.45207 0.90302 0.44989 0.90409 0.4488 0.90409 0.44553 0.90517 0.44444 0.90517 0.44227 0.90625 0.44118 0.90625 0.43791 0.90733 0.43682 0.90733 0.43355 0.90841 0.43246 0.90841 0.43028 0.90948 0.42919 0.90948 0.42484 0.90841 0.42375 0.90841 0.42048 0.90733 0.41939 0.90733 0.41721 0.90625 0.41612 0.90625 0.41285 0.90517 0.41176 0.90517 0.4085 0.90409 0.40741 0.90409 0.40414 0.90302 0.40305 0.90302 0.39978 0.90194 0.39869 0.90194 0.39651 0.90086 0.39542 0.90086 0.39216 0.89978 0.39107 0.89978 0.3878 0.89871 0.38671 0.89871 0.38344 0.89763 0.38235 0.89763 0.38017 0.89655 0.37908 0.89655 0.37691 0.89547 0.37582 0.89547 0.37364 0.8944 0.37255 0.8944 0.37037 0.89332 0.36928 0.89332 0.3671 0.89224 0.36601 0.89224 0.36383 0.89116 0.36275 0.89116 0.36057 0.89009 0.35948 0.89009 0.3573 0.88901 0.35621 0.88901 0.35403 0.88793 0.35294 0.88793 0.35076 0.88685 0.34967 0.88685 0.34749 0.88578 0.34641 0.88578 0.34423 0.8847 0.34314 0.8847 0.34096 0.88362 0.33987 0.88362 0.33878 0.88147 0.3366 0.88147 0.33551 0.88039 0.33442 0.88039 0.33333 0.87823 0.33115 0.87823 0.33007 0.87608 0.32789 0.87608 0.3268 0.87392 0.32462 0.87392 0.32353 0.87177 0.32135 0.87177 0.32026 0.86853 0.31699 0.86853 0.3159 0.86746 0.31481 0.86746 0.31373 0.8653 0.31155 0.8653 0.31046 0.86315 0.30828 0.86207 0.30828 0.85991 0.3061 0.85884 0.3061 0.8556 0.30283 0.85453 0.30283 0.85129 0.29956 0.85022 0.29956 0.84806 0.29739 0.84698 0.29739 0.84375 0.29412 0.84267 0.29412 0.84052 0.29194 0.83944 0.29194 0.83728 0.28976 0.83621 0.28976 0.83513 0.28867 0.83297 0.28867 0.8319 0.28758 0.8222 0.28758 0.82112 0.28649 0.81142 0.28649 0.81034 0.2854 0.80065 0.2854 0.79957 0.28431 0.79203 0.28431 0.79095 0.28322 0.78556 0.28322 0.78448 0.28214 0.77909 0.28214 0.77802 0.28105 0.77263 0.28105 0.77155 0.27996 0.76509 0.27996 0.76401 0.27887 0.75862 0.27887 0.75754 0.27778
0 0.75108 0.20697 0.75 0.20806 0.74677 0.20806 0.74569 0.20915 0.74246 0.20915 0.74138 0.21024 0.73922 0.21024 0.73815 0.21133 0.73491 0.21133 0.73384 0.21242 0.73168 0.21242 0.7306 0.21351 0.72737 0.21351 0.72629 0.2146 0.72414 0.2146 0.72306 0.21569 0.71983 0.21569 0.71875 0.21678 0.71552 0.21678 0.71444 0.21786 0.71228 0.21786 0.71121 0.21895 0.70797 0.21895 0.7069 0.22004 0.70474 0.22004 0.70366 0.22113 0.70259 0.22113 0.70043 0.22331 0.69935 0.22331 0.69828 0.2244 0.6972 0.2244 0.69504 0.22658 0.69397 0.22658 0.69181 0.22876 0.69073 0.22876 0.68858 0.23094 0.6875 0.23094 0.68534 0.23312 0.68427 0.23312 0.68211 0.23529 0.68103 0.23529 0.67888 0.23747 0.6778 0.23747 0.67565 0.23965 0.67457 0.23965 0.67241 0.24183 0.67134 0.24183 0.66918 0.24401 0.6681 0.24401 0.66595 0.24619 0.66487 0.24619 0.66272 0.24837 0.66272 0.25054 0.66164 0.25163 0.66164 0.2549 0.66056 0.25599 0.66056 0.25926 0.65948 0.26035 0.65948 0.26362 0.65841 0.26471 0.65841 0.26797 0.65733 0.26906 0.65733 0.27233 0.65625 0.27342 0.65625 0.27669 0.65517 0.27778 0.65517 0.28105 0.65409 0.28214 0.65409 0.28431 0.65302 0.2854 0.65302 0.29194 0.65194 0.29303 0.65194 0.31373 0.65086 0.31481 0.65086 0.33442 0.64871 0.3366 0.64871 0.33769 0.64547 0.34096 0.64547 0.34205 0.64332 0.34423 0.64332 0.34532 0.64009 0.34858 0.64009 0.34967 0.63793 0.35185 0.63793 0.35294 0.6347 0.35621 0.6347 0.3573 0.63254 0.35948 0.63254 0.36057 0.63039 0.36275 0.63039 0.36383 0.62716 0.3671 0.62716 0.36819 0.625 0.37037 0.625 0.37146 0.62177 0.37473 0.62177 0.37582 0.61961 0.378 0.61961 0.37908 0.61638 0.38235 0.61638 0.38344 0.61422 0.38562 0.61422 0.38671 0.61099 0.38998 0.61099 0.39107 0.60884 0.39325 0.60884 0.39434 0.6056 0.3976 0.60453 0.3976 0.60237 0.39978 0.60129 0.39978 0.59806 0.40305 0.59698 0.40305 0.59483 0.40523 0.59375 0.40523 0.59159 0.40741 0.59052 0.40741 0.58836 0.40959 0.58728 0.40959 0.57328 0.42375 0.57328 0.42484 0.57112 0.42702 0.57004 0.42702 0.56897 0.4281 0.56789 0.4281 0.56681 0.42919 0.56573 0.42919 0.56466 0.43028 0.56358 0.43028 0.5625 0.43137 0.56142 0.43137 0.56034 0.43246 0.55927 0.43246 0.55819 0.43355 0.55711 0.43355 0.55603 0.43464 0.55496 0.43464 0.5528 0.43682 0.56466 0.43682 0.56573 0.43573 0.57974 0.43573 0.58082 0.43464 0.5819 0.43464 0.58297 0.43355 0.58513 0.43355 0.58621 0.43246 0.58728 0.43246 0.58836 0.43137 0.58944 0.43137 0.59052 0.43028 0.59159 0.43028 0.59267 0.42919 0.59375 0.42919 0.59483 0.4281 0.59591 0.4281 0.59698 0.42702 0.59806 0.42702 0.59914 0.42593 0.60022 0.42593 0.60129 0.42484 0.60345 0.42484 0.60453 0.42375 0.6056 0.42375 0.60668 0.42266 0.60776 0.42266 0.60884 0.42157 0.60991 0.42157 0.61099 0.42048 0.61207 0.42048 0.61315 0.41939 0.61422 0.41939 0.6153 0.4183 0.61638 0.4183 0.61746 0.41939 0.6153 0.42157 0.61422 0.42157 0.61315 0.42266 0.61207 0.42266 0.61099 0.42375 0.60991 0.42375 0.60776 0.42593 0.60668 0.42593 0.6056 0.42702 0.60453 0.42702 0.60345 0.4281 0.60345 0.42919 0.60237 0.43028 0.60237 0.43246 0.60129 0.43355 0.60129 0.43573 0.60022 0.43682 0.60022 0.43791 0.59914 0.439 0.59914 0.44118 0.59806 0.44227 0.59806 0.44336 0.59698 0.44444 0.59698 0.44662 0.59591 0.44771 0.59591 0.4488 0.59483 0.44989 0.59483 0.45861 0.59375 0.45969 0.59375 0.47059 0.59267 0.47168 0.59267 0.48366 0.59375 0.48475 0.59375 0.48693 0.59483 0.48802 0.59483 0.48911 0.59591 0.4902 0.59591 0.49237 0.59698 0.49346 0.59698 0.49455 0.59806 0.49564 0.59806 0.49782 0.59914 0.49891 0.59914 0.50109 0.6056 0.50763 0.6056 0.50871 0.61099 0.51416 0.61099 0.51525 0.61315 0.51743 0.62392 0.51743 0.625 0.51852 0.63578 0.51852 0.63685 0.51743 0.63901 0.51743 0.64009 0.51634 0.64332 0.51634 0.6444 0.51525 0.64655 0.51525 0.64763 0.51416 0.64978 0.51416 0.65086 0.51307 0.65302 0.51307 0.65409 0.51198 0.65517 0.51198 0.65841 0.50871 0.65948 0.50871 0.66379 0.50436 0.66487 0.50436 0.66918 0.5 0.67026 0.5 0.67026 0.49673 0.67134 0.49564 0.67134 0.49346 0.67241 0.49237 0.67241 0.4902 0.67349 0.48911 0.67349 0.48693 0.67457 0.48584 0.67457 0.48475 0.67565 0.48366 0.67565 0.48148 0.67672 0.48039 0.67672 0.47821 0.6778 0.47712 0.6778 0.47495 0.67888 0.47386 0.67888 0.47168 0.6778 0.47059 0.6778 0.46841 0.67672 0.46732 0.67672 0.46514 0.67565 0.46405 0.67565 0.46187 0.67457 0.46078 0.67457 0.45861 0.67349 0.45752 0.67349 0.45425 0.67241 0.45316 0.67241 0.45098 0.67134 0.44989 0.67134 0.4488 0.67026 0.44771 0.67026 0.44553 0.66918 0.44444 0.66918 0.44336 0.6681 0.44227 0.6681 0.44009 0.66703 0.439 0.66703 0.43682 0.66595 0.43573 0.66595 0.43464 0.66487 0.43355 0.66487 0.43137 0.66379 0.43028 0.66379 0.42919 0.66272 0.4281 0.66272 0.42593 0.66164 0.42484 0.66164 0.42375 0.65517 0.41721 0.65517 0.41612 0.64871 0.40959 0.64547 0.40959 0.6444 0.41068 0.64009 0.41068 0.63901 0.41176 0.6347 0.41176 0.63362 0.41068 0.6347 0.40959 0.63578 0.40959 0.63685 0.4085 0.63901 0.4085 0.64009 0.40741 0.64116 0.40741 0.64224 0.40632 0.64332 0.40632 0.6444 0.40523 0.64655 0.40523 0.64763 0.40414 0.64871 0.40414 0.64978 0.40305 0.65086 0.40305 0.65194 0.40196 0.65409 0.40196 0.65517 0.40087 0.65625 0.40087 0.65733 0.39978 0.65841 0.39978 0.65948 0.39869 0.66164 0.39869 0.66272 0.3976 0.66379 0.3976 0.66487 0.39651 0.66595 0.39651 0.66703 0.39542 0.66918 0.39542 0.67026 0.39434 0.67134 0.39434 0.67241 0.39325 0.67349 0.39325 0.67457 0.39216 0.67565 0.39216 0.67672 0.39107 0.67672 0.38889 0.6778 0.3878 0.6778 0.38453 0.67888 0.38344 0.67888 0.38126 0.67996 0.38017 0.67996 0.37691 0.68103 0.37582 0.68103 0.37364 0.68211 0.37255 0.68211 0.37037 0.68319 0.36928 0.68319 0.36601 0.68427 0.36492 0.68427 0.36275 0.68534 0.36166 0.68534 0.35839 0.68642 0.3573 0.68642 0.35512 0.6875 0.35403 0.6875 0.30501 0.71228 0.27996 0.71336 0.27996 0.71552 0.27778 0.71659 0.27778 0.71875 0.2756 0.71983 0.2756 0.72091 0.27451 0.72198 0.27451 0.72414 0.27233 0.72522 0.27233 0.72737 0.27015 0.72845 0.27015 0.7306 0.26797 0.73168 0.26797 0.73276 0.26688 0.73384 0.26688 0.73599 0.26471 0.73707 0.26471 0.73922 0.26253 0.7403 0.26253 0.74246 0.26035 0.74353 0.26035 0.74569 0.25817 0.74677 0.25817 0.74784 0.25708 0.74892 0.25708 0.75108 0.2549 0.75216 0.2549 0.75539 0.25163 0.75647 0.25163 0.76293 0.2451 0.76401 0.2451 0.7694 0.23965 0.77047 0.23965 0.77586 0.2342 0.77694 0.2342 0.78341 0.22767 0.78017 0.2244 0.77909 0.2244 0.77694 0.22222 0.77586 0.22222 0.77263 0.21895 0.77155 0.21895 0.7694 0.21678 0.76832 0.21678 0.76509 0.21351 0.76401 0.21351 0.76078 0.21024 0.7597 0.21024 0.75754 0.20806 0.75647 0.20806 0.75539 0.20697
