0 0.43642 0.60458 0.43427 0.60675 0.43427 0.60784 0.43319 0.60893 0.43319 0.61002 0.43211 0.61111 0.43211 0.6122 0.43103 0.61329 0.42026 0.61329 0.41918 0.6122 0.41272 0.6122 0.41164 0.61329 0.40517 0.61329 0.40409 0.61438 0.39655 0.61438 0.39224 0.61874 0.39224 0.61983 0.38685 0.62527 0.38685 0.62636 0.38362 0.62963 0.38362 0.63072 0.38147 0.6329 0.38147 0.63399 0.38039 0.63508 0.38039 0.63617 0.37931 0.63725 0.37931 0.63834 0.37823 0.63943 0.37823 0.64052 0.37716 0.64161 0.37716 0.6427 0.375 0.64488 0.375 0.64597 0.37392 0.64706 0.37392 0.64815 0.37177 0.65033 0.36746 0.65033 0.36638 0.65142 0.36207 0.65142 0.36099 0.65251 0.35776 0.65251 0.35668 0.65359 0.35237 0.65359 0.35129 0.65468 0.34698 0.65468 0.34591 0.65577 0.34483 0.65577 0.34375 0.65686 0.34267 0.65686 0.34052 0.65904 0.33836 0.65904 0.33728 0.66013 0.33621 0.66013 0.33513 0.66122 0.33405 0.66122 0.33297 0.66231 0.3319 0.66231 0.33082 0.6634 0.32974 0.6634 0.32866 0.66449 0.32759 0.66449 0.32651 0.66558 0.32543 0.66558 0.32435 0.66667 0.32328 0.66667 0.3222 0.66776 0.32112 0.66776 0.32004 0.66885 0.31897 0.66885 0.31789 0.66993 0.31681 0.66993 0.31573 0.67102 0.31466 0.67102 0.31358 0.67211 0.3125 0.67211 0.31034 0.67429 0.30927 0.67429 0.30819 0.67538 0.30711 0.67538 0.30388 0.67865 0.3028 0.67865 0.30065 0.68083 0.29957 0.68083 0.29741 0.68301 0.29634 0.68301 0.29418 0.68519 0.2931 0.68519 0.29095 0.68736 0.28987 0.68736 0.28772 0.68954 0.28556 0.68954 0.28448 0.69063 0.28125 0.69063 0.28017 0.69172 0.27694 0.69172 0.27586 0.69281 0.27371 0.69281 0.27263 0.6939 0.2694 0.6939 0.26832 0.69499 0.26616 0.69499 0.26509 0.69608 0.26185 0.69608 0.26078 0.69717 0.25862 0.69717 0.25754 0.69826 0.25431 0.69826 0.25323 0.69935 0.25216 0.69935 0.25108 0.70044 0.24892 0.70044 0.24784 0.70153 0.24569 0.70153 0.24461 0.70261 0.24353 0.70261 0.24246 0.7037 0.2403 0.7037 0.23922 0.70479 0.23707 0.70479 0.23599 0.70588 0.23491 0.70588 0.23384 0.70697 0.23168 0.70697 0.2306 0.70806 0.22953 0.70806 0.22845 0.70915 0.22629 0.70915 0.22522 0.71024 0.22414 0.71024 0.22306 0.71133 0.22091 0.71133 0.21983 0.71242 0.21875 0.71242 0.21767 0.71351 0.21013 0.71351 0.20905 0.7146 0.20259 0.7146 0.20151 0.71569 0.19504 0.71569 0.19397 0.71678 0.18642 0.71678 0.18534 0.71786 0.17996 0.71786 0.17996 0.71895 0.17672 0.72222 0.17672 0.72331 0.17349 0.72658 0.17349 0.72767 0.17026 0.73094 0.17026 0.73203 0.16703 0.73529 0.16703 0.73638 0.16379 0.73965 0.16379 0.74074 0.16595 0.74074 0.16703 0.74183 0.16918 0.74183 0.17026 0.74292 0.17134 0.74292 0.17241 0.74401 0.17457 0.74401 0.17565 0.7451 0.1778 0.7451 0.17888 0.74619 0.17996 0.74619 0.18103 0.74728 0.18319 0.74728 0.18427 0.74837 0.18534 0.74837 0.18642 0.74946 0.18858 0.74946 0.18966 0.75054 0.19181 0.75054 0.19289 0.75163 0.19397 0.75163 0.19504 0.75272 0.1972 0.75272 0.19828 0.75381 0.20043 0.75381 0.20151 0.7549 0.20259 0.7549 0.20366 0.75599 0.20582 0.75599 0.2069 0.75708 0.20905 0.75708 0.21013 0.75817 0.21121 0.75817 0.21228 0.75708 0.21552 0.75708 0.21659 0.75599 0.21983 0.75599 0.22091 0.7549 0.22306 0.7549 0.22414 0.75381 0.22737 0.75381 0.22845 0.75272 0.23168 0.75272 0.23276 0.75163 0.23599 0.75163 0.23707 0.75054 0.2403 0.75054 0.24138 0.74946 0.24353 0.74946 0.24461 0.74837 0.24784 0.74837 0.24892 0.74728 0.25431 0.74728 0.25539 0.74619 0.27155 0.74619 0.27263 0.7451 0.28448 0.7451 0.28772 0.74183 0.28879 0.74183 0.30711 0.72331 0.30711 0.72222 0.31034 0.71895 0.31034 0.71786 0.3125 0.71569 0.3125 0.7146 0.31466 0.71242 0.31466 0.71133 0.31789 0.70806 0.31789 0.70697 0.32004 0.70479 0.32004 0.7037 0.32328 0.70044 0.32328 0.69935 0.32543 0.69717 0.32543 0.69608 0.32866 0.69281 0.32866 0.69172 0.33082 0.68954 0.33082 0.68845 0.33297 0.68627 0.33405 0.68627 0.33513 0.68519 0.33621 0.68519 0.33728 0.6841 0.33944 0.6841 0.34052 0.68301 0.34159 0.68301 0.34267 0.68192 0.34375 0.68192 0.34483 0.68083 0.34591 0.68083 0.34698 0.67974 0.34914 0.67974 0.35022 0.67865 0.35129 0.67865 0.35237 0.67756 0.35345 0.67756 0.35453 0.67647 0.3556 0.67647 0.35668 0.67538 0.35776 0.67538 0.35884 0.67429 0.35991 0.67429 0.36099 0.6732 0.36315 0.6732 0.36422 0.67211 0.3653 0.67211 0.36638 0.67102 0.36853 0.67102 0.36961 0.66993 0.37069 0.66993 0.37177 0.66885 0.37284 0.66885 0.37392 0.66776 0.375 0.66776 0.37608 0.66667 0.37823 0.66667 0.37931 0.66558 0.38039 0.66558 0.38147 0.66449 0.38254 0.66449 0.38362 0.6634 0.3847 0.6634 0.38578 0.66231 0.38793 0.66231 0.38901 0.66122 0.39009 0.66122 0.39116 0.66013 0.39224 0.66013 0.39332 0.65904 0.39547 0.65904 0.39547 0.65686 0.39655 0.65577 0.39655 0.64924 0.39763 0.64815 0.39763 0.64161 0.39871 0.64052 0.39871 0.63399 0.39978 0.6329 0.40086 0.6329 0.40194 0.63181 0.40302 0.63181 0.40409 0.63072 0.40517 0.63072 0.40733 0.62854 0.40841 0.62854 0.40948 0.62745 0.41056 0.62745 0.41164 0.62636 0.41272 0.62636 0.41379 0.62745 0.41703 0.62745 0.4181 0.62854 0.42134 0.62854 0.42241 0.62963 0.42457 0.62963 0.42565 0.63072 0.42888 0.63072 0.42996 0.63181 0.43858 0.63181 0.43966 0.63072 0.4472 0.63072 0.44828 0.62963 0.45259 0.62963 0.45259 0.62854 0.45151 0.62745 0.45151 0.61329 0.45043 0.6122 0.45043 0.60458
0 0.53879 0.58932 0.53772 0.59041 0.53556 0.59041 0.53448 0.5915 0.53233 0.5915 0.53125 0.59259 0.52909 0.59259 0.52802 0.59368 0.52802 0.59477 0.52694 0.59586 0.52694 0.59695 0.52478 0.59913 0.52478 0.60022 0.52371 0.60131 0.52371 0.6024 0.52263 0.60349 0.52371 0.60458 0.52478 0.60458 0.52586 0.60566 0.52694 0.60566 0.52802 0.60675 0.52909 0.60675 0.53017 0.60784 0.53125 0.60784 0.53233 0.60893 0.53341 0.60893 0.53448 0.61002 0.53556 0.61002 0.53664 0.60893 0.53987 0.60893 0.54095 0.60784 0.5431 0.60784 0.54418 0.60675 0.54634 0.60675 0.54741 0.60566 0.54741 0.60131 0.54849 0.60022 0.54849 0.59259 0.54634 0.59259 0.54526 0.5915 0.54418 0.5915 0.5431 0.59041 0.54095 0.59041 0.53987 0.58932
0 0.60345 0.54248 0.60237 0.54357 0.60022 0.54357 0.59914 0.54466 0.59806 0.54466 0.59698 0.54575 0.59483 0.54575 0.59375 0.54684 0.59267 0.54684 0.59267 0.54793 0.59159 0.54902 0.59159 0.5512 0.59052 0.55229 0.59052 0.55338 0.58944 0.55447 0.58944 0.55556 0.58836 0.55664 0.58836 0.55773 0.58944 0.55882 0.58944 0.561 0.59052 0.56209 0.59052 0.56427 0.59159 0.56536 0.59159 0.56754 0.59267 0.56863 0.59267 0.57952 0.59159 0.58061 0.59267 0.58061 0.59375 0.5817 0.59914 0.5817 0.60022 0.58279 0.60453 0.58279 0.6056 0.58388 0.60776 0.58388 0.60776 0.57843 0.60884 0.57734 0.60884 0.57298 0.60991 0.5719 0.60991 0.5512 0.60884 0.55011 0.60884 0.54902 0.60776 0.54793 0.60776 0.54684 0.60668 0.54575 0.60668 0.54466 0.6056 0.54357 0.6056 0.54248
0 0.47629 0.53377 0.47522 0.53486 0.47306 0.53486 0.47198 0.53595 0.46983 0.53595 0.46875 0.53704 0.46767 0.53704 0.46659 0.53813 0.46444 0.53813 0.46336 0.53922 0.46228 0.53922 0.46121 0.54031 0.46121 0.54139 0.46013 0.54248 0.46013 0.54357 0.45905 0.54466 0.45905 0.54684 0.45797 0.54793 0.45797 0.55556 0.45905 0.55664 0.45905 0.55882 0.46013 0.55991 0.46013 0.56209 0.46121 0.56318 0.46121 0.56645 0.46228 0.56754 0.46228 0.56863 0.46336 0.56863 0.46444 0.56972 0.46444 0.57081 0.47845 0.58497 0.47953 0.58497 0.48599 0.5915 0.48707 0.5915 0.49138 0.59586 0.49246 0.59586 0.49677 0.60022 0.49784 0.60022 0.49892 0.60131 0.50108 0.60131 0.50216 0.6024 0.50539 0.6024 0.50647 0.60349 0.51078 0.60349 0.51185 0.60458 0.51401 0.60458 0.51401 0.58606 0.51293 0.58497 0.51293 0.58388 0.51078 0.5817 0.51078 0.58061 0.50862 0.57843 0.50862 0.57734 0.50754 0.57625 0.50754 0.57516 0.50539 0.57298 0.50539 0.5719 0.50216 0.56863 0.5 0.56863 0.49892 0.56754 0.49784 0.56754 0.49677 0.56645 0.49569 0.56645 0.49461 0.56536 0.49461 0.56427 0.49677 0.56209 0.49784 0.56209 0.49892 0.561 0.5 0.561 0.50108 0.55991 0.50216 0.55991 0.50754 0.55447 0.50754 0.55338 0.51078 0.55011 0.51078 0.54902 0.51293 0.54684 0.51293 0.54575 0.5097 0.54575 0.50862 0.54466 0.50431 0.54466 0.50323 0.54357 0.5 0.54357 0.49892 0.54248 0.4903 0.54248 0.4903 0.54357 0.48922 0.54466 0.48922 0.55447 0.4903 0.55556 0.4903 0.55773 0.49138 0.55882 0.49138 0.55991 0.49246 0.561 0.49246 0.56318 0.49138 0.56427 0.4903 0.56427 0.48922 0.56318 0.48707 0.56318 0.48491 0.561 0.48491 0.55773 0.48384 0.55664 0.48384 0.54466 0.48276 0.54357 0.48276 0.54248 0.48168 0.54139 0.48168 0.54031 0.47953 0.53813 0.47953 0.53704 0.47737 0.53486 0.47737 0.53377
0 0.67026 0.51089 0.67026 0.51198 0.6681 0.51416 0.6681 0.51525 0.66595 0.51743 0.66595 0.51852 0.66272 0.52179 0.66272 0.52288 0.66056 0.52505 0.66056 0.52614 0.65948 0.52723 0.65948 0.53159 0.65841 0.53268 0.65841 0.53704 0.65733 0.53813 0.65733 0.54248 0.65625 0.54357 0.65625 0.54793 0.65733 0.54902 0.65841 0.54902 0.66056 0.5512 0.66164 0.5512 0.66379 0.55338 0.66595 0.55338 0.67241 0.54684 0.67241 0.54575 0.67888 0.53922 0.67888 0.53595 0.67996 0.53486 0.67996 0.5305 0.68103 0.52941 0.68103 0.52397 0.68211 0.52288 0.68211 0.51743 0.68103 0.51634 0.68103 0.51525 0.67996 0.51416 0.67996 0.51307 0.6778 0.51089
0 0.25754 0.5098 0.25647 0.51089 0.23491 0.51089 0.23384 0.51198 0.23276 0.51198 0.23168 0.51307 0.22953 0.51307 0.22845 0.51416 0.22737 0.51416 0.22629 0.51525 0.22414 0.51525 0.22306 0.51634 0.22198 0.51634 0.22091 0.51743 0.21875 0.51743 0.21767 0.51852 0.21659 0.51852 0.21552 0.51961 0.21444 0.51961 0.21336 0.5207 0.21228 0.5207 0.21121 0.52179 0.21013 0.52179 0.20797 0.52397 0.2069 0.52397 0.20366 0.52723 0.20259 0.52723 0.19935 0.5305 0.19828 0.5305 0.19504 0.53377 0.19397 0.53377 0.19073 0.53704 0.19073 0.53922 0.18966 0.54031 0.18966 0.54248 0.18858 0.54357 0.18858 0.54466 0.1875 0.54575 0.1875 0.54793 0.18642 0.54902 0.18642 0.5512 0.18534 0.55229 0.18534 0.55447 0.18427 0.55556 0.18427 0.55664 0.18319 0.55773 0.18319 0.55991 0.18211 0.561 0.18211 0.56318 0.18103 0.56427 0.18103 0.56536 0.17996 0.56645 0.17996 0.56863 0.17888 0.56972 0.17888 0.5719 0.1778 0.57298 0.1778 0.57843 0.17888 0.57952 0.17888 0.58606 0.17996 0.58715 0.17996 0.59368 0.18103 0.59477 0.18103 0.60131 0.18211 0.6024 0.18211 0.60893 0.18319 0.61002 0.18319 0.61656 0.18427 0.61765 0.18427 0.622 0.18534 0.62309 0.18534 0.62418 0.18642 0.62527 0.18642 0.62636 0.1875 0.62745 0.1875 0.62854 0.18858 0.62963 0.18858 0.63181 0.18966 0.6329 0.18966 0.63399 0.19073 0.63508 0.19073 0.63617 0.19181 0.63725 0.19181 0.63834 0.19289 0.63943 0.19289 0.64161 0.19397 0.6427 0.19397 0.64379 0.19504 0.64488 0.19504 0.64597 0.19612 0.64706 0.19612 0.64924 0.1972 0.65033 0.1972 0.65142 0.19828 0.65251 0.19828 0.65359 0.19935 0.65468 0.19935 0.65577 0.20043 0.65686 0.20043 0.65904 0.20151 0.66013 0.20151 0.66122 0.20259 0.66231 0.20259 0.6634 0.20366 0.66449 0.20366 0.66558 0.20474 0.66667 0.20474 0.66885 0.20582 0.66993 0.20582 0.67102 0.2069 0.67211 0.2069 0.6732 0.21013 0.67647 0.21121 0.67647 0.21444 0.67974 0.21552 0.67974 0.21767 0.68192 0.21875 0.68192 0.22091 0.6841 0.22198 0.6841 0.22522 0.68736 0.22629 0.68736 0.22737 0.68845 0.22845 0.68845 0.23168 0.69172 0.23276 0.69172 0.23491 0.6939 0.23599 0.6939 0.23922 0.69717 0.2403 0.69717 0.24138 0.69826 0.24246 0.69826 0.24353 0.69717 0.24677 0.69717 0.24784 0.69608 0.25 0.69608 0.25108 0.69499 0.25323 0.69499 0.25431 0.6939 0.25539 0.6939 0.25647 0.69281 0.25862 0.69281 0.2597 0.69172 0.26185 0.69172 0.26293 0.69063 0.26509 0.69063 0.26616 0.68954 0.26832 0.68954 0.27155 0.68627 0.27263 0.68627 0.27694 0.68192 0.27802 0.68192 0.28233 0.67756 0.28341 0.67756 0.28772 0.6732 0.28879 0.6732 0.2931 0.66885 0.29418 0.66885 0.29741 0.66558 0.29849 0.66558 0.3028 0.66122 0.30388 0.66122 0.30927 0.65577 0.31034 0.65577 0.31466 0.65142 0.31573 0.65142 0.32004 0.64706 0.32112 0.64706 0.32543 0.6427 0.32651 0.6427 0.33082 0.63834 0.3319 0.63834 0.33621 0.63399 0.33728 0.63399 0.34375 0.62745 0.34375 0.62636 0.34698 0.62309 0.34698 0.622 0.34914 0.61983 0.34914 0.61874 0.35237 0.61547 0.35237 0.61438 0.3556 0.61111 0.3556 0.61002 0.35884 0.60675 0.35884 0.60566 0.36207 0.6024 0.36207 0.60131 0.36422 0.59913 0.36422 0.57952 0.3653 0.57843 0.3653 0.54357 0.36422 0.54248 0.36422 0.54139 0.36315 0.54031 0.36315 0.53922 0.36099 0.53704 0.36099 0.53595 0.35991 0.53486 0.35991 0.53377 0.35884 0.53268 0.35884 0.53159 0.35668 0.52941 0.35668 0.52832 0.3556 0.52723 0.3556 0.52614 0.35345 0.52397 0.35345 0.52288 0.35129 0.5207 0.35129 0.51961 0.35022 0.51852 0.35022 0.51743 0.34914 0.51634 0.34914 0.51525 0.34698 0.51307 0.33728 0.51307 0.33621 0.51198 0.32651 0.51198 0.32543 0.51089 0.31466 0.51089 0.31358 0.5098
0 0.57328 0.48366 0.5722 0.48475 0.56142 0.48475 0.56034 0.48584 0.55819 0.48584 0.55819 0.48802 0.55711 0.48911 0.55711 0.49129 0.55603 0.49237 0.55603 0.49564 0.55496 0.49673 0.55496 0.5 0.55388 0.50109 0.55388 0.50436 0.5528 0.50545 0.5528 0.50871 0.56358 0.51961 0.56897 0.51961 0.57004 0.5207 0.5819 0.5207 0.58297 0.51961 0.58405 0.51961 0.58513 0.51852 0.58621 0.51852 0.58728 0.51743 0.58836 0.51743 0.58944 0.51634 0.59052 0.51634 0.59159 0.51525 0.59267 0.51525 0.59375 0.51416 0.59375 0.49782 0.59159 0.49564 0.59052 0.49564 0.58728 0.49237 0.58621 0.49237 0.58297 0.48911 0.5819 0.48911 0.57974 0.48693 0.57866 0.48693 0.57543 0.48366
0 0.11853 0.47821 0.11746 0.4793 0.10991 0.4793 0.10884 0.48039 0.10237 0.48039 0.10129 0.48148 0.09483 0.48148 0.09375 0.48257 0.08728 0.48257 0.08621 0.48366 0.08082 0.48366 0.08082 0.48802 0.0819 0.48911 0.0819 0.5 0.08297 0.50109 0.08297 0.51307 0.08405 0.51416 0.08405 0.52505 0.08513 0.52614 0.08513 0.53595 0.08621 0.53704 0.08621 0.54248 0.08728 0.54357 0.08728 0.54902 0.08836 0.55011 0.08836 0.55556 0.08944 0.55664 0.08944 0.56209 0.09052 0.56318 0.09052 0.56863 0.09159 0.56972 0.09159 0.57516 0.09267 0.57625 0.09267 0.57843 0.09375 0.57952 0.09375 0.58279 0.09483 0.58388 0.09483 0.58606 0.09591 0.58715 0.09591 0.58932 0.09698 0.59041 0.09698 0.59368 0.09806 0.59477 0.09806 0.59695 0.09914 0.59804 0.09914 0.60022 0.10022 0.60131 0.10022 0.60349 0.10129 0.60458 0.10129 0.60784 0.10237 0.60893 0.10237 0.61111 0.10345 0.6122 0.10345 0.61547 0.10453 0.61656 0.10453 0.62309 0.1056 0.62418 0.1056 0.62963 0.10668 0.63072 0.10668 0.63617 0.10776 0.63725 0.10776 0.6427 0.10884 0.64379 0.10884 0.64924 0.10991 0.65033 0.10991 0.65142 0.11099 0.65251 0.11099 0.65359 0.11207 0.65468 0.11207 0.65577 0.11315 0.65686 0.11315 0.65795 0.11422 0.65904 0.11422 0.66013 0.1153 0.66122 0.1153 0.66231 0.11638 0.6634 0.11638 0.66449 0.11746 0.66558 0.11746 0.66667 0.11853 0.66776 0.11853 0.66885 0.11961 0.66993 0.11961 0.67102 0.12069 0.67211 0.12069 0.6732 0.12177 0.67429 0.12177 0.67538 0.12284 0.67647 0.12284 0.67756 0.12392 0.67865 0.12392 0.67974 0.125 0.68083 0.125 0.68192 0.12608 0.68301 0.12608 0.6841 0.12716 0.68519 0.12716 0.68627 0.12823 0.68736 0.12823 0.68845 0.13147 0.69172 0.13578 0.69172 0.13685 0.69281 0.14224 0.69281 0.14332 0.6939 0.14763 0.6939 0.14871 0.69499 0.15302 0.69499 0.15409 0.6939 0.15409 0.69281 0.15517 0.69172 0.15517 0.69063 0.15625 0.68954 0.15625 0.68845 0.15841 0.68627 0.15841 0.68519 0.15948 0.6841 0.15948 0.68301 0.16164 0.68083 0.16164 0.67974 0.16272 0.67865 0.16272 0.67756 0.16487 0.67538 0.16487 0.67429 0.16595 0.6732 0.16595 0.67211 0.16703 0.67102 0.16703 0.66993 0.16918 0.66776 0.16918 0.66667 0.17026 0.66558 0.17026 0.66449 0.17134 0.6634 0.17134 0.64597 0.17241 0.64488 0.17241 0.62745 0.17349 0.62636 0.17349 0.60458 0.17241 0.60349 0.17241 0.58606 0.17134 0.58497 0.17134 0.55991 0.17241 0.55882 0.17241 0.55229 0.17349 0.5512 0.17349 0.54466 0.17457 0.54357 0.17457 0.53704 0.17565 0.53595 0.17565 0.52832 0.17672 0.52723 0.17672 0.52505 0.1778 0.52397 0.1778 0.52288 0.17888 0.52179 0.17888 0.5207 0.17996 0.51961 0.17996 0.51743 0.18103 0.51634 0.18103 0.51525 0.18211 0.51416 0.18211 0.51307 0.18319 0.51198 0.18319 0.5098 0.18427 0.50871 0.18427 0.50763 0.18534 0.50654 0.18534 0.50436 0.18642 0.50327 0.18642 0.50218 0.1875 0.50109 0.1875 0.5 0.18858 0.49891 0.18858 0.49673 0.18966 0.49564 0.18966 0.49455 0.19073 0.49346 0.19073 0.49237 0.19181 0.49129 0.19181 0.4902 0.15733 0.4902 0.15625 0.48911 0.15409 0.48911 0.15302 0.48802 0.15086 0.48802 0.14978 0.48693 0.14763 0.48693 0.14655 0.48584 0.1444 0.48584 0.14332 0.48475 0.14116 0.48475 0.14009 0.48366 0.13793 0.48366 0.13685 0.48257 0.1347 0.48257 0.13362 0.48148 0.13147 0.48148 0.13039 0.48039 0.12716 0.48039 0.12608 0.4793 0.12392 0.4793 0.12284 0.47821
0 0.61422 0.45643 0.61315 0.45752 0.61207 0.45752 0.61099 0.45861 0.60991 0.45861 0.60884 0.45969 0.60776 0.45969 0.6056 0.46187 0.60345 0.46187 0.60237 0.46296 0.60129 0.46296 0.60022 0.46405 0.59914 0.46405 0.59806 0.46514 0.59267 0.46514 0.59159 0.46623 0.58621 0.46623 0.58513 0.46732 0.57974 0.46732 0.57866 0.46841 0.57651 0.46841 0.57651 0.4695 0.57759 0.4695 0.58082 0.47277 0.5819 0.47277 0.58405 0.47495 0.58513 0.47495 0.58728 0.47712 0.59267 0.47712 0.59375 0.47603 0.6056 0.47603 0.60668 0.47495 0.61746 0.47495 0.61853 0.47386 0.62069 0.47386 0.62177 0.47277 0.62392 0.47277 0.625 0.47168 0.62716 0.47168 0.62823 0.47059 0.63039 0.47059 0.63147 0.4695 0.63254 0.4695 0.63254 0.46732 0.63147 0.46623 0.63147 0.46514 0.63039 0.46405 0.63039 0.46296 0.62931 0.46187 0.62931 0.46078 0.62823 0.45969 0.62608 0.45969 0.625 0.45861 0.62284 0.45861 0.62177 0.45752 0.62069 0.45752 0.61961 0.45643
0 0.47737 0.42375 0.47629 0.42484 0.47629 0.42593 0.47522 0.42702 0.47522 0.4281 0.47414 0.42919 0.47414 0.43028 0.47198 0.43246 0.47198 0.43355 0.47091 0.43464 0.47091 0.43573 0.46875 0.43791 0.46875 0.439 0.46659 0.44118 0.46659 0.44227 0.46444 0.44444 0.46444 0.44553 0.46228 0.44771 0.46228 0.4488 0.45905 0.45207 0.45905 0.45316 0.4569 0.45534 0.4569 0.45643 0.45474 0.45861 0.45474 0.45969 0.45259 0.46187 0.45259 0.46296 0.45043 0.46514 0.45043 0.46623 0.44935 0.46732 0.44935 0.4695 0.44828 0.47059 0.44828 0.47168 0.4472 0.47277 0.4472 0.47495 0.44612 0.47603 0.44612 0.47712 0.44504 0.47821 0.44504 0.48039 0.44397 0.48148 0.44397 0.50763 0.44504 0.50871 0.44504 0.51089 0.44612 0.51198 0.44612 0.51525 0.4472 0.51634 0.4472 0.51961 0.44828 0.5207 0.44828 0.52397 0.44935 0.52505 0.44935 0.52723 0.45043 0.52832 0.45043 0.52941 0.46121 0.52941 0.46228 0.5305 0.46659 0.5305 0.46659 0.52832 0.46552 0.52723 0.46552 0.52179 0.46444 0.5207 0.46444 0.51634 0.46336 0.51525 0.46336 0.48366 0.46444 0.48257 0.46444 0.48039 0.46552 0.4793 0.46552 0.47603 0.46659 0.47495 0.46659 0.47277 0.46767 0.47168 0.46767 0.4695 0.46875 0.46841 0.46875 0.46732 0.46983 0.46623 0.46983 0.46514 0.47198 0.46296 0.47198 0.46187 0.47306 0.46078 0.47306 0.45969 0.47414 0.45861 0.47414 0.45752 0.47522 0.45643 0.47522 0.45534 0.47629 0.45425 0.47629 0.45316 0.47737 0.45207 0.47737 0.45098 0.47845 0.44989 0.47845 0.4488 0.47953 0.44771 0.47953 0.44662 0.4806 0.44553 0.4806 0.44444 0.48168 0.44336 0.48168 0.44118 0.48276 0.44009 0.48276 0.439 0.48384 0.43791 0.48384 0.43682 0.48491 0.43573 0.48491 0.43355 0.48599 0.43246 0.48599 0.43137 0.48384 0.42919 0.48384 0.4281 0.48168 0.42593 0.4806 0.42593 0.47953 0.42484 0.47845 0.42484
0 0.53125 0.40741 0.52909 0.40959 0.52802 0.40959 0.52478 0.41285 0.52371 0.41285 0.52047 0.41612 0.5194 0.41612 0.51616 0.41939 0.51616 0.42375 0.51724 0.42484 0.51724 0.43246 0.51832 0.43355 0.51832 0.44118 0.53556 0.45861 0.53664 0.45861 0.53772 0.45969 0.53987 0.45969 0.54095 0.46078 0.54418 0.46078 0.54526 0.46187 0.54957 0.46187 0.55065 0.46296 0.55388 0.46296 0.55496 0.46405 0.55819 0.46405 0.55927 0.46514 0.56466 0.46514 0.56466 0.46405 0.56681 0.46187 0.56681 0.46078 0.56789 0.45969 0.56789 0.45861 0.56897 0.45752 0.56897 0.45643 0.57112 0.45425 0.57112 0.45316 0.5722 0.45207 0.5722 0.45098 0.57435 0.4488 0.57435 0.44771 0.57543 0.44662 0.57543 0.44336 0.57435 0.44227 0.57435 0.44118 0.5722 0.439 0.5722 0.43791 0.57004 0.43573 0.57004 0.43464 0.56789 0.43246 0.56789 0.43137 0.56573 0.42919 0.56573 0.4281 0.56358 0.42593 0.56358 0.42484 0.56142 0.42266 0.56142 0.42157 0.56034 0.42048 0.55927 0.42048 0.55711 0.4183 0.55603 0.4183 0.55388 0.41612 0.5528 0.41612 0.55172 0.41503 0.55065 0.41503 0.54849 0.41285 0.54741 0.41285 0.54634 0.41176 0.54526 0.41176 0.5431 0.40959 0.54203 0.40959 0.54095 0.4085 0.53556 0.4085 0.53448 0.40741
0 0.10668 0.36275 0.1056 0.36383 0.10453 0.36383 0.10237 0.36601 0.10129 0.36601 0.10022 0.3671 0.09914 0.3671 0.09806 0.36819 0.09698 0.36819 0.09591 0.36928 0.09483 0.36928 0.09375 0.37037 0.09267 0.37037 0.09159 0.37146 0.09159 0.37255 0.09052 0.37364 0.09052 0.37582 0.08944 0.37691 0.08944 0.38017 0.08836 0.38126 0.08836 0.38344 0.08728 0.38453 0.08728 0.3878 0.08621 0.38889 0.08621 0.39216 0.08513 0.39325 0.08513 0.39651 0.08405 0.3976 0.08405 0.40087 0.08297 0.40196 0.08297 0.43137 0.08405 0.43246 0.08405 0.44553 0.08513 0.44662 0.08513 0.45752 0.08621 0.45861 0.08621 0.4695 0.08728 0.47059 0.08728 0.47168 0.09159 0.47168 0.09267 0.47059 0.09698 0.47059 0.09806 0.47168 0.10345 0.47168 0.10453 0.47277 0.10991 0.47277 0.11099 0.47386 0.11746 0.47386 0.11853 0.47495 0.125 0.47495 0.12608 0.47603 0.13039 0.47603 0.13147 0.47712 0.13578 0.47712 0.13685 0.47821 0.14224 0.47821 0.14332 0.4793 0.14655 0.4793 0.14763 0.47821 0.16164 0.47821 0.16272 0.47712 0.17565 0.47712 0.17672 0.47603 0.18858 0.47603 0.18966 0.47495 0.19612 0.47495 0.1972 0.47386 0.20366 0.47386 0.20474 0.47277 0.21013 0.47277 0.21121 0.47168 0.21444 0.47168 0.21552 0.47277 0.21659 0.47277 0.21767 0.47386 0.21875 0.47386 0.21983 0.47495 0.22198 0.47495 0.22306 0.47603 0.22414 0.47603 0.22522 0.47712 0.22629 0.47712 0.22737 0.47821 0.22845 0.47821 0.22953 0.4793 0.23168 0.4793 0.23276 0.48039 0.23384 0.48039 0.23491 0.48148 0.23599 0.48148 0.23707 0.48257 0.23815 0.48257 0.23922 0.48366 0.24138 0.48366 0.24246 0.48257 0.25323 0.48257 0.25431 0.48148 0.26401 0.48148 0.26509 0.48039 0.27263 0.48039 0.27371 0.4793 0.27909 0.4793 0.28017 0.47821 0.28556 0.47821 0.28664 0.47712 0.28987 0.47712 0.29095 0.47603 0.29418 0.47603 0.29526 0.47495 0.29849 0.47495 0.29957 0.47386 0.30172 0.47386 0.3028 0.47277 0.30603 0.47277 0.30711 0.47168 0.30927 0.47168 0.31034 0.47059 0.31466 0.47059 0.31573 0.4695 0.32759 0.4695 0.32866 0.46841 0.33836 0.46841 0.33944 0.4695 0.34052 0.4695 0.34159 0.47059 0.34267 0.47059 0.34483 0.47277 0.34591 0.47277 0.34698 0.47386 0.34806 0.47386 0.35022 0.47603 0.35129 0.47603 0.35237 0.47712 0.35345 0.47712 0.35453 0.47821 0.3556 0.47821 0.35776 0.48039 0.35884 0.48039 0.35991 0.48148 0.36207 0.48148 0.36315 0.48039 0.36422 0.48039 0.3653 0.4793 0.36746 0.4793 0.36853 0.47821 0.36961 0.47821 0.37069 0.47712 0.37177 0.47712 0.37284 0.47603 0.375 0.47603 0.37608 0.47495 0.37716 0.47495 0.37823 0.47386 0.37931 0.47386 0.38039 0.47277 0.38254 0.47277 0.38362 0.47168 0.38578 0.47168 0.39332 0.4793 0.3944 0.4793 0.39547 0.48039 0.39655 0.48039 0.39655 0.47712 0.39763 0.47603 0.39763 0.47168 0.39871 0.47059 0.39871 0.46732 0.39978 0.46623 0.39978 0.46187 0.40086 0.46078 0.40086 0.45643 0.40194 0.45534 0.40194 0.44771 0.39978 0.44553 0.39978 0.44444 0.39763 0.44227 0.39763 0.44118 0.39655 0.44009 0.39655 0.439 0.3944 0.43682 0.3944 0.43573 0.39332 0.43464 0.39224 0.43464 0.39116 0.43573 0.38901 0.43573 0.38793 0.43682 0.38578 0.43682 0.3847 0.43791 0.38254 0.43791 0.38147 0.439 0.37716 0.439 0.37608 0.43791 0.37392 0.43791 0.37284 0.43682 0.36961 0.43682 0.36853 0.43573 0.3653 0.43573 0.36422 0.43464 0.36207 0.43464 0.36099 0.43355 0.35884 0.43355 0.35776 0.43246 0.35453 0.43246 0.35345 0.43137 0.35129 0.43137 0.35022 0.43028 0.34698 0.43028 0.34591 0.42919 0.34267 0.42919 0.34159 0.4281 0.33944 0.4281 0.33836 0.42702 0.33513 0.42702 0.33405 0.42593 0.33082 0.42593 0.32974 0.42484 0.32112 0.42484 0.32004 0.42375 0.31573 0.42375 0.3125 0.42048 0.3125 0.41939 0.31034 0.41721 0.31034 0.41612 0.30819 0.41394 0.30819 0.41285 0.30603 0.41068 0.30603 0.40959 0.30388 0.40741 0.3028 0.40741 0.30065 0.40523 0.29418 0.40523 0.2931 0.40632 0.28879 0.40632 0.28772 0.40741 0.28233 0.40741 0.28125 0.4085 0.27909 0.4085 0.27802 0.40959 0.27694 0.40959 0.27586 0.41068 0.26509 0.41068 0.25862 0.40414 0.25754 0.40414 0.25323 0.39978 0.25323 0.39869 0.25216 0.3976 0.25216 0.39542 0.25108 0.39434 0.25108 0.39216 0.25 0.39107 0.25 0.38889 0.24892 0.3878 0.24892 0.38562 0.24569 0.38235 0.24569 0.38126 0.24246 0.378 0.24138 0.378 0.23815 0.38126 0.23815 0.38235 0.2306 0.38998 0.2306 0.39107 0.22306 0.39869 0.22306 0.39978 0.22198 0.40087 0.22091 0.39978 0.21875 0.39978 0.21767 0.39869 0.21444 0.39869 0.21336 0.3976 0.21121 0.3976 0.21013 0.39651 0.2069 0.39651 0.20582 0.39542 0.20366 0.39542 0.20259 0.39434 0.20043 0.39434 0.19935 0.39325 0.19612 0.39325 0.19504 0.39216 0.19289 0.39216 0.19181 0.39107 0.18858 0.39107 0.1875 0.38998 0.18534 0.38998 0.18427 0.38889 0.18103 0.38889 0.17996 0.3878 0.17672 0.3878 0.17565 0.38671 0.17349 0.38671 0.17241 0.3878 0.17134 0.3878 0.17026 0.38889 0.1681 0.38889 0.16703 0.38998 0.16595 0.38998 0.16487 0.39107 0.16379 0.39107 0.16272 0.39216 0.16164 0.39216 0.16056 0.39325 0.15948 0.39325 0.15841 0.39434 0.15733 0.39434 0.15625 0.39542 0.15517 0.39542 0.15409 0.39651 0.15194 0.39651 0.13901 0.38344 0.13793 0.38344 0.13578 0.38126 0.1347 0.38126 0.13147 0.378 0.13039 0.378 0.12716 0.37473 0.12608 0.37473 0.12392 0.37255 0.12284 0.37255 0.11961 0.36928 0.11853 0.36928 0.1153 0.36601 0.11422 0.36601 0.11099 0.36275
0 0.60345 0.32789 0.60237 0.32898 0.59806 0.32898 0.59698 0.33007 0.59483 0.33007 0.59375 0.33115 0.59375 0.33442 0.59483 0.33551 0.59483 0.33769 0.59591 0.33878 0.59591 0.34205 0.59806 0.34423 0.59806 0.34532 0.59914 0.34641 0.59914 0.34749 0.60022 0.34858 0.60022 0.34967 0.60129 0.35076 0.60129 0.35403 0.60237 0.35512 0.60237 0.3573 0.60129 0.35839 0.60129 0.36166 0.60022 0.36275 0.59806 0.36057 0.59806 0.35839 0.59698 0.3573 0.59698 0.35512 0.59591 0.35403 0.59591 0.35185 0.59375 0.34967 0.59267 0.34967 0.59159 0.34858 0.59052 0.34858 0.58944 0.34749 0.58836 0.34749 0.58728 0.34641 0.58621 0.34641 0.58513 0.34532 0.58405 0.34532 0.58297 0.34423 0.57866 0.34423 0.57759 0.34314 0.5722 0.34314 0.57112 0.34205 0.56573 0.34205 0.56466 0.34096 0.55819 0.34096 0.55711 0.33987 0.5431 0.33987 0.54203 0.34096 0.53556 0.34096 0.53448 0.34205 0.52802 0.34205 0.52694 0.34314 0.52047 0.34314 0.5194 0.34423 0.51401 0.34423 0.51293 0.34532 0.5097 0.34532 0.50862 0.34641 0.50754 0.34641 0.50647 0.34749 0.50539 0.34749 0.50431 0.34858 0.50323 0.34858 0.50108 0.35076 0.5 0.35076 0.49892 0.35185 0.49784 0.35185 0.49677 0.35294 0.49569 0.35294 0.49461 0.35403 0.49353 0.35403 0.49246 0.35512 0.49138 0.35512 0.48922 0.3573 0.48815 0.3573 0.48707 0.35839 0.48599 0.35839 0.48491 0.35948 0.48384 0.35948 0.48276 0.36057 0.48168 0.36057 0.4806 0.36166 0.47953 0.36166 0.47737 0.36383 0.47629 0.36383 0.47306 0.3671 0.47198 0.3671 0.46983 0.36928 0.46875 0.36928 0.46659 0.37146 0.46552 0.37146 0.46228 0.37473 0.46121 0.37473 0.46013 0.37582 0.45905 0.37582 0.45582 0.37908 0.45474 0.37908 0.45259 0.38126 0.45151 0.38126 0.44935 0.38344 0.44828 0.38344 0.44181 0.38998 0.44181 0.39107 0.4375 0.39542 0.4375 0.39651 0.43211 0.40196 0.43211 0.40305 0.4278 0.40741 0.4278 0.4085 0.42349 0.41285 0.42349 0.41394 0.42241 0.41503 0.42241 0.41612 0.42134 0.41721 0.42134 0.4183 0.42026 0.41939 0.42026 0.42048 0.41918 0.42157 0.41918 0.42266 0.4181 0.42375 0.4181 0.42484 0.41703 0.42593 0.41703 0.42702 0.41595 0.4281 0.41595 0.42919 0.41487 0.43028 0.41487 0.43137 0.41379 0.43246 0.41379 0.43355 0.41272 0.43464 0.41272 0.43573 0.41164 0.43682 0.41164 0.43791 0.41056 0.439 0.41056 0.44009 0.40948 0.44118 0.40948 0.44336 0.40841 0.44444 0.40841 0.44553 0.40733 0.44662 0.40733 0.44989 0.40625 0.45098 0.40625 0.45534 0.40517 0.45643 0.40517 0.45969 0.40409 0.46078 0.40409 0.46514 0.40302 0.46623 0.40302 0.4695 0.40194 0.47059 0.40194 0.48366 0.40302 0.48475 0.40302 0.49346 0.40409 0.49455 0.40409 0.49564 0.40302 0.49673 0.40302 0.49782 0.40194 0.49891 0.40194 0.5 0.40086 0.50109 0.40086 0.50218 0.39871 0.50436 0.39871 0.50545 0.39763 0.50654 0.39763 0.50763 0.39655 0.50871 0.39655 0.5098 0.39547 0.51089 0.39547 0.51198 0.3944 0.51307 0.3944 0.51525 0.39332 0.51634 0.39332 0.51743 0.39224 0.51852 0.39224 0.5207 0.39116 0.52179 0.39116 0.52397 0.39009 0.52505 0.39009 0.52614 0.38901 0.52723 0.38901 0.52941 0.38793 0.5305 0.38793 0.53268 0.38685 0.53377 0.38685 0.53486 0.38578 0.53595 0.38578 0.53813 0.3847 0.53922 0.3847 0.54139 0.38362 0.54248 0.38362 0.54357 0.38254 0.54466 0.38254 0.54902 0.38362 0.55011 0.38362 0.5512 0.3847 0.55229 0.3847 0.55447 0.38578 0.55556 0.38578 0.55773 0.38685 0.55882 0.38685 0.55991 0.38793 0.561 0.38793 0.56318 0.38901 0.56427 0.38901 0.56536 0.39009 0.56645 0.39009 0.56754 0.39116 0.56863 0.39116 0.56972 0.39332 0.5719 0.39332 0.57298 0.3944 0.57407 0.3944 0.57516 0.39547 0.57625 0.39547 0.57734 0.39763 0.57952 0.39763 0.58061 0.39871 0.5817 0.39871 0.58279 0.40086 0.58497 0.40086 0.58606 0.40194 0.58715 0.40194 0.58824 0.40409 0.59041 0.40409 0.5915 0.40517 0.59259 0.40517 0.59368 0.40733 0.59586 0.40733 0.59695 0.40841 0.59804 0.40841 0.59913 0.41918 0.59913 0.42026 0.60022 0.4375 0.60022 0.43858 0.59913 0.44181 0.59913 0.44289 0.59804 0.44612 0.59804 0.4472 0.59695 0.45043 0.59695 0.45151 0.59586 0.45259 0.59586 0.45905 0.6024 0.45905 0.60349 0.46013 0.60349 0.46121 0.60458 0.46121 0.60566 0.46552 0.61002 0.46659 0.61002 0.47845 0.622 0.47953 0.622 0.48815 0.63072 0.48815 0.63181 0.49569 0.63943 0.49569 0.64052 0.50323 0.64815 0.50323 0.64924 0.50431 0.64924 0.50539 0.65033 0.50539 0.65142 0.51293 0.65904 0.51401 0.65904 0.52371 0.66885 0.56573 0.66885 0.56681 0.66776 0.57004 0.66776 0.57112 0.66667 0.57435 0.66667 0.57543 0.66558 0.57759 0.66558 0.57866 0.66449 0.5819 0.66449 0.58297 0.6634 0.58621 0.6634 0.58728 0.66231 0.59052 0.66231 0.59159 0.66122 0.59375 0.66122 0.59483 0.66013 0.59806 0.66013 0.59914 0.65904 0.60237 0.65904 0.60345 0.65795 0.6056 0.65795 0.60668 0.65686 0.60884 0.65686 0.60991 0.65577 0.61207 0.65577 0.61315 0.65468 0.61422 0.65468 0.6153 0.65359 0.61746 0.65359 0.61853 0.65251 0.61961 0.65251 0.62069 0.65142 0.62284 0.65142 0.62392 0.65033 0.625 0.65033 0.62608 0.64924 0.62823 0.64924 0.62931 0.64815 0.63039 0.64815 0.63147 0.64706 0.63362 0.64706 0.6347 0.64597 0.63685 0.64597 0.63793 0.64488 0.63901 0.64488 0.64009 0.64379 0.64224 0.64379 0.64332 0.6427 0.6444 0.6427 0.64547 0.64161 0.64763 0.64161 0.64871 0.64052 0.64978 0.64052 0.65086 0.63943 0.65302 0.63943 0.65409 0.63834 0.65517 0.63834 0.65625 0.63725 0.65841 0.63725 0.65948 0.63617 0.66056 0.63617 0.66164 0.63508 0.66272 0.63508 0.69073 0.60675 0.69073 0.60566 0.69828 0.59804 0.69828 0.59695 0.69935 0.59586 0.69935 0.59368 0.70043 0.59259 0.70043 0.59041 0.70151 0.58932 0.70151 0.58824 0.70259 0.58715 0.70259 0.58497 0.70366 0.58388 0.70366 0.5817 0.70474 0.58061 0.70474 0.57843 0.70582 0.57734 0.70582 0.57516 0.7069 0.57407 0.7069 0.5719 0.70797 0.57081 0.70797 0.56863 0.70905 0.56754 0.70905 0.56536 0.71013 0.56427 0.71013 0.56318 0.71121 0.56209 0.71121 0.55991 0.71228 0.55882 0.71228 0.55664 0.71336 0.55556 0.71336 0.55338 0.71444 0.55229 0.71444 0.55011 0.71552 0.54902 0.71552 0.54684 0.71659 0.54575 0.71659 0.54357 0.71767 0.54248 0.71767 0.54139 0.71875 0.54031 0.71875 0.53813 0.71983 0.53704 0.71983 0.53486 0.72091 0.53377 0.72091 0.53159 0.72198 0.5305 0.72198 0.52832 0.72306 0.52723 0.72306 0.52505 0.72414 0.52397 0.72414 0.52179 0.72522 0.5207 0.72522 0.50763 0.72629 0.50654 0.72629 0.48257 0.72737 0.48148 0.72629 0.48039 0.72629 0.47603 0.72522 0.47495 0.72522 0.47059 0.72414 0.4695 0.72414 0.46623 0.72306 0.46514 0.72306 0.46078 0.72198 0.45969 0.72198 0.45643 0.72091 0.45534 0.72091 0.45098 0.71983 0.44989 0.71983 0.44662 0.71875 0.44553 0.71875 0.44118 0.71767 0.44009 0.71767 0.43682 0.71659 0.43573 0.71659 0.43137 0.71552 0.43028 0.71552 0.42919 0.71444 0.4281 0.71444 0.42702 0.70905 0.42157 0.70905 0.42048 0.70474 0.41612 0.70474 0.41503 0.70043 0.41068 0.70043 0.40959 0.69504 0.40414 0.69504 0.40305 0.69073 0.39869 0.69073 0.3976 0.68534 0.39216 0.68427 0.39216 0.67996 0.3878 0.67888 0.3878 0.67457 0.38344 0.67349 0.38344 0.66918 0.37908 0.6681 0.37908 0.66487 0.37582 0.66379 0.37582 0.66056 0.37255 0.65948 0.37255 0.65733 0.37037 0.65625 0.37037 0.65409 0.36819 0.65302 0.36819 0.65194 0.3671 0.65086 0.3671 0.64978 0.36601 0.64871 0.36601 0.64763 0.3671 0.64655 0.3671 0.64224 0.37146 0.64116 0.37146 0.63901 0.37364 0.63901 0.37473 0.63793 0.37582 0.63793 0.378 0.63685 0.37908 0.63685 0.38126 0.63578 0.38235 0.63578 0.38453 0.6347 0.38562 0.6347 0.38889 0.63362 0.38998 0.63362 0.39107 0.63685 0.39434 0.63685 0.39542 0.63901 0.3976 0.63901 0.39869 0.64224 0.40196 0.64224 0.40305 0.64547 0.40632 0.64547 0.40741 0.64871 0.41068 0.64978 0.41068 0.65302 0.41394 0.65409 0.41394 0.65733 0.41721 0.65841 0.41721 0.66056 0.41939 0.66164 0.41939 0.66379 0.42157 0.66379 0.42266 0.66487 0.42375 0.66487 0.42484 0.66595 0.42593 0.66595 0.42702 0.6681 0.42919 0.6681 0.43028 0.66918 0.43137 0.66918 0.43246 0.67026 0.43355 0.67026 0.43464 0.67241 0.43682 0.67241 0.43791 0.67349 0.439 0.67349 0.44009 0.67457 0.44118 0.67457 0.44227 0.67672 0.44444 0.67672 0.44553 0.6778 0.44662 0.6778 0.44771 0.67888 0.4488 0.67888 0.44989 0.6778 0.45098 0.66056 0.43355 0.66056 0.43246 0.65517 0.42702 0.65517 0.42593 0.64978 0.42048 0.64978 0.41939 0.64547 0.41503 0.64547 0.41394 0.64009 0.4085 0.64009 0.40741 0.63685 0.40414 0.63039 0.40414 0.62931 0.40305 0.62284 0.40305 0.62177 0.40414 0.61853 0.40414 0.61746 0.40523 0.61638 0.40523 0.6153 0.40632 0.61422 0.40632 0.61315 0.40741 0.61315 0.41068 0.61207 0.41176 0.61207 0.41721 0.61099 0.4183 0.61099 0.42266 0.60991 0.42375 0.60991 0.4281 0.60884 0.42919 0.60884 0.43137 0.60991 0.43246 0.61099 0.43246 0.61315 0.43464 0.61422 0.43464 0.61638 0.43682 0.61746 0.43682 0.61853 0.43791 0.61961 0.43791 0.62177 0.44009 0.625 0.44009 0.62608 0.44118 0.63147 0.44118 0.63254 0.44227 0.63901 0.44227 0.64009 0.44336 0.64332 0.44336 0.64655 0.44662 0.64655 0.44771 0.64871 0.44989 0.64871 0.45098 0.65194 0.45425 0.65194 0.45534 0.65409 0.45752 0.65409 0.45861 0.65625 0.46078 0.65625 0.46405 0.65733 0.46514 0.65733 0.46841 0.65841 0.4695 0.65841 0.47277 0.65948 0.47386 0.65948 0.47712 0.66056 0.47821 0.66056 0.48039 0.66164 0.48148 0.66164 0.48475 0.66272 0.48584 0.66272 0.48693 0.66379 0.48802 0.66379 0.4902 0.66487 0.49129 0.66487 0.49346 0.66595 0.49455 0.66595 0.49564 0.66703 0.49673 0.66703 0.49891 0.6681 0.5 0.6681 0.50109 0.66918 0.50109 0.67026 0.5 0.67134 0.5 0.67457 0.49673 0.67565 0.49673 0.6778 0.49455 0.67888 0.49455 0.68211 0.49129 0.68319 0.49129 0.68534 0.48911 0.68642 0.48911 0.6875 0.48802 0.6875 0.48584 0.68642 0.48475 0.68642 0.47712 0.68534 0.47603 0.68534 0.47059 0.68642 0.4695 0.6875 0.47059 0.6875 0.47168 0.68858 0.47277 0.68858 0.47603 0.68966 0.47712 0.68966 0.51307 0.68858 0.51416 0.68858 0.51961 0.6875 0.5207 0.6875 0.52505 0.68642 0.52614 0.68642 0.53159 0.68427 0.53377 0.68427 0.53486 0.68319 0.53595 0.68319 0.53704 0.68211 0.53813 0.68211 0.53922 0.67996 0.54139 0.67996 0.54248 0.67888 0.54357 0.67888 0.54466 0.67672 0.54684 0.67672 0.54793 0.67565 0.54902 0.67565 0.55011 0.67349 0.55229 0.67349 0.55338 0.67241 0.55447 0.67241 0.55556 0.67026 0.55773 0.67026 0.55882 0.66918 0.55991 0.66918 0.561 0.66703 0.56318 0.66703 0.56427 0.66595 0.56536 0.66595 0.56645 0.66379 0.56863 0.66379 0.56972 0.66272 0.57081 0.66272 0.5719 0.64224 0.59259 0.64116 0.59259 0.63685 0.59695 0.63578 0.59695 0.63254 0.60022 0.63147 0.60022 0.62823 0.60349 0.62716 0.60349 0.62392 0.60675 0.62284 0.60675 0.61961 0.61002 0.61853 0.61002 0.6153 0.61329 0.61422 0.61329 0.61315 0.61438 0.61099 0.61438 0.60991 0.61547 0.60776 0.61547 0.60668 0.61656 0.6056 0.61656 0.60453 0.61765 0.60237 0.61765 0.60129 0.61874 0.59914 0.61874 0.59806 0.61983 0.59591 0.61983 0.59483 0.62092 0.59375 0.62092 0.59267 0.622 0.59052 0.622 0.58944 0.62309 0.58836 0.62309 0.58728 0.62418 0.58513 0.62418 0.58405 0.62527 0.5819 0.62527 0.58082 0.62636 0.57866 0.62636 0.57759 0.62745 0.56789 0.62745 0.56681 0.62636 0.55819 0.62636 0.55711 0.62527 0.54634 0.62527 0.54526 0.62418 0.53556 0.62418 0.53448 0.62309 0.52909 0.62309 0.52802 0.622 0.52694 0.622 0.52586 0.62092 0.52478 0.62092 0.52371 0.61983 0.52155 0.61983 0.52047 0.61874 0.5194 0.61874 0.51832 0.61765 0.51724 0.61765 0.51616 0.61656 0.51509 0.61656 0.51401 0.61547 0.51293 0.61547 0.51185 0.61438 0.5097 0.61438 0.50862 0.61329 0.50754 0.61329 0.50647 0.6122 0.50539 0.6122 0.50431 0.61111 0.50323 0.61111 0.50216 0.61002 0.50108 0.61002 0.5 0.60893 0.49784 0.60893 0.49677 0.60784 0.49569 0.60784 0.49461 0.60675 0.49353 0.60675 0.49246 0.60566 0.4903 0.60566 0.4806 0.59586 0.4806 0.59477 0.47091 0.58497 0.47091 0.58388 0.46121 0.57407 0.46121 0.57298 0.46013 0.57298 0.45905 0.5719 0.45905 0.57081 0.4569 0.56863 0.4569 0.56754 0.45582 0.56645 0.45582 0.56427 0.45474 0.56318 0.45474 0.56209 0.45366 0.561 0.45366 0.55991 0.45259 0.55882 0.45259 0.55773 0.45151 0.55664 0.45151 0.55556 0.45043 0.55447 0.45043 0.55338 0.44935 0.55229 0.44935 0.5512 0.44828 0.55011 0.44828 0.54793 0.4472 0.54684 0.4472 0.54575 0.44612 0.54466 0.44612 0.54357 0.44504 0.54248 0.44504 0.54139 0.44397 0.54031 0.44397 0.53922 0.44289 0.53813 0.44289 0.53704 0.44181 0.53595 0.44181 0.53377 0.44073 0.53268 0.44073 0.53159 0.43966 0.5305 0.43966 0.52941 0.43858 0.52832 0.43858 0.52505 0.4375 0.52397 0.4375 0.51961 0.43642 0.51852 0.43642 0.51307 0.43534 0.51198 0.43534 0.50763 0.43427 0.50654 0.43427 0.50109 0.43319 0.5 0.43319 0.49564 0.43211 0.49455 0.43211 0.48911 0.43103 0.48802 0.43103 0.48366 0.42996 0.48257 0.42996 0.47821 0.43103 0.47712 0.43103 0.47495 0.43211 0.47386 0.43211 0.47277 0.43319 0.47168 0.43319 0.47059 0.43427 0.4695 0.43427 0.46841 0.43534 0.46732 0.43534 0.46623 0.43642 0.46514 0.43642 0.46296 0.4375 0.46187 0.4375 0.46078 0.43858 0.45969 0.43858 0.45861 0.43966 0.45752 0.43966 0.45643 0.44073 0.45534 0.44073 0.45425 0.44181 0.45316 0.44181 0.45207 0.44289 0.45098 0.44289 0.4488 0.44397 0.44771 0.44397 0.44662 0.44504 0.44553 0.44504 0.44444 0.44935 0.44009 0.44935 0.439 0.4569 0.43137 0.4569 0.43028 0.46336 0.42375 0.46336 0.42266 0.47091 0.41503 0.47091 0.41394 0.47737 0.40741 0.47737 0.40632 0.48384 0.39978 0.48491 0.39978 0.48599 0.39869 0.48707 0.39869 0.48815 0.3976 0.48922 0.3976 0.49138 0.39542 0.49246 0.39542 0.49353 0.39434 0.49461 0.39434 0.49569 0.39325 0.49677 0.39325 0.49892 0.39107 0.5 0.39107 0.50108 0.38998 0.50216 0.38998 0.50323 0.38889 0.50431 0.38889 0.50539 0.3878 0.50647 0.3878 0.50862 0.38562 0.5097 0.38562 0.51078 0.38453 0.51185 0.38453 0.51293 0.38344 0.51616 0.38344 0.51724 0.38235 0.52155 0.38235 0.52263 0.38126 0.52586 0.38126 0.52694 0.38017 0.53017 0.38017 0.53125 0.37908 0.53448 0.37908 0.53556 0.378 0.53879 0.378 0.53987 0.37691 0.5431 0.37691 0.54418 0.37582 0.54741 0.37582 0.54849 0.37473 0.55065 0.37473 0.55172 0.37364 0.57004 0.37364 0.57112 0.37473 0.59375 0.37473 0.59483 0.37364 0.59698 0.37364 0.59806 0.37473 0.59806 0.378 0.59698 0.37908 0.59698 0.38671 0.59591 0.3878 0.59591 0.38998 0.59698 0.38998 0.59806 0.38889 0.59914 0.38889 0.60022 0.3878 0.60129 0.3878 0.60237 0.38671 0.6056 0.38671 0.60668 0.3878 0.60884 0.3878 0.61207 0.39107 0.61315 0.39107 0.61853 0.39651 0.62069 0.39651 0.62177 0.39542 0.62284 0.39542 0.625 0.39325 0.625 0.39216 0.62608 0.39107 0.62608 0.38671 0.62716 0.38562 0.62716 0.38235 0.62823 0.38126 0.62823 0.378 0.62931 0.37691 0.62931 0.37582 0.63039 0.37473 0.63039 0.37364 0.63147 0.37255 0.63147 0.37146 0.63362 0.36928 0.63362 0.36819 0.6347 0.3671 0.6347 0.36601 0.63578 0.36492 0.63685 0.36492 0.63901 0.36275 0.64009 0.36275 0.64332 0.35948 0.6444 0.35948 0.64978 0.35403 0.65086 0.35403 0.65302 0.35185 0.65302 0.35076 0.65194 0.34967 0.65194 0.34532 0.65086 0.34423 0.65086 0.34314 0.64332 0.33551 0.64224 0.33551 0.64116 0.33442 0.64009 0.33442 0.63901 0.33333 0.63793 0.33333 0.63685 0.33224 0.6347 0.33224 0.63362 0.33115 0.63147 0.33115 0.63039 0.33007 0.625 0.33007 0.62392 0.32898 0.61961 0.32898 0.61853 0.32789
