0 0.63254 0.63072 0.62823 0.63508 0.62823 0.63617 0.62392 0.64052 0.62177 0.64052 0.62069 0.64161 0.61853 0.64161 0.61746 0.6427 0.60668 0.6427 0.6056 0.64161 0.60453 0.64161 0.60345 0.64052 0.60237 0.64052 0.60022 0.63834 0.59914 0.63834 0.59806 0.63725 0.59698 0.63725 0.59698 0.63834 0.59806 0.63943 0.59806 0.64379 0.59914 0.64488 0.59914 0.64924 0.60022 0.65033 0.60022 0.65468 0.60129 0.65577 0.60129 0.66013 0.60237 0.66122 0.60237 0.66558 0.60345 0.66667 0.60345 0.67102 0.60453 0.67211 0.60453 0.67647 0.6056 0.67756 0.6056 0.67865 0.60453 0.67974 0.60453 0.68192 0.60345 0.68301 0.60345 0.6841 0.60237 0.68519 0.60237 0.68736 0.59806 0.69172 0.59698 0.69172 0.59375 0.69499 0.59267 0.69499 0.59267 0.69717 0.60453 0.70915 0.60884 0.70915 0.60991 0.71024 0.61746 0.71024 0.61853 0.71133 0.62931 0.71133 0.63039 0.71024 0.64224 0.71024 0.64332 0.70915 0.6444 0.70915 0.64547 0.70806 0.64655 0.70806 0.64871 0.70588 0.64978 0.70588 0.65086 0.70479 0.65194 0.70479 0.65409 0.70261 0.65517 0.70261 0.65625 0.70153 0.65733 0.70153 0.65841 0.70044 0.65948 0.70044 0.65948 0.69717 0.66056 0.69608 0.66056 0.68954 0.66164 0.68845 0.66164 0.68519 0.65625 0.67974 0.65625 0.67865 0.65086 0.6732 0.65086 0.67211 0.64871 0.66993 0.64871 0.66885 0.64655 0.66667 0.64655 0.66558 0.6444 0.6634 0.6444 0.66231 0.64224 0.66013 0.64224 0.65904 0.64116 0.65795 0.64116 0.65686 0.64009 0.65577 0.64009 0.65468 0.63901 0.65359 0.63901 0.65251 0.63793 0.65142 0.63793 0.65033 0.63685 0.64924 0.63685 0.64815 0.63578 0.64706 0.63578 0.64488 0.6347 0.64379 0.6347 0.63943 0.63362 0.63834 0.63362 0.63399 0.63254 0.6329
0 0.53556 0.54575 0.53448 0.54684 0.52694 0.54684 0.52586 0.54793 0.5194 0.54793 0.51185 0.55556 0.51185 0.55664 0.50647 0.56209 0.50647 0.56318 0.50431 0.56536 0.50431 0.56645 0.50216 0.56863 0.50216 0.56972 0.50108 0.57081 0.50108 0.5719 0.49892 0.57407 0.49892 0.57516 0.49784 0.57625 0.49784 0.57734 0.49569 0.57952 0.49569 0.58061 0.49353 0.58279 0.49353 0.58388 0.49246 0.58497 0.49246 0.58606 0.4903 0.58824 0.4903 0.58932 0.48815 0.5915 0.48815 0.59259 0.48707 0.59368 0.48707 0.59477 0.48599 0.59586 0.48599 0.59695 0.48491 0.59804 0.48491 0.59913 0.48384 0.60022 0.48384 0.60131 0.48276 0.6024 0.48276 0.60349 0.48168 0.60458 0.48168 0.60566 0.4806 0.60675 0.4806 0.60784 0.47953 0.60893 0.47953 0.61002 0.47845 0.61111 0.47845 0.6122 0.47953 0.61329 0.48168 0.61329 0.48276 0.61438 0.48384 0.61438 0.48491 0.61547 0.48707 0.61547 0.48815 0.61656 0.4903 0.61656 0.49138 0.61765 0.49246 0.61765 0.49353 0.61874 0.49569 0.61874 0.49677 0.61983 0.49784 0.61983 0.49892 0.62092 0.50108 0.62092 0.50216 0.622 0.50431 0.622 0.50539 0.62309 0.50647 0.62309 0.50754 0.62418 0.51078 0.62418 0.51185 0.62527 0.51832 0.62527 0.5194 0.62636 0.52478 0.62636 0.52586 0.62745 0.53233 0.62745 0.53341 0.62854 0.53879 0.62854 0.53987 0.62963 0.54634 0.62963 0.54741 0.63072 0.5528 0.63072 0.55388 0.63181 0.56034 0.63181 0.56142 0.6329 0.56681 0.6329 0.56789 0.63399 0.57328 0.63399 0.57435 0.63508 0.58082 0.63508 0.5819 0.63617 0.58297 0.63617 0.58405 0.63508 0.58513 0.63508 0.58836 0.63181 0.58944 0.63181 0.59267 0.62854 0.59375 0.62854 0.59591 0.62636 0.59698 0.62636 0.60129 0.622 0.60129 0.61983 0.60237 0.61874 0.60237 0.61656 0.60345 0.61547 0.60345 0.61438 0.60453 0.61329 0.60453 0.61111 0.6056 0.61002 0.6056 0.60784 0.60668 0.60675 0.60668 0.60458 0.60776 0.60349 0.60776 0.6024 0.60884 0.60131 0.60884 0.59913 0.60991 0.59804 0.60991 0.59586 0.61099 0.59477 0.61099 0.59368 0.61207 0.59259 0.61207 0.58497 0.61099 0.58388 0.61099 0.57298 0.60991 0.5719 0.60991 0.56536 0.60776 0.56318 0.60668 0.56318 0.6056 0.56209 0.60453 0.56209 0.60345 0.561 0.60237 0.561 0.60022 0.55882 0.59914 0.55882 0.59806 0.55773 0.59698 0.55773 0.59483 0.55556 0.59375 0.55556 0.59267 0.55447 0.59159 0.55447 0.58944 0.55229 0.58836 0.55229 0.58728 0.5512 0.58082 0.5512 0.57974 0.55011 0.57328 0.55011 0.5722 0.54902 0.56573 0.54902 0.56466 0.54793 0.55819 0.54793 0.55711 0.54684 0.54957 0.54684 0.54849 0.54575
0 0.37069 0.52288 0.37069 0.52723 0.36961 0.52832 0.36961 0.53377 0.36853 0.53486 0.36853 0.54139 0.36746 0.54248 0.36746 0.54575 0.36853 0.54684 0.36853 0.54793 0.36961 0.54902 0.36961 0.55011 0.37069 0.5512 0.37069 0.55338 0.37177 0.55447 0.37177 0.55556 0.37284 0.55664 0.37284 0.55773 0.37392 0.55882 0.37392 0.55991 0.375 0.561 0.375 0.56318 0.37608 0.56427 0.37608 0.56536 0.37716 0.56645 0.37716 0.56754 0.37823 0.56863 0.37823 0.56972 0.37931 0.57081 0.37931 0.57298 0.38039 0.57407 0.38039 0.57516 0.38147 0.57625 0.38147 0.57843 0.38254 0.57952 0.38254 0.58388 0.38362 0.58497 0.38362 0.58932 0.3847 0.59041 0.3847 0.59368 0.38578 0.59477 0.38578 0.59913 0.38685 0.60022 0.38685 0.60458 0.38793 0.60566 0.38793 0.61002 0.38901 0.61111 0.38901 0.6122 0.39116 0.61438 0.39116 0.61547 0.39224 0.61656 0.39224 0.61765 0.3944 0.61983 0.3944 0.62092 0.39655 0.62309 0.39655 0.62418 0.39871 0.62636 0.39871 0.62745 0.40086 0.62963 0.40086 0.63072 0.40302 0.6329 0.40302 0.63399 0.40517 0.63617 0.40517 0.63725 0.40733 0.63943 0.40733 0.64052 0.40948 0.6427 0.40948 0.64379 0.41164 0.64597 0.41164 0.64706 0.41272 0.64815 0.41379 0.64815 0.41379 0.64706 0.41595 0.64488 0.4181 0.64706 0.4181 0.64815 0.42026 0.65033 0.42026 0.65142 0.42241 0.65359 0.42241 0.65468 0.42672 0.65904 0.4278 0.65904 0.42888 0.66013 0.42996 0.66013 0.43211 0.66231 0.43319 0.66231 0.43427 0.6634 0.43534 0.6634 0.4375 0.66558 0.43858 0.66558 0.43966 0.66667 0.44073 0.66667 0.44289 0.66885 0.44397 0.66885 0.44504 0.66993 0.44612 0.66993 0.44828 0.67211 0.44935 0.67211 0.45043 0.6732 0.45151 0.6732 0.45366 0.67538 0.45474 0.67538 0.45582 0.67647 0.4569 0.67647 0.45797 0.67756 0.45905 0.67756 0.46013 0.67865 0.46121 0.67865 0.46228 0.67974 0.46444 0.67974 0.46552 0.68083 0.46767 0.68083 0.46875 0.68192 0.47091 0.68192 0.47198 0.68301 0.47414 0.68301 0.47522 0.6841 0.47737 0.6841 0.47845 0.68519 0.4806 0.68519 0.48168 0.68627 0.48384 0.68627 0.48491 0.68736 0.48707 0.68736 0.48815 0.68845 0.4903 0.68845 0.49138 0.68954 0.49461 0.68954 0.49569 0.69063 0.5 0.69063 0.50108 0.69172 0.50539 0.69172 0.50647 0.69281 0.51078 0.69281 0.51185 0.6939 0.51616 0.6939 0.51724 0.69499 0.52155 0.69499 0.52263 0.69608 0.52802 0.69608 0.52909 0.69717 0.53879 0.69717 0.53987 0.69826 0.56681 0.69826 0.56789 0.69935 0.58728 0.69935 0.58728 0.69826 0.58836 0.69717 0.58836 0.69499 0.58944 0.6939 0.58944 0.69063 0.59052 0.68954 0.59052 0.68736 0.59159 0.68627 0.59159 0.6841 0.59267 0.68301 0.59267 0.68083 0.59375 0.67974 0.59375 0.67647 0.59483 0.67538 0.59483 0.6732 0.59591 0.67211 0.59591 0.66776 0.59483 0.66667 0.59483 0.66122 0.59375 0.66013 0.59375 0.65577 0.59267 0.65468 0.59267 0.65033 0.59159 0.64924 0.59159 0.64488 0.58944 0.64488 0.58836 0.64379 0.58513 0.64379 0.58405 0.6427 0.57974 0.6427 0.57866 0.64161 0.57543 0.64161 0.57435 0.64052 0.57112 0.64052 0.57004 0.63943 0.56573 0.63943 0.56466 0.63834 0.56142 0.63834 0.56034 0.63725 0.55496 0.63725 0.55388 0.63617 0.54741 0.63617 0.54634 0.63508 0.53879 0.63508 0.53772 0.63399 0.53017 0.63399 0.52909 0.6329 0.52694 0.6329 0.52586 0.63181 0.52263 0.63181 0.52155 0.63072 0.5194 0.63072 0.51832 0.62963 0.51616 0.62963 0.51509 0.62854 0.51185 0.62854 0.51078 0.62745 0.50862 0.62745 0.50754 0.62636 0.50539 0.62636 0.50431 0.62527 0.50108 0.62527 0.5 0.62418 0.49784 0.62418 0.49677 0.62309 0.49461 0.62309 0.49353 0.622 0.4903 0.622 0.48922 0.62092 0.48707 0.62092 0.48599 0.61983 0.48276 0.61983 0.4806 0.61765 0.47953 0.61765 0.47845 0.61656 0.47737 0.61656 0.47629 0.61547 0.47522 0.61547 0.47306 0.61329 0.47198 0.61329 0.47091 0.6122 0.46983 0.6122 0.46767 0.61002 0.46659 0.61002 0.46552 0.60893 0.46444 0.60893 0.46336 0.60784 0.46228 0.60784 0.46013 0.60566 0.45905 0.60566 0.45797 0.60458 0.4569 0.60458 0.45474 0.6024 0.45366 0.6024 0.45259 0.60131 0.45151 0.60131 0.45043 0.60022 0.44935 0.60022 0.4472 0.59804 0.44612 0.59804 0.44504 0.59695 0.44397 0.59695 0.44289 0.59586 0.44181 0.59586 0.44073 0.59477 0.43966 0.59586 0.43966 0.59695 0.43858 0.59804 0.4375 0.59804 0.43642 0.59695 0.43642 0.59586 0.43534 0.59477 0.43534 0.59368 0.43427 0.59259 0.43427 0.5915 0.43211 0.58932 0.43211 0.58824 0.43103 0.58715 0.43103 0.58497 0.42996 0.58388 0.42996 0.58279 0.42888 0.5817 0.42888 0.57952 0.4278 0.57843 0.4278 0.57734 0.42672 0.57625 0.42672 0.57407 0.42565 0.57298 0.42565 0.57081 0.42457 0.56972 0.42457 0.56863 0.42349 0.56754 0.42349 0.56536 0.42241 0.56427 0.42241 0.56209 0.42134 0.561 0.42134 0.55991 0.42026 0.55882 0.42026 0.55664 0.41918 0.55556 0.41918 0.55447 0.4181 0.55338 0.4181 0.5512 0.41595 0.54902 0.41595 0.54793 0.41487 0.54684 0.41487 0.54575 0.41272 0.54357 0.41272 0.54248 0.41056 0.54031 0.41056 0.53922 0.40948 0.53813 0.40948 0.53704 0.40733 0.53486 0.40733 0.53377 0.40517 0.53159 0.40517 0.5305 0.40409 0.52941 0.40409 0.52832 0.40302 0.52723 0.39547 0.52723 0.3944 0.52832 0.39116 0.52832 0.39009 0.52723 0.38793 0.52723 0.38685 0.52614 0.38362 0.52614 0.38254 0.52505 0.38039 0.52505 0.37931 0.52397 0.37608 0.52397 0.375 0.52288
0 0.17565 0.50109 0.17457 0.50218 0.17026 0.50218 0.16918 0.50327 0.16595 0.50327 0.16487 0.50436 0.16164 0.50436 0.16056 0.50545 0.15733 0.50545 0.15625 0.50654 0.15194 0.50654 0.15086 0.50763 0.14763 0.50763 0.14655 0.50871 0.10991 0.50871 0.10884 0.5098 0.10776 0.5098 0.10668 0.51089 0.10668 0.51198 0.1056 0.51307 0.1056 0.51416 0.10453 0.51525 0.10453 0.51743 0.10345 0.51852 0.10345 0.51961 0.10237 0.5207 0.10237 0.52179 0.10129 0.52288 0.10129 0.52397 0.10022 0.52505 0.10022 0.52723 0.09914 0.52832 0.09914 0.52941 0.09806 0.5305 0.09806 0.53159 0.09698 0.53268 0.09698 0.53377 0.09591 0.53486 0.09591 0.53595 0.09483 0.53704 0.09483 0.54357 0.09591 0.54466 0.09591 0.57081 0.10345 0.57843 0.10345 0.57952 0.11315 0.58932 0.1153 0.58932 0.11638 0.59041 0.11853 0.59041 0.11961 0.5915 0.12177 0.5915 0.12284 0.59259 0.125 0.59259 0.12608 0.59368 0.12823 0.59368 0.12931 0.59477 0.13147 0.59477 0.13254 0.59586 0.13362 0.59586 0.1347 0.59695 0.13685 0.59695 0.13793 0.59804 0.14009 0.59804 0.14116 0.59695 0.14332 0.59695 0.1444 0.59586 0.14547 0.59586 0.14655 0.59477 0.14871 0.59477 0.14978 0.59368 0.15086 0.59368 0.15194 0.59259 0.15302 0.59259 0.15409 0.5915 0.15625 0.5915 0.15733 0.59041 0.15841 0.59041 0.15948 0.58932 0.16056 0.58932 0.16164 0.58824 0.16272 0.58824 0.16379 0.58715 0.16487 0.58715 0.16595 0.58606 0.16703 0.58606 0.16918 0.58388 0.17026 0.58388 0.17241 0.5817 0.17349 0.5817 0.17565 0.57952 0.17672 0.57952 0.17888 0.57734 0.17996 0.57734 0.18211 0.57516 0.18319 0.57516 0.18534 0.57298 0.18642 0.57298 0.18966 0.56972 0.19073 0.56972 0.19289 0.56754 0.19397 0.56754 0.19504 0.56645 0.19612 0.56645 0.19828 0.56427 0.19935 0.56427 0.20151 0.56209 0.20259 0.56209 0.20474 0.55991 0.20582 0.55991 0.20797 0.55773 0.20905 0.55773 0.21121 0.55556 0.21228 0.55556 0.21336 0.55447 0.21444 0.55447 0.21659 0.55229 0.21767 0.55229 0.21983 0.55011 0.22091 0.55011 0.22306 0.54793 0.22414 0.54793 0.22629 0.54575 0.24138 0.54575 0.24246 0.54466 0.25647 0.54466 0.25754 0.54575 0.26078 0.54575 0.26185 0.54684 0.26509 0.54684 0.26616 0.54793 0.27047 0.54793 0.27155 0.54902 0.27478 0.54902 0.27586 0.55011 0.28017 0.55011 0.28125 0.5512 0.28664 0.5512 0.28772 0.55011 0.28772 0.54902 0.29095 0.54575 0.29095 0.54466 0.29526 0.54031 0.29634 0.54031 0.29849 0.53813 0.29957 0.53813 0.30065 0.53704 0.30172 0.53704 0.30388 0.53486 0.30496 0.53486 0.30603 0.53377 0.30711 0.53377 0.30819 0.53268 0.31034 0.53268 0.31358 0.53595 0.31466 0.53595 0.31789 0.53922 0.31897 0.53922 0.32328 0.54357 0.32435 0.54357 0.32651 0.54575 0.32759 0.54575 0.32974 0.54793 0.33082 0.54793 0.3319 0.54902 0.33297 0.54902 0.33513 0.5512 0.33621 0.5512 0.33728 0.55229 0.33836 0.55229 0.33944 0.55338 0.34052 0.55338 0.34159 0.55447 0.34267 0.55447 0.34375 0.55556 0.34483 0.55556 0.34591 0.55664 0.34698 0.55664 0.35022 0.55338 0.35129 0.55338 0.35776 0.54684 0.35884 0.54684 0.36099 0.54466 0.36099 0.54031 0.36207 0.53922 0.36207 0.53595 0.36315 0.53486 0.36315 0.5305 0.36422 0.52941 0.36422 0.52614 0.3653 0.52505 0.3653 0.5207 0.36638 0.51961 0.36638 0.51743 0.3653 0.51743 0.36422 0.51852 0.36207 0.51852 0.36099 0.51961 0.35884 0.51961 0.35776 0.5207 0.3556 0.5207 0.35453 0.52179 0.35237 0.52179 0.35129 0.52288 0.34914 0.52288 0.34806 0.52397 0.34591 0.52397 0.34483 0.52505 0.34159 0.52505 0.34052 0.52397 0.33944 0.52397 0.33513 0.51961 0.33405 0.51961 0.32866 0.51416 0.32759 0.51416 0.32328 0.5098 0.31466 0.5098 0.31358 0.50871 0.30496 0.50871 0.30388 0.5098 0.3028 0.5098 0.29526 0.51743 0.29418 0.51743 0.2931 0.51852 0.29095 0.51852 0.28987 0.51961 0.28879 0.51961 0.28772 0.5207 0.28664 0.5207 0.28556 0.52179 0.28341 0.52179 0.28233 0.52288 0.28125 0.52288 0.28017 0.52397 0.27802 0.52397 0.27694 0.52505 0.27586 0.52505 0.27478 0.52614 0.27371 0.52505 0.27047 0.52505 0.2694 0.52397 0.26616 0.52397 0.26509 0.52288 0.26185 0.52288 0.26078 0.52179 0.25647 0.52179 0.25539 0.5207 0.25431 0.5207 0.25323 0.52179 0.24784 0.52179 0.24677 0.52288 0.24138 0.52288 0.2403 0.52397 0.23599 0.52397 0.23491 0.52505 0.22953 0.52505 0.22845 0.52614 0.22414 0.52614 0.22306 0.52723 0.21767 0.52723 0.21659 0.52614 0.20474 0.52614 0.20366 0.52505 0.19073 0.52505 0.18858 0.52288 0.18858 0.52179 0.1875 0.5207 0.1875 0.51961 0.18642 0.51852 0.18642 0.51743 0.18534 0.51634 0.18534 0.51525 0.18427 0.51416 0.18427 0.51307 0.18211 0.51089 0.18211 0.5098 0.18103 0.50871 0.18103 0.50763 0.17996 0.50654 0.17996 0.50545 0.17888 0.50436 0.17888 0.50327 0.17672 0.50109
0 0.69504 0.47821 0.69397 0.4793 0.69397 0.48148 0.69289 0.48257 0.69289 0.48475 0.69181 0.48584 0.69181 0.48911 0.69073 0.4902 0.69073 0.49237 0.68966 0.49346 0.68966 0.49564 0.68858 0.49673 0.68858 0.49891 0.6875 0.5 0.6875 0.50218 0.68642 0.50327 0.68642 0.50545 0.68534 0.50654 0.68534 0.50871 0.68427 0.5098 0.68427 0.51634 0.68319 0.51743 0.68319 0.52614 0.68211 0.52723 0.68211 0.53486 0.68103 0.53595 0.68103 0.53813 0.67996 0.53922 0.67996 0.54248 0.67888 0.54357 0.67888 0.54684 0.6778 0.54793 0.6778 0.55011 0.67672 0.5512 0.67672 0.55447 0.67565 0.55556 0.67565 0.55773 0.67457 0.55882 0.67457 0.56209 0.67349 0.56318 0.67026 0.56318 0.66918 0.56427 0.66703 0.56427 0.66595 0.56536 0.66272 0.56536 0.66164 0.56645 0.65841 0.56645 0.65733 0.56754 0.65517 0.56754 0.65409 0.56863 0.65086 0.56863 0.64978 0.56972 0.64655 0.56972 0.64547 0.57081 0.64332 0.57081 0.64224 0.5719 0.63901 0.5719 0.63793 0.57298 0.63578 0.57298 0.6347 0.57407 0.63147 0.57407 0.63039 0.57516 0.62823 0.57516 0.62716 0.57625 0.62392 0.57625 0.62284 0.57734 0.62177 0.57734 0.62177 0.57843 0.62069 0.57952 0.62069 0.58497 0.61961 0.58606 0.61961 0.59041 0.61853 0.5915 0.61853 0.59695 0.61746 0.59804 0.61746 0.60131 0.61638 0.6024 0.61638 0.60458 0.6153 0.60566 0.6153 0.60784 0.61422 0.60893 0.61422 0.61111 0.61315 0.6122 0.61315 0.61547 0.61207 0.61656 0.61207 0.61765 0.6153 0.61765 0.61638 0.61874 0.62392 0.61874 0.625 0.61983 0.62608 0.61983 0.62716 0.61874 0.63039 0.61874 0.63147 0.61765 0.63362 0.61765 0.63793 0.61329 0.63901 0.61329 0.64978 0.6024 0.64978 0.59913 0.65086 0.59804 0.65086 0.59259 0.65194 0.5915 0.65194 0.58606 0.65302 0.58497 0.65302 0.58279 0.65409 0.5817 0.65517 0.5817 0.65625 0.58061 0.66056 0.58061 0.66164 0.57952 0.66487 0.57952 0.66595 0.57843 0.67026 0.57843 0.67134 0.57734 0.67457 0.57734 0.67565 0.57625 0.67996 0.57625 0.68211 0.57407 0.68211 0.57298 0.68319 0.5719 0.68319 0.57081 0.68427 0.56972 0.68427 0.56863 0.68534 0.56754 0.68534 0.56645 0.68642 0.56536 0.68642 0.56427 0.6875 0.56318 0.6875 0.56209 0.68858 0.561 0.68858 0.55991 0.68966 0.55882 0.68966 0.55773 0.69073 0.55664 0.69073 0.55556 0.69181 0.55447 0.69181 0.54902 0.69289 0.54793 0.69289 0.54248 0.69397 0.54139 0.69397 0.53595 0.69504 0.53486 0.69504 0.52941 0.69612 0.52832 0.69612 0.52288 0.6972 0.52179 0.6972 0.51525 0.69828 0.51416 0.69828 0.51089 0.69935 0.5098 0.69935 0.50654 0.70043 0.50545 0.70043 0.50218 0.70151 0.50109 0.70151 0.49673 0.70259 0.49564 0.70259 0.49237 0.70366 0.49129 0.70366 0.48584 0.69935 0.48148 0.69828 0.48148
0 0.5819 0.47712 0.5819 0.4793 0.58082 0.48039 0.58082 0.48366 0.57974 0.48475 0.57974 0.48693 0.57866 0.48802 0.57866 0.4902 0.57759 0.49129 0.57759 0.49455 0.57651 0.49564 0.57651 0.49782 0.57543 0.49891 0.57543 0.50109 0.57435 0.50218 0.57435 0.50545 0.57328 0.50654 0.57435 0.50763 0.57543 0.50763 0.57759 0.5098 0.57866 0.5098 0.58082 0.51198 0.5819 0.51198 0.58297 0.51307 0.58405 0.51307 0.58513 0.51416 0.58621 0.51307 0.58728 0.51307 0.59267 0.50763 0.59375 0.50763 0.59806 0.50327 0.60129 0.50327 0.60237 0.50218 0.60453 0.50218 0.60453 0.49673 0.60345 0.49564 0.60345 0.49129 0.60237 0.4902 0.60237 0.48584 0.60129 0.48475 0.60129 0.48257 0.60022 0.48257 0.59914 0.48148 0.59698 0.48148 0.59591 0.48039 0.59267 0.48039 0.59159 0.4793 0.58944 0.4793 0.58836 0.47821 0.58621 0.47821 0.58513 0.47712
0 0.44181 0.44771 0.44181 0.4488 0.44073 0.44989 0.44073 0.45098 0.43858 0.45316 0.43858 0.45425 0.4375 0.45534 0.4375 0.45643 0.43642 0.45752 0.43642 0.45861 0.43534 0.45969 0.43534 0.46078 0.43427 0.46187 0.43427 0.46296 0.43319 0.46405 0.43319 0.46514 0.43103 0.46732 0.43103 0.46841 0.42996 0.4695 0.42996 0.47495 0.42888 0.47603 0.42888 0.48148 0.4278 0.48257 0.4278 0.48911 0.42672 0.4902 0.42672 0.49673 0.42565 0.49782 0.42565 0.51416 0.42457 0.51525 0.42457 0.52941 0.42565 0.5305 0.42565 0.53159 0.42672 0.53268 0.42672 0.53377 0.4278 0.53486 0.4278 0.53595 0.42888 0.53704 0.42888 0.53813 0.42996 0.53922 0.42996 0.54031 0.43103 0.54139 0.43103 0.54248 0.43211 0.54357 0.43211 0.54466 0.43319 0.54575 0.43319 0.54793 0.43427 0.54902 0.43427 0.55011 0.43534 0.5512 0.43534 0.55229 0.43642 0.55338 0.43642 0.55447 0.43966 0.55773 0.43966 0.55882 0.44397 0.56318 0.44397 0.56427 0.44828 0.56863 0.44828 0.56972 0.45259 0.57407 0.45259 0.57516 0.45797 0.58061 0.45797 0.5817 0.46552 0.5817 0.46659 0.58061 0.47091 0.58061 0.47091 0.57734 0.47198 0.57625 0.47198 0.56645 0.47306 0.56536 0.47306 0.55882 0.47198 0.55773 0.47198 0.55556 0.47091 0.55447 0.47091 0.55229 0.46983 0.5512 0.46983 0.55011 0.46875 0.54902 0.46875 0.54684 0.46767 0.54575 0.46767 0.54357 0.46659 0.54248 0.46659 0.54139 0.46552 0.54031 0.46552 0.53813 0.46444 0.53704 0.46444 0.53486 0.46336 0.53377 0.46336 0.53159 0.46228 0.5305 0.46228 0.52941 0.46121 0.52832 0.46121 0.52505 0.46013 0.52397 0.46013 0.51961 0.45905 0.51852 0.45905 0.51525 0.45797 0.51416 0.45797 0.5098 0.4569 0.50871 0.4569 0.50545 0.45582 0.50436 0.45582 0.5 0.45474 0.49891 0.45474 0.46514 0.45259 0.46296 0.45259 0.46187 0.45043 0.45969 0.45043 0.45861 0.44828 0.45643 0.44828 0.45534 0.44612 0.45316 0.44612 0.45207 0.44397 0.44989 0.44397 0.4488 0.44289 0.44771
0 0.48922 0.41285 0.47953 0.42266 0.47953 0.43246 0.4806 0.43355 0.4806 0.44227 0.48384 0.44227 0.48491 0.44336 0.48815 0.44336 0.48922 0.44444 0.49246 0.44444 0.49353 0.44553 0.49892 0.44553 0.5 0.44444 0.50108 0.44444 0.50216 0.44336 0.50431 0.44336 0.50539 0.44227 0.50647 0.44227 0.50754 0.44118 0.5097 0.44118 0.5097 0.44009 0.50754 0.43791 0.50754 0.43682 0.50539 0.43464 0.50539 0.43355 0.50323 0.43137 0.50323 0.43028 0.50108 0.4281 0.50108 0.42702 0.49784 0.42375 0.49784 0.42266 0.49569 0.42048 0.49569 0.41939 0.49353 0.41721 0.49353 0.41612 0.49138 0.41394 0.49138 0.41285
0 0.61961 0.40305 0.61853 0.40414 0.61746 0.40414 0.61638 0.40523 0.61422 0.40523 0.61315 0.40632 0.61207 0.40632 0.61099 0.40741 0.60991 0.40741 0.60884 0.4085 0.60776 0.4085 0.60776 0.41176 0.60884 0.41285 0.60884 0.41612 0.60991 0.41721 0.60991 0.42048 0.61099 0.42157 0.61099 0.42375 0.61853 0.42375 0.62069 0.42157 0.62177 0.42157 0.62392 0.41939 0.625 0.41939 0.62716 0.41721 0.62823 0.41721 0.62823 0.41503 0.62716 0.41394 0.62716 0.41285 0.62608 0.41176 0.62608 0.41068 0.62392 0.4085 0.62392 0.40741 0.62284 0.40632 0.62284 0.40523 0.62177 0.40414 0.62177 0.40305
0 0.38793 0.37255 0.38685 0.37364 0.38578 0.37364 0.38254 0.37691 0.38147 0.37691 0.37823 0.38017 0.37716 0.38017 0.37284 0.38453 0.37177 0.38453 0.36853 0.3878 0.36746 0.3878 0.36315 0.39216 0.36207 0.39216 0.35884 0.39542 0.35776 0.39542 0.35345 0.39978 0.35237 0.39978 0.34806 0.40414 0.34698 0.40414 0.34698 0.40632 0.34591 0.40741 0.34591 0.40959 0.34483 0.41068 0.34483 0.41176 0.34375 0.41285 0.34375 0.41503 0.34267 0.41612 0.34267 0.4183 0.34159 0.41939 0.34159 0.42157 0.34052 0.42266 0.34052 0.42484 0.33944 0.42593 0.33944 0.43137 0.34052 0.43246 0.34052 0.43682 0.34159 0.43791 0.34159 0.44227 0.34267 0.44336 0.34267 0.44771 0.34375 0.4488 0.34375 0.45316 0.34483 0.45425 0.34483 0.45861 0.34591 0.45969 0.34591 0.46405 0.34698 0.46514 0.34698 0.4695 0.34806 0.47059 0.34806 0.47386 0.34914 0.47495 0.34914 0.4793 0.35776 0.48802 0.35776 0.48911 0.38039 0.51198 0.38039 0.51307 0.38793 0.5207 0.38793 0.52179 0.38901 0.52288 0.39009 0.52179 0.39116 0.52179 0.39655 0.51634 0.39763 0.51634 0.40409 0.5098 0.40409 0.50763 0.40517 0.50654 0.40517 0.50436 0.40625 0.50327 0.40625 0.50109 0.40733 0.5 0.40733 0.49782 0.40841 0.49673 0.40841 0.49455 0.40948 0.49346 0.40948 0.49129 0.41056 0.4902 0.41056 0.48802 0.41164 0.48693 0.41164 0.48475 0.41272 0.48366 0.41272 0.48039 0.41379 0.4793 0.41379 0.47712 0.41487 0.47603 0.41487 0.47277 0.41595 0.47168 0.41595 0.46405 0.41703 0.46296 0.41703 0.45643 0.4181 0.45534 0.4181 0.44771 0.41918 0.44662 0.41918 0.44009 0.42026 0.439 0.42026 0.43682 0.42134 0.43573 0.42134 0.43464 0.42241 0.43355 0.42241 0.43246 0.42349 0.43137 0.42349 0.43028 0.42457 0.42919 0.42457 0.4281 0.42565 0.42702 0.42565 0.42593 0.42672 0.42484 0.42672 0.42375 0.4278 0.42266 0.4278 0.42157 0.42996 0.41939 0.42996 0.4183 0.43103 0.41721 0.43103 0.41612 0.43211 0.41503 0.43211 0.41394 0.43319 0.41285 0.43319 0.41176 0.43427 0.41068 0.43427 0.40959 0.43534 0.4085 0.43534 0.40741 0.43642 0.40632 0.43642 0.40414 0.4375 0.40305 0.43642 0.40196 0.43534 0.40196 0.43319 0.39978 0.43211 0.39978 0.43103 0.39869 0.42996 0.39869 0.4278 0.39651 0.42672 0.39651 0.42457 0.39434 0.42349 0.39434 0.42241 0.39325 0.42134 0.39325 0.41918 0.39107 0.4181 0.39107 0.41595 0.38889 0.41487 0.38889 0.41379 0.3878 0.41272 0.3878 0.41056 0.38562 0.40948 0.38562 0.40841 0.38453 0.40733 0.38453 0.40517 0.38235 0.40409 0.38235 0.40194 0.38017 0.40086 0.38017 0.39978 0.37908 0.39871 0.37908 0.39655 0.37691 0.39547 0.37691 0.39332 0.37473 0.39224 0.37473 0.39116 0.37364 0.39009 0.37364 0.38901 0.37255
0 0.54418 0.3671 0.5431 0.36819 0.54203 0.36819 0.54095 0.36928 0.53879 0.36928 0.53772 0.37037 0.53664 0.37037 0.53556 0.37146 0.53448 0.37146 0.53341 0.37255 0.53125 0.37255 0.53017 0.37364 0.52909 0.37364 0.52802 0.37473 0.52694 0.37473 0.52694 0.3878 0.52802 0.38889 0.52909 0.38889 0.53017 0.38998 0.53125 0.38998 0.53233 0.39107 0.53341 0.39107 0.53448 0.39216 0.53556 0.39216 0.53664 0.39325 0.53772 0.39325 0.53879 0.39434 0.53987 0.39434 0.54095 0.39542 0.54203 0.39542 0.5431 0.39651 0.54418 0.39651 0.54418 0.39542 0.54634 0.39325 0.54634 0.39216 0.54849 0.38998 0.54849 0.38889 0.55065 0.38671 0.55065 0.38562 0.55388 0.38235 0.55388 0.38017 0.55065 0.37691 0.55065 0.37582 0.54849 0.37364 0.54849 0.37255 0.54634 0.37037 0.54634 0.36928
0 0.17672 0.24837 0.17565 0.24946 0.17457 0.24946 0.16595 0.25817 0.16487 0.25817 0.15517 0.26797 0.15409 0.26797 0.15086 0.27124 0.15086 0.27233 0.14978 0.27342 0.14978 0.27451 0.14763 0.27669 0.14763 0.27778 0.14655 0.27887 0.14655 0.27996 0.14547 0.28105 0.14547 0.28214 0.1444 0.28322 0.1444 0.28431 0.14332 0.2854 0.14332 0.28649 0.14224 0.28758 0.14224 0.28867 0.14116 0.28976 0.14116 0.29085 0.14009 0.29194 0.14009 0.29303 0.13793 0.29521 0.13793 0.2963 0.13685 0.29739 0.13685 0.29847 0.13578 0.29956 0.13578 0.30065 0.1347 0.30174 0.1347 0.30283 0.13362 0.30392 0.13362 0.30501 0.13254 0.3061 0.13254 0.30719 0.13147 0.30828 0.13147 0.30937 0.13039 0.31046 0.13039 0.31155 0.12931 0.31264 0.12931 0.31373 0.12823 0.31481 0.12823 0.31699 0.12716 0.31808 0.12716 0.31917 0.12608 0.32026 0.12608 0.32135 0.125 0.32244 0.125 0.32353 0.12392 0.32462 0.12392 0.3268 0.12284 0.32789 0.12284 0.32898 0.12177 0.33007 0.12177 0.33115 0.12069 0.33224 0.12069 0.33333 0.11961 0.33442 0.11961 0.3366 0.11853 0.33769 0.11853 0.33878 0.11746 0.33987 0.11746 0.34096 0.11638 0.34205 0.11638 0.34314 0.1153 0.34423 0.1153 0.34641 0.11422 0.34749 0.11422 0.34858 0.11315 0.34967 0.11315 0.35076 0.11207 0.35185 0.11207 0.35294 0.11099 0.35403 0.11099 0.35621 0.10991 0.3573 0.10991 0.35839 0.10884 0.35948 0.10884 0.36166 0.10776 0.36275 0.10776 0.36383 0.10668 0.36492 0.10668 0.3671 0.1056 0.36819 0.1056 0.36928 0.10453 0.37037 0.10453 0.37146 0.10345 0.37255 0.10345 0.37473 0.10237 0.37582 0.10237 0.378 0.10129 0.37908 0.10129 0.38344 0.10022 0.38453 0.10022 0.38998 0.09914 0.39107 0.09914 0.39651 0.09806 0.3976 0.09806 0.40196 0.09698 0.40305 0.09698 0.4085 0.09591 0.40959 0.09591 0.41503 0.09483 0.41612 0.09483 0.42157 0.09375 0.42266 0.09375 0.42702 0.09267 0.4281 0.09267 0.43355 0.09375 0.43464 0.09483 0.43464 0.09806 0.43791 0.09914 0.43791 0.10237 0.44118 0.10345 0.44118 0.10668 0.44444 0.10776 0.44444 0.11207 0.4488 0.11315 0.4488 0.11638 0.45207 0.11746 0.45207 0.12069 0.45534 0.12177 0.45534 0.125 0.45861 0.12608 0.45861 0.12823 0.46078 0.12931 0.46078 0.13039 0.46187 0.13254 0.46187 0.13362 0.46296 0.1347 0.46296 0.13578 0.46405 0.13685 0.46405 0.13793 0.46514 0.14009 0.46514 0.14116 0.46623 0.14224 0.46623 0.14332 0.46732 0.1444 0.46732 0.14547 0.46841 0.14763 0.46841 0.14871 0.4695 0.14978 0.4695 0.15086 0.47059 0.15194 0.47059 0.15302 0.47168 0.15517 0.47168 0.15625 0.47277 0.15733 0.47277 0.15841 0.47386 0.15948 0.47386 0.16056 0.47495 0.16272 0.47495 0.16379 0.47603 0.16487 0.47603 0.16595 0.47712 0.16703 0.47712 0.1681 0.47821 0.17026 0.47821 0.17134 0.4793 0.17241 0.4793 0.17349 0.48039 0.17457 0.48039 0.17565 0.48148 0.17672 0.48148 0.1778 0.48257 0.17996 0.48257 0.18103 0.48366 0.1875 0.48366 0.18858 0.48475 0.19828 0.48475 0.19935 0.48584 0.20797 0.48584 0.20905 0.48693 0.21767 0.48693 0.21875 0.48802 0.22629 0.48802 0.22737 0.48693 0.22845 0.48693 0.23276 0.48257 0.23384 0.48257 0.23599 0.48039 0.23707 0.48039 0.2403 0.47712 0.24138 0.47712 0.24461 0.47386 0.24569 0.47386 0.24892 0.47059 0.25 0.47059 0.25323 0.46732 0.2597 0.46732 0.26078 0.46841 0.26832 0.46841 0.2694 0.4695 0.27802 0.4695 0.27909 0.47059 0.28341 0.47059 0.28448 0.4695 0.28448 0.46841 0.28556 0.46732 0.28556 0.46623 0.28772 0.46405 0.28772 0.46296 0.28987 0.46078 0.28987 0.45969 0.29203 0.45752 0.29203 0.45643 0.29418 0.45425 0.29418 0.45316 0.29634 0.45098 0.29634 0.44989 0.29849 0.44771 0.29849 0.44662 0.30065 0.44444 0.30065 0.44336 0.30172 0.44227 0.30172 0.44118 0.30496 0.43791 0.30496 0.43682 0.30711 0.43464 0.30711 0.43355 0.30927 0.43137 0.30927 0.43028 0.31142 0.4281 0.31142 0.42702 0.31358 0.42484 0.31358 0.42375 0.31681 0.42048 0.31681 0.41939 0.31897 0.41721 0.31897 0.41612 0.32112 0.41394 0.32112 0.41285 0.32328 0.41068 0.32328 0.40959 0.32543 0.40741 0.32543 0.40632 0.32651 0.40523 0.32651 0.40414 0.32543 0.40305 0.32543 0.39869 0.32435 0.3976 0.32435 0.39325 0.32328 0.39216 0.32328 0.3878 0.3222 0.38671 0.3222 0.38235 0.32112 0.38126 0.32112 0.37691 0.32004 0.37582 0.32004 0.37037 0.31897 0.36928 0.31897 0.36492 0.31789 0.36383 0.31789 0.35948 0.31681 0.35839 0.31681 0.34423 0.31573 0.34314 0.31573 0.33224 0.31466 0.33115 0.31358 0.33115 0.3125 0.33007 0.31142 0.33007 0.31034 0.32898 0.30927 0.32898 0.30819 0.32789 0.30711 0.32789 0.30603 0.3268 0.30496 0.3268 0.30388 0.32571 0.3028 0.32571 0.30172 0.32462 0.30065 0.32462 0.29957 0.32353 0.29849 0.32353 0.29741 0.32244 0.29634 0.32244 0.29526 0.32135 0.29418 0.32135 0.2931 0.32026 0.29203 0.32026 0.29095 0.31917 0.28987 0.31917 0.28879 0.31808 0.28772 0.31808 0.28664 0.31699 0.28556 0.31699 0.28448 0.3159 0.28341 0.3159 0.28233 0.31481 0.28125 0.31481 0.28017 0.31373 0.27909 0.31373 0.27047 0.30501 0.27047 0.30392 0.25323 0.28649 0.25216 0.28649 0.25 0.28431 0.24892 0.28431 0.24784 0.28322 0.24677 0.28322 0.24461 0.28105 0.24353 0.28105 0.24246 0.27996 0.24138 0.27996 0.2403 0.27887 0.23922 0.27887 0.23707 0.27669 0.23599 0.27669 0.23491 0.2756 0.23384 0.2756 0.23168 0.27342 0.2306 0.27342 0.22953 0.27233 0.22845 0.27233 0.22629 0.27015 0.22522 0.27015 0.22414 0.26906 0.22306 0.26906 0.22091 0.26688 0.21983 0.26688 0.21875 0.2658 0.21767 0.2658 0.21659 0.26471 0.21552 0.26471 0.21336 0.26253 0.21228 0.26253 0.21121 0.26144 0.21013 0.26144 0.20797 0.25926 0.2069 0.25926 0.20582 0.25817 0.20474 0.25817 0.20259 0.25599 0.19935 0.25599 0.19828 0.2549 0.19612 0.2549 0.19504 0.25381 0.19289 0.25381 0.19181 0.25272 0.18966 0.25272 0.18858 0.25163 0.18642 0.25163 0.18534 0.25054 0.18211 0.25054 0.18103 0.24946 0.17888 0.24946 0.1778 0.24837
0 0.23815 0.20479 0.23707 0.20588 0.23491 0.20588 0.23384 0.20697 0.23276 0.20697 0.23168 0.20806 0.22953 0.20806 0.22845 0.20915 0.22737 0.20915 0.22629 0.21024 0.22414 0.21024 0.22306 0.21133 0.22198 0.21133 0.22091 0.21242 0.21875 0.21242 0.21767 0.21351 0.21659 0.21351 0.21659 0.2146 0.21767 0.21569 0.21767 0.21678 0.22306 0.22222 0.22306 0.22331 0.22737 0.22767 0.22737 0.22876 0.23168 0.23312 0.23168 0.2342 0.23599 0.23856 0.23599 0.23965 0.24138 0.2451 0.24138 0.24619 0.24677 0.25163 0.24784 0.25163 0.24892 0.25272 0.25108 0.25272 0.25216 0.25381 0.25323 0.25381 0.25431 0.2549 0.25539 0.2549 0.25647 0.25599 0.25862 0.25599 0.2597 0.25708 0.26078 0.25708 0.26185 0.25817 0.26293 0.25817 0.26401 0.25926 0.26616 0.25926 0.26724 0.26035 0.26832 0.26035 0.2694 0.26144 0.27047 0.26144 0.27155 0.26253 0.27263 0.26253 0.27371 0.26362 0.27586 0.26362 0.27694 0.26471 0.27802 0.26471 0.27909 0.2658 0.28017 0.2658 0.28125 0.26688 0.28341 0.26688 0.28448 0.26797 0.28556 0.26797 0.28664 0.26906 0.28772 0.26906 0.29095 0.27233 0.29203 0.27233 0.30065 0.28105 0.30172 0.28105 0.31034 0.28976 0.31142 0.28976 0.32004 0.29847 0.32112 0.29847 0.3222 0.29956 0.3222 0.30174 0.32328 0.30283 0.32328 0.30392 0.32435 0.30501 0.32435 0.3061 0.32543 0.30719 0.32543 0.30828 0.32651 0.30937 0.32651 0.31046 0.32759 0.31155 0.32759 0.31373 0.32866 0.31481 0.32866 0.3159 0.32974 0.31699 0.32974 0.31808 0.33082 0.31917 0.33082 0.32026 0.3319 0.32135 0.3319 0.32244 0.33297 0.32353 0.33297 0.32462 0.33405 0.32571 0.33405 0.32789 0.33513 0.32789 0.33836 0.33115 0.33944 0.33115 0.34267 0.33442 0.34375 0.33442 0.34806 0.33878 0.34914 0.33878 0.35237 0.34205 0.35345 0.34205 0.35668 0.34532 0.35776 0.34532 0.36207 0.34967 0.36315 0.34967 0.36422 0.35076 0.36853 0.35076 0.36961 0.35185 0.38685 0.35185 0.38793 0.35294 0.40409 0.35294 0.40517 0.35403 0.40517 0.35512 0.41595 0.36601 0.41595 0.3671 0.42241 0.37364 0.42241 0.37473 0.42888 0.38126 0.43427 0.38126 0.43534 0.38017 0.44073 0.38017 0.44181 0.37908 0.44289 0.37908 0.44397 0.38017 0.43966 0.38453 0.43966 0.38562 0.43427 0.39107 0.43427 0.39216 0.43319 0.39325 0.43319 0.39434 0.43427 0.39434 0.43642 0.39651 0.4375 0.39651 0.43858 0.3976 0.43966 0.3976 0.44073 0.39869 0.44181 0.39869 0.44289 0.39978 0.44504 0.39978 0.44612 0.39869 0.4472 0.39869 0.44828 0.3976 0.44935 0.3976 0.45043 0.39651 0.45151 0.39651 0.45259 0.39542 0.45474 0.39542 0.45582 0.39434 0.4569 0.39434 0.45797 0.39325 0.45905 0.39325 0.46013 0.39216 0.46121 0.39216 0.46336 0.38998 0.46444 0.38998 0.46767 0.38671 0.46875 0.38671 0.47091 0.38453 0.47198 0.38453 0.47522 0.38126 0.47629 0.38126 0.47845 0.37908 0.47953 0.37908 0.48168 0.37691 0.48276 0.37691 0.48599 0.37364 0.48707 0.37364 0.48922 0.37146 0.4903 0.37146 0.49138 0.37255 0.4903 0.37364 0.4903 0.37473 0.48922 0.37582 0.48922 0.37691 0.48707 0.37908 0.48707 0.38017 0.48599 0.38126 0.48599 0.38235 0.48384 0.38453 0.48384 0.38562 0.48276 0.38671 0.48276 0.3878 0.48384 0.38889 0.48384 0.38998 0.48491 0.39107 0.48491 0.39216 0.48599 0.39325 0.48599 0.39434 0.48707 0.39542 0.48707 0.39651 0.48815 0.3976 0.48815 0.39869 0.48922 0.39978 0.48922 0.40087 0.4903 0.40196 0.4903 0.40305 0.49138 0.40414 0.49138 0.40523 0.50647 0.40523 0.5097 0.40196 0.5097 0.40087 0.51509 0.39542 0.51509 0.39434 0.5194 0.38998 0.5194 0.38889 0.52047 0.3878 0.52047 0.38126 0.5194 0.38017 0.5194 0.36819 0.51832 0.3671 0.51832 0.36383 0.51616 0.36383 0.51509 0.36492 0.50216 0.36492 0.50108 0.36383 0.50323 0.36166 0.50647 0.36166 0.50754 0.36057 0.5097 0.36057 0.51078 0.35948 0.51401 0.35948 0.51509 0.35839 0.51724 0.35839 0.51832 0.3573 0.52047 0.3573 0.52155 0.35621 0.52478 0.35621 0.52586 0.35512 0.52802 0.35512 0.52909 0.35403 0.53233 0.35403 0.53341 0.35294 0.53556 0.35294 0.53664 0.35185 0.53879 0.35185 0.53987 0.35076 0.55172 0.35076 0.5528 0.35185 0.5722 0.35185 0.57328 0.35294 0.59267 0.35294 0.59375 0.35403 0.59591 0.35403 0.59698 0.35512 0.59914 0.35512 0.60022 0.35621 0.60129 0.35621 0.60237 0.3573 0.60453 0.3573 0.6056 0.35839 0.60668 0.35839 0.60776 0.35948 0.60991 0.35948 0.61099 0.36057 0.61315 0.36057 0.61422 0.36166 0.61638 0.36166 0.61746 0.36275 0.61853 0.36275 0.61961 0.36383 0.62177 0.36383 0.62284 0.36492 0.62392 0.36492 0.62608 0.3671 0.62716 0.3671 0.63039 0.37037 0.63147 0.37037 0.63578 0.37473 0.63685 0.37473 0.64009 0.378 0.64116 0.378 0.6444 0.38126 0.64547 0.38126 0.64871 0.38453 0.64978 0.38453 0.65302 0.3878 0.65409 0.3878 0.66164 0.39542 0.66164 0.39651 0.66703 0.40196 0.66703 0.40305 0.67241 0.4085 0.67241 0.40959 0.6778 0.41503 0.6778 0.41612 0.68427 0.42266 0.68427 0.42375 0.68534 0.42484 0.68534 0.42593 0.6875 0.4281 0.6875 0.42919 0.68966 0.43137 0.68966 0.43246 0.69181 0.43464 0.69181 0.43573 0.69397 0.43791 0.69397 0.439 0.69612 0.44118 0.69612 0.44227 0.69828 0.44444 0.69828 0.44553 0.69935 0.44662 0.69935 0.44771 0.70151 0.44989 0.70151 0.45207 0.70259 0.45316 0.70259 0.45534 0.70366 0.45643 0.70366 0.45969 0.70474 0.46078 0.70474 0.46405 0.70582 0.46514 0.70582 0.46841 0.7069 0.4695 0.7069 0.47168 0.70797 0.47277 0.70797 0.47603 0.70905 0.47712 0.70905 0.48039 0.71013 0.48148 0.71013 0.48475 0.71121 0.48584 0.71121 0.4902 0.71013 0.49129 0.71013 0.50436 0.70905 0.50545 0.70905 0.51525 0.70797 0.51634 0.70797 0.52288 0.7069 0.52397 0.7069 0.5305 0.70582 0.53159 0.70582 0.53813 0.70474 0.53922 0.70474 0.54575 0.70366 0.54684 0.70366 0.54793 0.70259 0.54902 0.70259 0.55011 0.70151 0.5512 0.70151 0.55229 0.70043 0.55338 0.70043 0.55556 0.69935 0.55664 0.69935 0.55773 0.69828 0.55882 0.69828 0.55991 0.6972 0.561 0.6972 0.56318 0.69612 0.56427 0.69612 0.56536 0.69504 0.56645 0.69504 0.56754 0.69397 0.56863 0.69397 0.57081 0.69289 0.5719 0.69289 0.57298 0.67888 0.58715 0.67888 0.58824 0.67457 0.59259 0.67457 0.59368 0.67026 0.59804 0.67026 0.59913 0.66595 0.60349 0.66595 0.60458 0.66487 0.60566 0.66379 0.60566 0.6444 0.62527 0.6444 0.62636 0.64547 0.62745 0.64547 0.63072 0.64655 0.63181 0.64655 0.63399 0.64763 0.63508 0.64763 0.63834 0.64871 0.63943 0.64871 0.64161 0.64978 0.6427 0.64978 0.64597 0.65086 0.64706 0.65086 0.64924 0.65194 0.65033 0.65194 0.65251 0.65302 0.65359 0.65302 0.65577 0.65409 0.65686 0.65409 0.65904 0.65625 0.66122 0.65625 0.66231 0.65841 0.66449 0.65841 0.66558 0.65948 0.66667 0.65948 0.66776 0.66056 0.66776 0.66164 0.66667 0.66272 0.66667 0.66703 0.66231 0.6681 0.66231 0.67349 0.65686 0.67457 0.65686 0.67996 0.65142 0.68103 0.65142 0.68534 0.64706 0.68642 0.64706 0.68966 0.64379 0.69073 0.64379 0.69397 0.64052 0.69504 0.64052 0.69828 0.63725 0.69935 0.63725 0.70259 0.63399 0.70366 0.63399 0.70582 0.63181 0.7069 0.63181 0.71013 0.62854 0.71121 0.62854 0.71444 0.62527 0.71552 0.62527 0.71875 0.622 0.71983 0.622 0.72306 0.61874 0.72414 0.61874 0.72737 0.61547 0.72845 0.61547 0.7306 0.61329 0.73168 0.61329 0.73168 0.61111 0.73276 0.61002 0.73276 0.60784 0.73384 0.60675 0.73384 0.60458 0.73491 0.60349 0.73491 0.60131 0.73599 0.60022 0.73599 0.59804 0.73707 0.59695 0.73707 0.59477 0.73815 0.59368 0.73815 0.5915 0.73922 0.59041 0.73922 0.58824 0.7403 0.58715 0.7403 0.58497 0.74138 0.58388 0.74138 0.58061 0.74246 0.57952 0.74246 0.57734 0.74353 0.57625 0.74353 0.57407 0.74461 0.57298 0.74461 0.57081 0.74569 0.56972 0.74569 0.56754 0.74677 0.56645 0.74677 0.56427 0.74784 0.56318 0.74784 0.561 0.74892 0.55991 0.74892 0.55773 0.75 0.55664 0.75 0.55447 0.75108 0.55338 0.75108 0.5512 0.75216 0.55011 0.75216 0.54793 0.75323 0.54684 0.75323 0.54466 0.75431 0.54357 0.75431 0.53486 0.75539 0.53377 0.75539 0.51743 0.75647 0.51634 0.75647 0.5 0.75754 0.49891 0.75754 0.48693 0.75647 0.48584 0.75647 0.48366 0.75539 0.48257 0.75539 0.48148 0.75431 0.48039 0.75431 0.47821 0.75323 0.47712 0.75323 0.47603 0.75216 0.47495 0.75216 0.47277 0.75108 0.47168 0.75108 0.4695 0.75 0.46841 0.75 0.46732 0.74892 0.46623 0.74892 0.46405 0.74784 0.46296 0.74784 0.46187 0.74677 0.46078 0.74677 0.45861 0.74569 0.45752 0.74569 0.45643 0.74461 0.45534 0.74461 0.45316 0.74353 0.45207 0.74353 0.45098 0.74246 0.44989 0.74246 0.44771 0.74138 0.44662 0.74138 0.44553 0.7403 0.44444 0.7403 0.44227 0.73922 0.44118 0.73922 0.439 0.73815 0.43791 0.73815 0.43682 0.73707 0.43573 0.73707 0.43355 0.73599 0.43246 0.73599 0.43137 0.73491 0.43028 0.73491 0.42919 0.73276 0.42702 0.73276 0.42593 0.73168 0.42484 0.73168 0.42375 0.72953 0.42157 0.72953 0.42048 0.72737 0.4183 0.72737 0.41721 0.72522 0.41503 0.72522 0.41394 0.72414 0.41285 0.72414 0.41176 0.72198 0.40959 0.72198 0.4085 0.71983 0.40632 0.71983 0.40523 0.71767 0.40305 0.71767 0.40196 0.71552 0.39978 0.71552 0.39869 0.71444 0.3976 0.71444 0.39651 0.71228 0.39434 0.71228 0.39325 0.71013 0.39107 0.71013 0.38998 0.70797 0.3878 0.70797 0.38671 0.7069 0.38562 0.7069 0.38453 0.70474 0.38235 0.70474 0.38126 0.70259 0.37908 0.70259 0.378 0.69828 0.37364 0.6972 0.37364 0.69397 0.37037 0.69289 0.37037 0.69073 0.36819 0.68966 0.36819 0.68642 0.36492 0.68534 0.36492 0.68211 0.36166 0.68103 0.36166 0.67888 0.35948 0.6778 0.35948 0.67457 0.35621 0.67349 0.35621 0.67134 0.35403 0.67026 0.35403 0.6681 0.35185 0.66703 0.35185 0.66379 0.34858 0.66272 0.34858 0.65948 0.34532 0.65841 0.34532 0.65625 0.34314 0.65517 0.34314 0.65194 0.33987 0.65086 0.33987 0.64763 0.3366 0.64655 0.3366 0.6444 0.33442 0.64332 0.33442 0.64116 0.33224 0.64009 0.33224 0.63793 0.33007 0.6347 0.33007 0.63362 0.32898 0.63147 0.32898 0.63039 0.32789 0.62716 0.32789 0.62608 0.3268 0.62392 0.3268 0.62284 0.32571 0.61961 0.32571 0.61853 0.32462 0.6153 0.32462 0.61422 0.32353 0.61207 0.32353 0.61099 0.32244 0.60776 0.32244 0.60668 0.32135 0.60453 0.32135 0.60345 0.32026 0.60022 0.32026 0.59914 0.31917 0.59698 0.31917 0.59591 0.31808 0.59267 0.31808 0.59159 0.31699 0.58944 0.31699 0.58836 0.3159 0.58513 0.3159 0.58405 0.31481 0.56897 0.31481 0.56789 0.31373 0.5431 0.31373 0.54203 0.31481 0.53987 0.31481 0.53879 0.3159 0.53556 0.3159 0.53448 0.31699 0.53125 0.31699 0.53017 0.31808 0.52802 0.31808 0.52694 0.31917 0.52371 0.31917 0.52263 0.32026 0.52047 0.32026 0.5194 0.32135 0.51616 0.32135 0.51509 0.32244 0.51293 0.32244 0.51078 0.32462 0.5097 0.32462 0.50862 0.32571 0.50754 0.32571 0.50539 0.32789 0.50431 0.32789 0.50323 0.32898 0.50216 0.32898 0.5 0.33115 0.49892 0.33115 0.49784 0.33224 0.49677 0.33224 0.49461 0.33442 0.49353 0.33442 0.49246 0.33551 0.49138 0.33551 0.48922 0.33769 0.48815 0.33769 0.48599 0.33987 0.48491 0.33987 0.48384 0.34096 0.48276 0.34096 0.4806 0.34314 0.47953 0.34314 0.46875 0.35403 0.46767 0.35403 0.45474 0.3671 0.45366 0.3671 0.45366 0.36819 0.44935 0.37255 0.44828 0.37146 0.44828 0.35294 0.44935 0.35185 0.44935 0.34641 0.44828 0.34532 0.4472 0.34532 0.44612 0.34423 0.44504 0.34423 0.44397 0.34314 0.44289 0.34314 0.44181 0.34205 0.44073 0.34205 0.43966 0.34096 0.43858 0.34096 0.4375 0.33987 0.43642 0.33987 0.43534 0.33878 0.43427 0.33878 0.43319 0.33769 0.43211 0.33769 0.43103 0.3366 0.42996 0.3366 0.42888 0.33551 0.4278 0.33551 0.42672 0.33442 0.42457 0.33442 0.42349 0.33333 0.40625 0.33333 0.40517 0.33224 0.38901 0.33224 0.38685 0.33007 0.38578 0.33007 0.3847 0.32898 0.38362 0.32898 0.38147 0.3268 0.38039 0.3268 0.37931 0.32571 0.37823 0.32571 0.37608 0.32353 0.375 0.32353 0.37392 0.32244 0.37284 0.32244 0.37177 0.32135 0.37177 0.32026 0.37069 0.31917 0.37069 0.3159 0.36961 0.31481 0.36961 0.31264 0.36853 0.31155 0.36853 0.30937 0.36746 0.30828 0.36746 0.3061 0.36638 0.30501 0.36638 0.30283 0.3653 0.30174 0.3653 0.29956 0.36422 0.29847 0.36422 0.2963 0.36315 0.29521 0.36315 0.29303 0.36207 0.29194 0.36207 0.29085 0.36099 0.28976 0.35991 0.28976 0.35237 0.28214 0.35129 0.28214 0.34375 0.27451 0.34267 0.27451 0.33513 0.26688 0.33405 0.26688 0.32651 0.25926 0.32543 0.25926 0.31789 0.25163 0.31681 0.25163 0.31358 0.24837 0.3125 0.24837 0.31034 0.24619 0.30927 0.24619 0.30819 0.2451 0.30711 0.2451 0.30496 0.24292 0.30388 0.24292 0.3028 0.24183 0.30172 0.24183 0.30065 0.24074 0.29957 0.24074 0.29741 0.23856 0.29634 0.23856 0.29526 0.23747 0.29418 0.23747 0.29203 0.23529 0.29095 0.23529 0.28987 0.2342 0.28879 0.2342 0.28664 0.23203 0.28556 0.23203 0.28448 0.23094 0.28341 0.23094 0.28125 0.22876 0.28017 0.22876 0.27909 0.22767 0.27802 0.22767 0.27586 0.22549 0.27478 0.22549 0.27371 0.2244 0.27263 0.2244 0.27047 0.22222 0.2694 0.22222 0.26832 0.22113 0.26724 0.22113 0.26616 0.22004 0.26509 0.22004 0.26293 0.21786 0.26185 0.21786 0.26078 0.21678 0.2597 0.21678 0.25754 0.2146 0.25647 0.2146 0.25539 0.21351 0.25431 0.21351 0.25216 0.21133 0.25108 0.21133 0.25 0.21024 0.24892 0.21024 0.24677 0.20806 0.24569 0.20806 0.24461 0.20697 0.24353 0.20697 0.24246 0.20588 0.24138 0.20588 0.2403 0.20479
