0 0.43642 0.56536 0.43534 0.56645 0.43427 0.56645 0.43319 0.56754 0.4278 0.56754 0.42672 0.56863 0.42457 0.56863 0.42349 0.56972 0.42134 0.56972 0.42026 0.57081 0.41918 0.57081 0.41595 0.57407 0.41595 0.57625 0.41487 0.57734 0.41272 0.57734 0.41056 0.57952 0.40948 0.57952 0.40841 0.58061 0.40733 0.58061 0.40517 0.58279 0.40409 0.58279 0.40194 0.58497 0.40086 0.58497 0.39978 0.58606 0.39871 0.58606 0.39547 0.58932 0.3944 0.58824 0.39224 0.59041 0.39116 0.59041 0.38901 0.59259 0.38578 0.59259 0.38362 0.59477 0.38254 0.59477 0.38039 0.59695 0.37931 0.59695 0.37823 0.59804 0.37716 0.59695 0.36961 0.59695 0.36853 0.59586 0.36099 0.59586 0.35991 0.59477 0.35884 0.59477 0.35776 0.59586 0.34806 0.59586 0.34698 0.59695 0.34483 0.59695 0.34375 0.59804 0.34267 0.59695 0.34052 0.59695 0.33944 0.59804 0.33621 0.59804 0.33513 0.59913 0.33405 0.59804 0.33297 0.59804 0.33082 0.60022 0.32974 0.60022 0.32759 0.6024 0.32651 0.6024 0.32651 0.60458 0.32543 0.60566 0.32543 0.61329 0.32435 0.61438 0.32435 0.61547 0.32328 0.61656 0.32328 0.622 0.3222 0.62309 0.32112 0.62309 0.32112 0.62963 0.31897 0.63181 0.31897 0.63943 0.31789 0.64052 0.31789 0.64706 0.31573 0.64924 0.31573 0.65577 0.31358 0.65795 0.31358 0.6634 0.31142 0.66558 0.31142 0.66667 0.31034 0.66776 0.31034 0.66993 0.30927 0.67102 0.30927 0.6732 0.30819 0.67429 0.30711 0.67429 0.30711 0.67647 0.30496 0.67865 0.30496 0.67974 0.30388 0.68083 0.3028 0.68083 0.3028 0.68192 0.30172 0.68301 0.30065 0.68301 0.30065 0.6841 0.29849 0.68627 0.29849 0.68736 0.29741 0.68845 0.29741 0.68954 0.29634 0.69063 0.29418 0.69063 0.2931 0.69172 0.29203 0.69172 0.28987 0.6939 0.28879 0.6939 0.28772 0.69499 0.28664 0.69499 0.28556 0.69608 0.28341 0.69608 0.28233 0.69717 0.28125 0.69717 0.28017 0.69826 0.27802 0.69826 0.27694 0.69935 0.27478 0.69935 0.27371 0.70044 0.27263 0.70044 0.27155 0.70153 0.27047 0.70153 0.26832 0.7037 0.26724 0.70261 0.26616 0.7037 0.26509 0.7037 0.26401 0.70479 0.26293 0.70479 0.26185 0.70588 0.26078 0.70588 0.2597 0.70697 0.25862 0.70588 0.25754 0.70697 0.25647 0.70697 0.25431 0.70915 0.25323 0.70915 0.25216 0.71024 0.25 0.71024 0.24892 0.71133 0.24784 0.71133 0.24677 0.71242 0.24569 0.71242 0.24461 0.71351 0.24353 0.71351 0.24246 0.7146 0.24138 0.71351 0.2403 0.71351 0.23922 0.7146 0.23707 0.7146 0.23599 0.71569 0.23384 0.71569 0.23384 0.72113 0.23276 0.72222 0.23168 0.72222 0.23168 0.72876 0.2306 0.72985 0.2306 0.7342 0.22953 0.73529 0.22953 0.73747 0.22845 0.73856 0.22953 0.73856 0.23276 0.74183 0.23491 0.74183 0.23599 0.74292 0.23815 0.74292 0.2403 0.7451 0.24138 0.7451 0.24246 0.74619 0.24353 0.74619 0.24461 0.74728 0.24569 0.74728 0.24784 0.74946 0.24892 0.74946 0.25 0.75054 0.25216 0.75054 0.25323 0.75163 0.25539 0.75163 0.25754 0.75381 0.26078 0.75381 0.26185 0.7549 0.26401 0.7549 0.26509 0.75599 0.26616 0.75599 0.26724 0.75708 0.27155 0.75708 0.27371 0.75926 0.27586 0.75926 0.27694 0.75817 0.28664 0.75817 0.28772 0.75708 0.28987 0.75708 0.29095 0.75817 0.29203 0.75817 0.2931 0.75708 0.29634 0.75708 0.29741 0.75599 0.29849 0.75599 0.29957 0.75708 0.30065 0.75708 0.30172 0.75599 0.30388 0.75599 0.30496 0.7549 0.30711 0.7549 0.30819 0.75599 0.30927 0.7549 0.31142 0.7549 0.3125 0.75381 0.31897 0.75381 0.32004 0.75272 0.32328 0.75272 0.32435 0.75163 0.32543 0.75272 0.32651 0.75272 0.32759 0.75163 0.32974 0.75163 0.33082 0.75054 0.33513 0.75054 0.33621 0.74946 0.33728 0.74946 0.33836 0.74837 0.34052 0.74837 0.34159 0.74728 0.34267 0.74837 0.34375 0.74728 0.34483 0.74728 0.34591 0.74619 0.34698 0.74619 0.34806 0.7451 0.35129 0.7451 0.35237 0.74401 0.35345 0.74401 0.35453 0.74292 0.35453 0.74183 0.35668 0.73965 0.35668 0.73856 0.35776 0.73747 0.35884 0.73747 0.35884 0.73638 0.35991 0.73529 0.36099 0.73529 0.36099 0.7342 0.36207 0.73312 0.36207 0.73203 0.36315 0.73094 0.36315 0.72985 0.36422 0.72876 0.3653 0.72876 0.36638 0.72767 0.36638 0.72113 0.36746 0.72004 0.36746 0.71351 0.36853 0.71242 0.36961 0.71242 0.36961 0.70479 0.37069 0.7037 0.37069 0.69608 0.37177 0.69499 0.37177 0.68736 0.37284 0.68627 0.37284 0.67865 0.37392 0.67756 0.37392 0.67211 0.37284 0.67102 0.37284 0.66993 0.37392 0.66885 0.37392 0.66122 0.375 0.66013 0.375 0.65251 0.37608 0.65142 0.37716 0.65142 0.37716 0.64924 0.37823 0.64815 0.37823 0.64488 0.38039 0.6427 0.38039 0.64052 0.38147 0.63943 0.38147 0.63617 0.38362 0.63399 0.38362 0.62854 0.38578 0.62636 0.38578 0.62092 0.38685 0.61983 0.38685 0.61874 0.38901 0.61656 0.38901 0.61547 0.39009 0.61438 0.39009 0.61329 0.39116 0.6122 0.39116 0.61111 0.39547 0.60675 0.39547 0.60566 0.39763 0.60349 0.39763 0.6024 0.39871 0.60131 0.40086 0.60131 0.40302 0.59913 0.40409 0.60022 0.40625 0.59804 0.40733 0.59804 0.40841 0.59695 0.40948 0.59695 0.41164 0.59477 0.41272 0.59586 0.41487 0.59368 0.41703 0.59368 0.41918 0.5915 0.42026 0.5915 0.42241 0.58932 0.42241 0.58824 0.42888 0.5817 0.43103 0.5817 0.43211 0.58061 0.43319 0.58061 0.43427 0.57952 0.43534 0.57952 0.43642 0.57843 0.4375 0.57843 0.43858 0.57734 0.43966 0.57843 0.44289 0.57843 0.44397 0.57952 0.44612 0.57952 0.4472 0.58061 0.45366 0.58061 0.45366 0.57952 0.45474 0.57843 0.45582 0.57843 0.45582 0.57625 0.4569 0.57516 0.4569 0.57298 0.45582 0.5719 0.45582 0.56754 0.45366 0.56536 0.44289 0.56536 0.44181 0.56645 0.43966 0.56645 0.43858 0.56536
0 0.50862 0.55011 0.50754 0.5512 0.50647 0.5512 0.50108 0.55664 0.5 0.55664 0.5 0.55773 0.49784 0.55991 0.49784 0.561 0.49677 0.56209 0.49677 0.56318 0.49569 0.56427 0.49461 0.56427 0.49461 0.56536 0.49353 0.56645 0.49353 0.5719 0.49246 0.57298 0.49246 0.57516 0.49353 0.57625 0.49353 0.57734 0.49892 0.58279 0.49892 0.58388 0.50539 0.58388 0.50647 0.58279 0.50754 0.58388 0.5097 0.5817 0.51078 0.5817 0.51293 0.57952 0.51293 0.57843 0.51401 0.57734 0.51401 0.57516 0.51509 0.57407 0.51616 0.57407 0.52155 0.56863 0.52155 0.56754 0.52371 0.56536 0.52371 0.55991 0.52263 0.55882 0.52263 0.55664 0.5194 0.55338 0.51832 0.55338 0.51724 0.55229 0.51724 0.5512 0.5097 0.5512
0 0.55927 0.52941 0.55819 0.5305 0.55711 0.5305 0.55388 0.53377 0.55172 0.53377 0.55172 0.53486 0.55065 0.53595 0.55065 0.54139 0.54957 0.54248 0.54957 0.54357 0.55065 0.54466 0.55065 0.54684 0.55172 0.54793 0.55172 0.54902 0.5528 0.55011 0.5528 0.55229 0.55496 0.55447 0.55603 0.55447 0.55711 0.55556 0.55927 0.55556 0.56034 0.55664 0.56358 0.55664 0.56466 0.55556 0.56573 0.55556 0.56897 0.55229 0.57004 0.55229 0.5722 0.55011 0.5722 0.54357 0.57328 0.54248 0.57328 0.54139 0.5722 0.54031 0.5722 0.53922 0.57112 0.53813 0.57112 0.53704 0.57004 0.53595 0.57004 0.53377 0.56789 0.53159 0.56681 0.53159 0.56573 0.5305 0.5625 0.5305 0.56142 0.52941
0 0.48168 0.51743 0.4806 0.51852 0.47953 0.51852 0.47737 0.5207 0.47522 0.5207 0.47414 0.52179 0.47414 0.52288 0.47306 0.52397 0.47306 0.52723 0.47198 0.52832 0.47198 0.5305 0.47306 0.53159 0.47306 0.53268 0.47629 0.53595 0.47629 0.53813 0.47737 0.53813 0.47845 0.53922 0.48384 0.53922 0.48491 0.54031 0.48599 0.53922 0.48707 0.53922 0.48922 0.53704 0.4903 0.53704 0.49353 0.53377 0.49353 0.5305 0.49461 0.52941 0.49461 0.52723 0.49353 0.52614 0.49353 0.52397 0.4903 0.5207 0.4903 0.51961 0.48922 0.51961 0.48815 0.51852 0.48599 0.51852 0.48491 0.51743
0 0.23707 0.50545 0.23599 0.50654 0.23384 0.50654 0.23276 0.50763 0.2306 0.50763 0.22953 0.50871 0.22845 0.50763 0.22737 0.50871 0.22522 0.50871 0.22414 0.5098 0.22306 0.5098 0.22198 0.51089 0.21767 0.51089 0.21659 0.51198 0.21444 0.51198 0.21336 0.51307 0.2069 0.51307 0.20582 0.51416 0.19935 0.51416 0.19828 0.51525 0.19504 0.51525 0.19397 0.51634 0.19289 0.51525 0.19073 0.51743 0.18966 0.51743 0.18858 0.51852 0.1875 0.51852 0.18642 0.51961 0.18534 0.51961 0.18427 0.51852 0.18319 0.51961 0.18211 0.51961 0.17996 0.52179 0.17888 0.52179 0.1778 0.52288 0.17457 0.52288 0.17349 0.52397 0.17241 0.52397 0.17134 0.52505 0.17026 0.52505 0.16918 0.52614 0.16595 0.52614 0.16487 0.52723 0.16379 0.52723 0.16272 0.52832 0.16056 0.52832 0.15948 0.52941 0.15841 0.52832 0.15733 0.52941 0.15517 0.52941 0.15409 0.5305 0.15194 0.5305 0.15086 0.53159 0.14978 0.5305 0.14871 0.53159 0.14655 0.53159 0.14547 0.53268 0.14332 0.53268 0.14224 0.53377 0.13901 0.53377 0.13254 0.54031 0.13147 0.54031 0.13039 0.54139 0.12823 0.54139 0.12392 0.54575 0.12177 0.54575 0.11853 0.54902 0.11746 0.54902 0.11638 0.55011 0.1153 0.55011 0.11422 0.5512 0.11315 0.5512 0.11207 0.55229 0.11099 0.55229 0.10776 0.55556 0.10668 0.55556 0.1056 0.55664 0.10453 0.55664 0.10345 0.55773 0.10237 0.55773 0.10237 0.55991 0.10129 0.561 0.10129 0.56318 0.09806 0.56645 0.09806 0.56972 0.09914 0.57081 0.09914 0.57298 0.09806 0.57407 0.09806 0.57516 0.09914 0.57625 0.09914 0.57952 0.10022 0.58061 0.10022 0.5817 0.09914 0.58279 0.09914 0.58497 0.10022 0.58606 0.10022 0.58932 0.10129 0.59041 0.10022 0.5915 0.10022 0.59477 0.10129 0.59586 0.10129 0.60566 0.10237 0.60675 0.10237 0.60784 0.10129 0.60893 0.10129 0.61111 0.10237 0.6122 0.10237 0.61656 0.10129 0.61765 0.10237 0.61874 0.10237 0.62418 0.10345 0.62527 0.10237 0.62636 0.10237 0.63072 0.10345 0.63181 0.10345 0.63399 0.10237 0.63508 0.10345 0.63617 0.10345 0.63725 0.10453 0.63834 0.10453 0.63943 0.1056 0.64052 0.1056 0.64161 0.10668 0.6427 0.1056 0.64379 0.10668 0.64488 0.10668 0.64597 0.10776 0.64706 0.10776 0.64815 0.10884 0.64924 0.10884 0.65142 0.10991 0.65251 0.10884 0.65359 0.10991 0.65468 0.10991 0.65577 0.11099 0.65686 0.11099 0.65795 0.11207 0.65904 0.11207 0.66013 0.11315 0.66122 0.11315 0.66231 0.11422 0.66231 0.11638 0.66449 0.11638 0.66558 0.11961 0.66885 0.12069 0.66885 0.12177 0.66993 0.12177 0.67102 0.12392 0.6732 0.12392 0.67429 0.125 0.67538 0.12608 0.67538 0.12716 0.67647 0.13147 0.67647 0.13254 0.67756 0.13578 0.67756 0.13685 0.67647 0.14009 0.67647 0.14116 0.67756 0.14547 0.67756 0.14655 0.67647 0.14871 0.67647 0.14978 0.67756 0.15733 0.67756 0.15841 0.67865 0.16595 0.67865 0.16703 0.67974 0.16918 0.67974 0.17026 0.68083 0.17457 0.68083 0.17565 0.68192 0.17565 0.68301 0.1778 0.68301 0.17888 0.6841 0.18211 0.6841 0.18319 0.68519 0.18319 0.68627 0.1875 0.68627 0.18858 0.68736 0.19073 0.68736 0.19181 0.68845 0.19289 0.68845 0.19397 0.68954 0.1972 0.68954 0.19828 0.69063 0.19935 0.69063 0.20043 0.69172 0.20474 0.69172 0.20582 0.69281 0.20797 0.69281 0.20905 0.6939 0.21228 0.6939 0.21336 0.69499 0.21659 0.69499 0.21767 0.69608 0.21875 0.69608 0.21983 0.69717 0.22414 0.69717 0.22522 0.69826 0.22737 0.69826 0.22845 0.69935 0.23276 0.69935 0.23384 0.70044 0.2403 0.70044 0.24138 0.69935 0.24246 0.70044 0.25 0.70044 0.25108 0.70153 0.25323 0.70153 0.25431 0.70044 0.25754 0.70044 0.25862 0.69935 0.2597 0.70044 0.26078 0.70044 0.26185 0.69935 0.26293 0.69935 0.26401 0.69826 0.26509 0.69826 0.26616 0.69717 0.27047 0.69717 0.27155 0.69608 0.27371 0.69608 0.27478 0.69499 0.27802 0.69499 0.28341 0.68954 0.28448 0.68954 0.2931 0.68083 0.29526 0.68083 0.29526 0.67974 0.29849 0.67647 0.29849 0.67538 0.30065 0.6732 0.30065 0.67211 0.30172 0.67102 0.30172 0.66993 0.3028 0.66885 0.3028 0.66776 0.30388 0.66667 0.30388 0.66558 0.30496 0.66449 0.30603 0.66449 0.30603 0.6634 0.30711 0.66231 0.30711 0.66013 0.30819 0.65904 0.30819 0.65795 0.31034 0.65577 0.31034 0.64815 0.3125 0.64597 0.3125 0.64052 0.31358 0.63943 0.31358 0.63399 0.31466 0.6329 0.31466 0.63181 0.31573 0.63072 0.31573 0.62309 0.31681 0.622 0.31681 0.60566 0.31789 0.60458 0.31789 0.59695 0.31897 0.59586 0.31897 0.59368 0.31789 0.59259 0.31789 0.58824 0.31897 0.58715 0.31789 0.58606 0.31789 0.58061 0.31681 0.57952 0.31789 0.57843 0.31789 0.57625 0.31681 0.57516 0.31681 0.56645 0.31573 0.56536 0.31573 0.56209 0.31681 0.561 0.31573 0.55991 0.31573 0.55773 0.31142 0.55338 0.3125 0.55229 0.31142 0.5512 0.31142 0.55011 0.30819 0.54684 0.30819 0.54575 0.30711 0.54466 0.30711 0.54357 0.30496 0.54139 0.30496 0.54031 0.3028 0.53813 0.3028 0.53704 0.30065 0.53486 0.30172 0.53377 0.30065 0.53268 0.29957 0.53268 0.29741 0.5305 0.29634 0.5305 0.29526 0.52941 0.29526 0.52832 0.29418 0.52832 0.29203 0.52614 0.29203 0.52505 0.29095 0.52505 0.28879 0.52288 0.28772 0.52288 0.28664 0.52179 0.28664 0.5207 0.28556 0.5207 0.28341 0.51852 0.28233 0.51852 0.27909 0.51525 0.27909 0.51416 0.27802 0.51307 0.27371 0.51307 0.27263 0.51198 0.27155 0.51198 0.27047 0.51089 0.26724 0.51089 0.26616 0.5098 0.26293 0.5098 0.26185 0.50871 0.26078 0.50871 0.2597 0.50763 0.25539 0.50763 0.25323 0.50545 0.25 0.50545 0.24892 0.50654 0.24677 0.50654 0.24569 0.50545 0.24353 0.50545 0.24246 0.50654 0.23815 0.50654
0 0.36638 0.48911 0.3653 0.4902 0.36422 0.4902 0.36315 0.49129 0.36207 0.49129 0.36099 0.49237 0.35991 0.49237 0.35884 0.49346 0.35776 0.49237 0.35668 0.49346 0.3556 0.49346 0.35453 0.49455 0.35237 0.49455 0.35129 0.49564 0.34806 0.49564 0.34698 0.49673 0.34591 0.49673 0.34483 0.49782 0.34375 0.49782 0.34375 0.50218 0.34267 0.50327 0.34159 0.50327 0.34159 0.50871 0.34052 0.5098 0.34052 0.51089 0.33944 0.51198 0.33944 0.51416 0.33836 0.51525 0.33836 0.51852 0.33728 0.51961 0.33728 0.5207 0.33621 0.52179 0.33621 0.52505 0.33728 0.52614 0.33728 0.52723 0.33621 0.52832 0.33621 0.52941 0.33728 0.5305 0.33728 0.53486 0.33836 0.53595 0.33728 0.53704 0.33728 0.53922 0.33836 0.54031 0.33836 0.54357 0.33944 0.54466 0.33836 0.54575 0.33944 0.54684 0.33944 0.54793 0.34052 0.54902 0.34052 0.55011 0.34159 0.5512 0.34159 0.55229 0.34267 0.55338 0.34267 0.55664 0.34375 0.55773 0.34375 0.55882 0.34483 0.55991 0.34483 0.561 0.34591 0.56209 0.34591 0.56645 0.34698 0.56754 0.34698 0.56863 0.34914 0.57081 0.34914 0.57298 0.35022 0.57407 0.35022 0.57516 0.35237 0.57734 0.35237 0.57843 0.35345 0.57952 0.35345 0.58279 0.3556 0.58497 0.35991 0.58497 0.36099 0.58606 0.36207 0.58606 0.36315 0.58497 0.36853 0.58497 0.36961 0.58606 0.37177 0.58606 0.37284 0.58497 0.375 0.58497 0.37608 0.58388 0.37716 0.58388 0.37823 0.58279 0.37931 0.58388 0.38039 0.58388 0.38147 0.58279 0.3847 0.58279 0.38578 0.5817 0.39009 0.5817 0.39116 0.58061 0.39332 0.58061 0.3944 0.57952 0.39655 0.57952 0.39871 0.57734 0.39871 0.57625 0.39978 0.57516 0.40086 0.57516 0.40086 0.57407 0.40194 0.57298 0.40194 0.5719 0.40302 0.57081 0.40302 0.56972 0.40409 0.56863 0.40517 0.56863 0.40517 0.56754 0.40625 0.56645 0.40733 0.56645 0.40733 0.56536 0.40841 0.56427 0.40841 0.56318 0.40948 0.56209 0.40948 0.55991 0.41056 0.55882 0.41056 0.5512 0.41164 0.55011 0.41164 0.54902 0.41056 0.54793 0.41056 0.54248 0.41164 0.54139 0.41164 0.53377 0.41272 0.53268 0.41272 0.5305 0.41164 0.52941 0.41164 0.52614 0.41056 0.52505 0.41164 0.52397 0.41164 0.52288 0.41056 0.52179 0.41056 0.51961 0.40948 0.51852 0.40948 0.51307 0.40841 0.51198 0.40841 0.5098 0.40733 0.50871 0.40733 0.50763 0.40841 0.50654 0.40733 0.50545 0.40733 0.50436 0.40625 0.50436 0.40517 0.50327 0.40409 0.50327 0.40302 0.50218 0.40194 0.50218 0.39871 0.49891 0.39763 0.49891 0.39655 0.49782 0.39547 0.49782 0.3944 0.49673 0.39332 0.49673 0.39224 0.49564 0.39224 0.49455 0.39116 0.49455 0.39009 0.49346 0.3847 0.49346 0.38362 0.49237 0.37716 0.49237 0.375 0.4902 0.36746 0.4902
0 0.42672 0.48366 0.42241 0.48802 0.42241 0.48911 0.42134 0.4902 0.42026 0.4902 0.42026 0.49673 0.42134 0.49782 0.42026 0.49891 0.42134 0.5 0.42134 0.50436 0.42241 0.50545 0.42241 0.50654 0.42134 0.50763 0.42241 0.50871 0.42241 0.5098 0.42349 0.51089 0.42349 0.51307 0.42457 0.51416 0.42457 0.51525 0.42349 0.51634 0.42349 0.5207 0.42457 0.52179 0.42457 0.52397 0.42349 0.52505 0.42457 0.52614 0.42457 0.53159 0.42565 0.53268 0.42457 0.53377 0.42888 0.53813 0.42996 0.53813 0.43103 0.53922 0.43211 0.53922 0.43319 0.54031 0.43319 0.54139 0.43427 0.54139 0.43534 0.54248 0.43534 0.54357 0.43642 0.54466 0.4375 0.54466 0.43858 0.54575 0.43966 0.54575 0.44073 0.54684 0.44073 0.54793 0.44397 0.5512 0.44289 0.55229 0.44935 0.55882 0.44935 0.55991 0.45151 0.56209 0.45582 0.56209 0.4569 0.56318 0.4569 0.56427 0.45905 0.56427 0.46013 0.56536 0.46121 0.56536 0.46336 0.56754 0.46444 0.56754 0.46552 0.56863 0.46552 0.56972 0.46767 0.56972 0.47091 0.57298 0.47198 0.57298 0.47414 0.57516 0.4806 0.57516 0.48168 0.57407 0.48276 0.57516 0.48599 0.5719 0.48707 0.5719 0.48815 0.57081 0.48815 0.56972 0.48922 0.56863 0.48922 0.56427 0.4903 0.56318 0.4903 0.56209 0.48922 0.561 0.48922 0.55991 0.4806 0.5512 0.47953 0.5512 0.47845 0.55011 0.47629 0.55011 0.47414 0.54793 0.47414 0.54684 0.47306 0.54684 0.47198 0.54575 0.47091 0.54575 0.46983 0.54466 0.46875 0.54466 0.46659 0.54248 0.46552 0.54248 0.46444 0.54139 0.46336 0.54139 0.46121 0.53922 0.46121 0.53813 0.46013 0.53704 0.46013 0.53595 0.45797 0.53377 0.45797 0.53268 0.45366 0.52832 0.45259 0.52832 0.44935 0.52505 0.44828 0.52505 0.44612 0.52288 0.44612 0.5207 0.44504 0.51961 0.44504 0.51852 0.44612 0.51743 0.44612 0.51307 0.44504 0.51198 0.44504 0.50654 0.44397 0.50545 0.44397 0.50436 0.44289 0.50327 0.44289 0.50109 0.44397 0.5 0.44397 0.49782 0.44289 0.49673 0.44289 0.49455 0.44181 0.49346 0.44181 0.4902 0.4375 0.48584 0.43642 0.48584 0.43534 0.48475 0.43534 0.48366 0.42888 0.48366 0.4278 0.48475
0 0.54203 0.47712 0.54095 0.47821 0.53879 0.47821 0.53664 0.48039 0.53556 0.48039 0.53448 0.48148 0.53448 0.48257 0.53341 0.48366 0.53341 0.48475 0.53233 0.48584 0.53233 0.48802 0.53125 0.48911 0.53017 0.48911 0.53017 0.49891 0.53125 0.5 0.53125 0.50109 0.53772 0.50763 0.54741 0.50763 0.54849 0.50654 0.54957 0.50654 0.5528 0.50327 0.5528 0.50218 0.55711 0.49782 0.55711 0.4902 0.55819 0.48911 0.55711 0.48802 0.55711 0.48693 0.55603 0.48584 0.55603 0.48366 0.55388 0.48148 0.55388 0.48039 0.5528 0.4793 0.55172 0.4793 0.55065 0.47821 0.54849 0.47821 0.54741 0.47712
0 0.58513 0.40632 0.58405 0.40741 0.58297 0.40741 0.57651 0.41394 0.57651 0.41939 0.57759 0.42048 0.57759 0.42375 0.58082 0.42702 0.5819 0.42702 0.58297 0.4281 0.58405 0.4281 0.58621 0.43028 0.58621 0.43355 0.58944 0.43682 0.58944 0.43791 0.59052 0.439 0.58944 0.44009 0.59375 0.44444 0.59375 0.44662 0.59483 0.44771 0.59483 0.45098 0.59806 0.45425 0.59806 0.45643 0.59914 0.45752 0.59806 0.45861 0.59914 0.45969 0.59914 0.46078 0.60022 0.46187 0.60022 0.46296 0.60129 0.46405 0.60129 0.46514 0.60237 0.46623 0.60237 0.46841 0.60453 0.47059 0.60453 0.47277 0.6056 0.47386 0.6056 0.47712 0.60668 0.47821 0.60668 0.4793 0.60884 0.48148 0.60884 0.48257 0.61099 0.48475 0.60991 0.48584 0.61099 0.48693 0.61099 0.48911 0.61207 0.4902 0.61207 0.49237 0.61315 0.49346 0.61207 0.49455 0.61315 0.49564 0.61315 0.49782 0.61422 0.49891 0.61422 0.50763 0.6153 0.50871 0.6153 0.51961 0.61315 0.52179 0.61315 0.52288 0.61207 0.52397 0.61207 0.52505 0.61099 0.52614 0.61099 0.52723 0.60884 0.52941 0.60884 0.53268 0.60776 0.53377 0.60776 0.53486 0.6056 0.53704 0.6056 0.54248 0.60237 0.54575 0.60237 0.54684 0.59591 0.55338 0.59483 0.55338 0.59159 0.55664 0.59052 0.55664 0.58836 0.55882 0.58728 0.55882 0.58621 0.55991 0.58513 0.55991 0.58297 0.56209 0.5819 0.56209 0.57866 0.56536 0.57651 0.56536 0.57328 0.56863 0.5722 0.56863 0.57112 0.56972 0.57004 0.56972 0.56897 0.57081 0.56789 0.56972 0.56573 0.56972 0.56466 0.57081 0.56358 0.57081 0.5625 0.5719 0.55819 0.5719 0.55711 0.57298 0.55603 0.57298 0.55496 0.57407 0.55388 0.57407 0.55065 0.57734 0.54957 0.57625 0.54849 0.57625 0.54741 0.57734 0.54203 0.57734 0.54095 0.57625 0.53987 0.57734 0.53879 0.57734 0.53664 0.57952 0.53556 0.57952 0.53448 0.58061 0.53233 0.58061 0.53125 0.5817 0.52478 0.5817 0.52371 0.58061 0.5194 0.58061 0.51832 0.5817 0.51724 0.5817 0.51616 0.58279 0.51509 0.58279 0.51401 0.58388 0.51293 0.58388 0.51185 0.58497 0.51185 0.58606 0.51078 0.58715 0.51078 0.59041 0.5097 0.5915 0.5097 0.59368 0.51078 0.59477 0.51078 0.59586 0.51401 0.59913 0.51401 0.60022 0.51616 0.6024 0.52263 0.6024 0.52371 0.60349 0.53341 0.60349 0.53556 0.60131 0.54203 0.60131 0.5431 0.60022 0.54418 0.60022 0.54526 0.59913 0.54849 0.59913 0.54957 0.60022 0.55065 0.59913 0.55172 0.59913 0.5528 0.59804 0.55388 0.59804 0.55711 0.59477 0.55819 0.59586 0.56034 0.59586 0.56142 0.59477 0.5625 0.59477 0.56358 0.59368 0.56573 0.59368 0.56681 0.59477 0.56789 0.59368 0.56897 0.59368 0.57004 0.59259 0.5722 0.59259 0.57328 0.5915 0.57435 0.5915 0.57543 0.59259 0.57651 0.5915 0.57759 0.5915 0.57974 0.58932 0.58082 0.58932 0.5819 0.58824 0.58297 0.58824 0.58405 0.58715 0.58621 0.58715 0.58728 0.58606 0.58836 0.58606 0.59267 0.5817 0.59375 0.5817 0.59698 0.57843 0.59806 0.57843 0.60129 0.57516 0.60237 0.57625 0.60776 0.57081 0.60884 0.57081 0.60991 0.56972 0.60991 0.56863 0.61099 0.56754 0.61315 0.56754 0.61746 0.56318 0.61853 0.56318 0.62069 0.561 0.62069 0.55882 0.62177 0.55773 0.62177 0.55556 0.62284 0.55447 0.62392 0.55447 0.62392 0.55229 0.625 0.5512 0.625 0.55011 0.62608 0.54902 0.62608 0.54684 0.62716 0.54575 0.62716 0.54357 0.62823 0.54248 0.62823 0.54139 0.62931 0.54031 0.62931 0.53922 0.63039 0.53813 0.63039 0.53704 0.63254 0.53486 0.63254 0.53377 0.63362 0.53268 0.63362 0.5305 0.6347 0.52941 0.63578 0.52941 0.63578 0.52179 0.63685 0.5207 0.63685 0.51307 0.63793 0.51198 0.63793 0.5098 0.63685 0.50871 0.63685 0.50654 0.63578 0.50545 0.63578 0.49891 0.6347 0.49782 0.6347 0.49564 0.63578 0.49455 0.6347 0.49346 0.6347 0.49237 0.63362 0.49129 0.63362 0.48911 0.63254 0.48802 0.63254 0.48693 0.63362 0.48584 0.63254 0.48475 0.63254 0.48148 0.63147 0.48039 0.63147 0.4793 0.63039 0.47821 0.63147 0.47712 0.63147 0.47603 0.63039 0.47495 0.63039 0.47386 0.62823 0.47168 0.62823 0.47059 0.62716 0.4695 0.62823 0.46841 0.62608 0.46623 0.62608 0.46405 0.625 0.46296 0.625 0.46187 0.62284 0.45969 0.62284 0.45752 0.62177 0.45643 0.62177 0.45534 0.61853 0.45207 0.61853 0.45098 0.61961 0.44989 0.61853 0.4488 0.61853 0.44662 0.61746 0.44553 0.61746 0.44444 0.6153 0.44227 0.6153 0.44009 0.61422 0.439 0.61422 0.43791 0.61315 0.43682 0.61315 0.43573 0.61099 0.43355 0.61099 0.43028 0.60991 0.42919 0.60991 0.4281 0.60884 0.42702 0.60884 0.42593 0.60776 0.42484 0.60776 0.42375 0.60668 0.42266 0.60668 0.42157 0.6056 0.42048 0.6056 0.41939 0.60453 0.4183 0.60453 0.41721 0.60345 0.41612 0.60345 0.41394 0.60129 0.41176 0.60022 0.41176 0.59914 0.41068 0.59591 0.41068 0.59483 0.40959 0.59483 0.4085 0.59375 0.4085 0.59267 0.40741 0.58728 0.40741 0.58621 0.40632
0 0.55819 0.38344 0.55711 0.38453 0.55496 0.38453 0.55388 0.38562 0.55388 0.38889 0.55603 0.39107 0.55603 0.39216 0.55711 0.39325 0.55711 0.3976 0.55819 0.39869 0.55711 0.39978 0.55711 0.40305 0.55603 0.40414 0.55496 0.40305 0.55496 0.3976 0.55388 0.39651 0.55388 0.39434 0.5528 0.39325 0.5528 0.39216 0.55065 0.38998 0.54957 0.38998 0.54849 0.38889 0.54526 0.38889 0.54418 0.3878 0.53233 0.3878 0.53125 0.38889 0.52802 0.38889 0.52694 0.3878 0.52263 0.3878 0.52155 0.38889 0.5194 0.38889 0.51832 0.3878 0.51616 0.3878 0.51509 0.38889 0.51401 0.38889 0.51293 0.38998 0.51185 0.38998 0.51078 0.39107 0.5097 0.38998 0.50754 0.38998 0.50647 0.39107 0.50539 0.39107 0.50431 0.39216 0.50323 0.39216 0.50216 0.39325 0.50108 0.39216 0.5 0.39325 0.49784 0.39325 0.49677 0.39434 0.49569 0.39434 0.49461 0.39542 0.49353 0.39542 0.49246 0.39434 0.49138 0.39542 0.4903 0.39542 0.48922 0.39651 0.48815 0.39651 0.48707 0.3976 0.48599 0.3976 0.48491 0.39869 0.48384 0.3976 0.48276 0.39869 0.4806 0.39869 0.47198 0.40741 0.47091 0.40741 0.46875 0.40959 0.46767 0.40959 0.46659 0.41068 0.46552 0.41068 0.46121 0.41503 0.46013 0.41503 0.46013 0.41612 0.45905 0.41721 0.45905 0.4183 0.45797 0.41939 0.4569 0.41939 0.45474 0.42157 0.45474 0.42266 0.45366 0.42375 0.45259 0.42375 0.45151 0.42484 0.45151 0.42593 0.45043 0.42702 0.45043 0.42919 0.44828 0.43137 0.4472 0.43137 0.44504 0.43355 0.44504 0.43464 0.44289 0.43682 0.44289 0.43791 0.44073 0.44009 0.43966 0.44009 0.43858 0.44118 0.43858 0.44227 0.43642 0.44444 0.43642 0.44553 0.43427 0.44771 0.43319 0.44771 0.43319 0.4488 0.43211 0.44989 0.43211 0.45098 0.43103 0.45207 0.43103 0.45534 0.42996 0.45643 0.42996 0.46078 0.43103 0.46187 0.43103 0.46296 0.43211 0.46405 0.43211 0.46514 0.43427 0.46732 0.43534 0.46732 0.4375 0.4695 0.44289 0.4695 0.44397 0.46841 0.44612 0.46841 0.44935 0.46514 0.45043 0.46514 0.45043 0.46405 0.45151 0.46296 0.45151 0.46078 0.45474 0.45752 0.45582 0.45752 0.4569 0.45643 0.4569 0.45534 0.46013 0.45207 0.46013 0.45098 0.46228 0.4488 0.46228 0.44771 0.46336 0.44662 0.46444 0.44662 0.46444 0.44553 0.46659 0.44336 0.46659 0.44227 0.46983 0.439 0.46983 0.43791 0.47091 0.43682 0.47091 0.43573 0.47306 0.43355 0.47414 0.43355 0.47522 0.43246 0.47629 0.43246 0.47629 0.43137 0.48168 0.42593 0.48276 0.42593 0.48491 0.42375 0.48599 0.42375 0.49138 0.4183 0.49353 0.4183 0.49461 0.41721 0.49784 0.41721 0.49892 0.41612 0.50431 0.41612 0.50539 0.41503 0.50647 0.41503 0.50862 0.41285 0.5097 0.41394 0.51078 0.41285 0.51293 0.41285 0.51401 0.41176 0.51616 0.41176 0.51724 0.41068 0.51832 0.41176 0.5194 0.41068 0.52478 0.41068 0.52586 0.40959 0.52694 0.41068 0.53341 0.41068 0.53448 0.40959 0.53556 0.41068 0.53987 0.41068 0.54095 0.40959 0.5431 0.40959 0.54418 0.41068 0.54634 0.41068 0.54741 0.40959 0.54849 0.40959 0.55172 0.40632 0.5528 0.40632 0.5528 0.40523 0.55496 0.40305 0.55603 0.40414 0.55603 0.4085 0.55496 0.40959 0.55496 0.41176 0.55388 0.41285 0.55388 0.41503 0.5528 0.41612 0.5528 0.41721 0.55172 0.4183 0.55172 0.41939 0.55065 0.42048 0.55065 0.42157 0.55172 0.42266 0.5528 0.42266 0.55388 0.42375 0.55819 0.42375 0.56034 0.42593 0.56142 0.42593 0.5625 0.42702 0.56681 0.42702 0.56897 0.42919 0.56897 0.43028 0.57004 0.42919 0.57004 0.42702 0.57112 0.42593 0.57112 0.42266 0.5722 0.42157 0.5722 0.41721 0.57328 0.41612 0.57328 0.41394 0.57435 0.41285 0.57435 0.41176 0.57543 0.41068 0.57543 0.40741 0.57759 0.40523 0.57866 0.40523 0.57974 0.40414 0.58082 0.40414 0.58297 0.40196 0.58297 0.40087 0.58405 0.39978 0.58513 0.39978 0.58728 0.3976 0.58836 0.3976 0.58944 0.39651 0.59052 0.39651 0.59052 0.39434 0.58944 0.39325 0.58836 0.39325 0.58728 0.39216 0.58728 0.39107 0.58621 0.38998 0.58513 0.38998 0.58405 0.38889 0.58297 0.38889 0.58082 0.38671 0.57974 0.38671 0.57759 0.38453 0.57112 0.38453 0.57004 0.38344 0.56466 0.38344 0.56358 0.38453 0.5625 0.38344
0 0.17565 0.35839 0.17457 0.35948 0.16595 0.35948 0.16487 0.36057 0.16272 0.36057 0.16164 0.36166 0.16056 0.36166 0.15948 0.36057 0.15841 0.36057 0.15733 0.36166 0.15517 0.36166 0.15409 0.36275 0.1444 0.36275 0.14332 0.36383 0.14224 0.36275 0.13793 0.36275 0.1347 0.36601 0.13362 0.36601 0.13362 0.3671 0.13254 0.36819 0.13039 0.36819 0.12931 0.36928 0.12931 0.37037 0.12608 0.37364 0.125 0.37364 0.12284 0.37582 0.12177 0.37582 0.11746 0.38017 0.11746 0.38344 0.11638 0.38453 0.11638 0.38562 0.1153 0.38671 0.1153 0.39216 0.11422 0.39325 0.11422 0.40087 0.11315 0.40196 0.11315 0.40414 0.11207 0.40523 0.11207 0.40959 0.10991 0.41176 0.10991 0.41612 0.10776 0.4183 0.10776 0.42593 0.10668 0.42702 0.10668 0.4281 0.10776 0.42919 0.10776 0.43464 0.10668 0.43573 0.10668 0.43682 0.10776 0.43791 0.10776 0.44336 0.10668 0.44444 0.10668 0.44662 0.10776 0.44771 0.10776 0.45207 0.10668 0.45316 0.10668 0.45969 0.10776 0.46078 0.10668 0.46187 0.10668 0.4695 0.1056 0.47059 0.1056 0.47277 0.10668 0.47386 0.10668 0.47821 0.1056 0.4793 0.1056 0.48039 0.10668 0.48148 0.10668 0.48475 0.10776 0.48584 0.10776 0.48693 0.10668 0.48802 0.10668 0.48911 0.10776 0.4902 0.10776 0.49346 0.10884 0.49455 0.10884 0.49564 0.10776 0.49673 0.10776 0.49782 0.10884 0.49891 0.10884 0.50218 0.10991 0.50327 0.10991 0.50545 0.11099 0.50654 0.11099 0.50763 0.11207 0.50871 0.11207 0.5098 0.11315 0.51089 0.11315 0.51198 0.11422 0.51307 0.11422 0.51525 0.1153 0.51634 0.1153 0.51743 0.11638 0.51852 0.11638 0.51961 0.11746 0.5207 0.11746 0.52179 0.12392 0.52179 0.125 0.52288 0.13147 0.52288 0.13254 0.52179 0.13362 0.52288 0.13578 0.52288 0.13685 0.52179 0.13793 0.52179 0.13901 0.5207 0.14009 0.5207 0.14116 0.51961 0.14224 0.5207 0.1444 0.51852 0.14547 0.51852 0.14655 0.51743 0.14763 0.51743 0.14978 0.51525 0.15086 0.51634 0.15194 0.51634 0.15302 0.51525 0.15517 0.51525 0.15625 0.51416 0.15733 0.51416 0.15841 0.51307 0.15948 0.51416 0.16056 0.51416 0.16164 0.51307 0.16272 0.51307 0.16379 0.51198 0.16595 0.51198 0.16703 0.51089 0.17134 0.51089 0.17241 0.5098 0.17349 0.5098 0.17457 0.50871 0.17888 0.50871 0.17996 0.50763 0.18103 0.50763 0.18211 0.50654 0.18319 0.50654 0.18427 0.50545 0.18642 0.50545 0.1875 0.50436 0.18858 0.50436 0.18966 0.50327 0.19073 0.50327 0.19181 0.50218 0.19289 0.50218 0.19397 0.50109 0.1972 0.50109 0.19828 0.5 0.20043 0.5 0.20151 0.49891 0.20366 0.49891 0.20474 0.49782 0.20582 0.49782 0.2069 0.49673 0.20797 0.49673 0.21013 0.49455 0.21228 0.49455 0.21336 0.49346 0.21552 0.49346 0.21767 0.49129 0.21875 0.49129 0.21983 0.4902 0.22198 0.4902 0.22306 0.48911 0.22414 0.48911 0.22522 0.48802 0.22629 0.48802 0.22737 0.48693 0.23707 0.48693 0.23815 0.48584 0.23922 0.48693 0.2403 0.48693 0.24138 0.48584 0.24461 0.48584 0.24569 0.48475 0.24677 0.48475 0.24784 0.48584 0.24892 0.48584 0.25 0.48475 0.25108 0.48475 0.25216 0.48584 0.25539 0.48584 0.25647 0.48693 0.25754 0.48693 0.25862 0.48802 0.26293 0.48802 0.26509 0.4902 0.27155 0.4902 0.27263 0.49129 0.27586 0.49129 0.27694 0.4902 0.28017 0.4902 0.28125 0.49129 0.28448 0.49129 0.28556 0.4902 0.28879 0.4902 0.28987 0.49129 0.2931 0.49129 0.29418 0.49237 0.29634 0.49237 0.29957 0.49564 0.30172 0.49564 0.3028 0.49673 0.30388 0.49673 0.30496 0.49782 0.30603 0.49782 0.30819 0.5 0.30927 0.5 0.31034 0.50109 0.31466 0.50109 0.31573 0.50218 0.31789 0.50218 0.31897 0.50109 0.32328 0.50109 0.32435 0.50218 0.32974 0.50218 0.33082 0.50109 0.3319 0.50109 0.33405 0.49891 0.33405 0.49782 0.33513 0.49673 0.33513 0.49564 0.33621 0.49455 0.33621 0.49346 0.33728 0.49237 0.33836 0.49237 0.33836 0.49129 0.34052 0.48911 0.34159 0.4902 0.34267 0.48911 0.34375 0.48911 0.34483 0.48802 0.34591 0.48802 0.34698 0.48693 0.34806 0.48693 0.34914 0.48584 0.35022 0.48693 0.35129 0.48584 0.35237 0.48584 0.35345 0.48475 0.3556 0.48475 0.35668 0.48366 0.35776 0.48366 0.35884 0.48475 0.36638 0.48475 0.36746 0.48584 0.37284 0.48584 0.37392 0.48475 0.375 0.48475 0.37608 0.48584 0.38254 0.48584 0.38362 0.48475 0.3847 0.48584 0.38685 0.48584 0.38793 0.48475 0.39116 0.48475 0.39224 0.48366 0.39332 0.48475 0.39547 0.48475 0.39655 0.48366 0.39871 0.48366 0.39978 0.48257 0.40302 0.48257 0.40409 0.48148 0.40625 0.48148 0.40733 0.48039 0.41164 0.48039 0.41272 0.4793 0.41379 0.4793 0.41487 0.47821 0.4181 0.47821 0.41918 0.4793 0.42241 0.4793 0.42349 0.47821 0.42672 0.47821 0.4278 0.4793 0.43103 0.4793 0.43103 0.47712 0.42996 0.47603 0.42996 0.47168 0.42888 0.47059 0.42888 0.4695 0.4278 0.46841 0.4278 0.46623 0.42672 0.46514 0.4278 0.46405 0.42672 0.46405 0.42565 0.46296 0.42457 0.46296 0.42349 0.46187 0.42241 0.46187 0.42026 0.45969 0.42026 0.45861 0.41918 0.45861 0.4181 0.45752 0.41272 0.45752 0.41164 0.45643 0.40409 0.45643 0.40302 0.45534 0.39763 0.45534 0.39332 0.45098 0.39224 0.45098 0.39116 0.44989 0.39009 0.44989 0.38901 0.4488 0.38685 0.4488 0.38578 0.44771 0.38039 0.44771 0.37823 0.44553 0.37069 0.44553 0.36853 0.44336 0.3653 0.44336 0.36422 0.44227 0.36207 0.44227 0.36099 0.44118 0.36099 0.44009 0.35776 0.44009 0.35668 0.439 0.35453 0.439 0.35237 0.43682 0.35129 0.43682 0.35022 0.43573 0.34698 0.43573 0.34591 0.43464 0.34483 0.43464 0.34375 0.43355 0.34052 0.43355 0.33944 0.43464 0.33621 0.43464 0.33513 0.43355 0.32974 0.43355 0.32866 0.43464 0.32759 0.43464 0.32651 0.43355 0.32004 0.43355 0.31897 0.43246 0.31789 0.43355 0.31573 0.43355 0.31466 0.43246 0.31358 0.43246 0.3125 0.43137 0.31142 0.43137 0.31034 0.43028 0.31034 0.42919 0.30927 0.42919 0.30819 0.4281 0.30711 0.4281 0.30603 0.42702 0.30496 0.42702 0.30388 0.42593 0.3028 0.42593 0.30172 0.42484 0.30172 0.42375 0.29957 0.42157 0.29849 0.42157 0.29741 0.42048 0.29634 0.42048 0.29418 0.4183 0.29418 0.41721 0.2931 0.41721 0.29203 0.41612 0.28987 0.41612 0.28879 0.41503 0.28772 0.41503 0.28556 0.41285 0.28556 0.41176 0.28448 0.41176 0.28341 0.41068 0.28233 0.41068 0.28125 0.40959 0.28017 0.40959 0.27909 0.4085 0.27802 0.4085 0.27694 0.40741 0.27694 0.40632 0.27586 0.40523 0.27478 0.40523 0.27155 0.40196 0.27047 0.40196 0.2694 0.40087 0.2694 0.39978 0.26832 0.39869 0.26724 0.39869 0.26616 0.3976 0.26509 0.3976 0.26293 0.39542 0.26185 0.39542 0.26078 0.39434 0.26078 0.39216 0.2597 0.39216 0.25754 0.38998 0.25647 0.38998 0.25431 0.3878 0.25323 0.3878 0.25216 0.38671 0.25216 0.38562 0.25 0.38344 0.24892 0.38344 0.24461 0.37908 0.24461 0.378 0.24246 0.37582 0.24138 0.37582 0.2403 0.37473 0.2403 0.37364 0.23707 0.37037 0.23707 0.36928 0.23599 0.36928 0.23384 0.3671 0.22953 0.3671 0.22737 0.36492 0.22091 0.36492 0.21983 0.36383 0.21875 0.36383 0.21767 0.36275 0.21228 0.36275 0.21121 0.36166 0.20797 0.36166 0.2069 0.36057 0.20366 0.36057 0.20259 0.35948 0.19504 0.35948 0.19397 0.35839 0.19073 0.35839 0.18966 0.35948 0.18642 0.35948 0.18534 0.35839 0.18319 0.35839 0.18211 0.35948 0.1778 0.35948 0.17672 0.35839
