0 0.53906 0.57422 0.53516 0.57812 0.53516 0.58008 0.5332 0.58203 0.53516 0.58398 0.53516 0.58984 0.54492 0.58984 0.54688 0.58789 0.55078 0.58789 0.55273 0.58984 0.55664 0.58984 0.56055 0.59375 0.5625 0.59375 0.56641 0.59766 0.56641 0.59961 0.56836 0.60156 0.56836 0.60352 0.57031 0.60547 0.57227 0.60547 0.57422 0.60742 0.57617 0.60742 0.58008 0.61133 0.58203 0.61133 0.58594 0.61523 0.58789 0.61523 0.59375 0.62109 0.59375 0.62305 0.5957 0.62305 0.59766 0.625 0.59766 0.62891 0.59961 0.63086 0.59961 0.63281 0.60156 0.63477 0.60156 0.63672 0.60352 0.63867 0.60352 0.65234 0.60547 0.6543 0.60547 0.66211 0.60742 0.66406 0.60742 0.66992 0.60938 0.67188 0.60938 0.68945 0.60742 0.69141 0.60742 0.73242 0.60938 0.73438 0.60938 0.74805 0.61328 0.75195 0.61328 0.75586 0.61523 0.75586 0.61719 0.75781 0.61719 0.76172 0.62109 0.76562 0.62305 0.76562 0.625 0.76758 0.62695 0.76758 0.63086 0.77148 0.63477 0.77148 0.63672 0.77344 0.64062 0.77344 0.64258 0.77539 0.64648 0.77539 0.64844 0.77734 0.65039 0.77734 0.65234 0.7793 0.65625 0.7793 0.6582 0.78125 0.66406 0.78125 0.66602 0.7832 0.67383 0.7832 0.67578 0.78516 0.68164 0.78516 0.68359 0.78711 0.6875 0.78711 0.68945 0.78906 0.69727 0.78906 0.69922 0.79102 0.70312 0.79102 0.70508 0.78906 0.71484 0.78906 0.7168 0.78711 0.7207 0.78711 0.72266 0.78516 0.72852 0.78516 0.73047 0.7832 0.73438 0.7832 0.73633 0.78125 0.74023 0.78125 0.74219 0.7793 0.74805 0.7793 0.75195 0.77539 0.75195 0.75977 0.75 0.75781 0.75 0.75195 0.74414 0.75195 0.74219 0.75 0.74023 0.75 0.73828 0.74805 0.73633 0.74805 0.73438 0.74609 0.73242 0.74609 0.72852 0.74219 0.72656 0.74219 0.72461 0.74023 0.72266 0.74023 0.7207 0.73828 0.71875 0.73828 0.71484 0.73438 0.71289 0.73438 0.71094 0.73242 0.70898 0.73242 0.70703 0.73047 0.70508 0.73047 0.70312 0.72852 0.69922 0.72852 0.69727 0.72656 0.69727 0.72461 0.69531 0.72461 0.69336 0.72266 0.69141 0.72266 0.6875 0.71875 0.6875 0.7168 0.68164 0.71094 0.68164 0.70898 0.67773 0.70508 0.67773 0.70312 0.67578 0.70117 0.67578 0.69531 0.67383 0.69336 0.67383 0.68359 0.67188 0.68164 0.67188 0.67578 0.66992 0.67383 0.66992 0.65039 0.66797 0.64844 0.66797 0.62695 0.66602 0.62695 0.66406 0.625 0.66211 0.625 0.66016 0.62305 0.65625 0.62305 0.6543 0.62109 0.65039 0.62109 0.64844 0.61914 0.64258 0.61914 0.64062 0.61719 0.61328 0.61719 0.60938 0.61328 0.60742 0.61328 0.60156 0.60742 0.59961 0.60742 0.59766 0.60547 0.5957 0.60547 0.58984 0.59961 0.58789 0.59961 0.58398 0.5957 0.58203 0.5957 0.57617 0.58984 0.57617 0.58789 0.57031 0.58203 0.56641 0.58203 0.56445 0.58008 0.56055 0.58008 0.55859 0.57812 0.55078 0.57812 0.54883 0.57617 0.54492 0.57617 0.54297 0.57422
0 0.47266 0.55273 0.4707 0.55469 0.46875 0.55469 0.4668 0.55664 0.4668 0.55859 0.46484 0.56055 0.46484 0.56641 0.4668 0.56836 0.4668 0.57031 0.46875 0.57227 0.4707 0.57227 0.47266 0.57422 0.47266 0.57812 0.47461 0.58008 0.47461 0.58203 0.47852 0.58594 0.49023 0.58594 0.49023 0.58398 0.49414 0.58008 0.49414 0.56836 0.49219 0.56641 0.49219 0.56445 0.49023 0.5625 0.49023 0.56055 0.48438 0.55469 0.48242 0.55469 0.48047 0.55273
0 0.75781 0.54102 0.75586 0.54297 0.74414 0.54297 0.74219 0.54492 0.73047 0.54492 0.72461 0.55078 0.72266 0.55078 0.7207 0.55273 0.71875 0.55273 0.7168 0.55469 0.71484 0.55469 0.70898 0.56055 0.70703 0.56055 0.70508 0.5625 0.70312 0.5625 0.70312 0.56445 0.69531 0.57227 0.69531 0.57422 0.68555 0.58398 0.68555 0.58594 0.68359 0.58789 0.68359 0.5957 0.68164 0.59766 0.68164 0.60156 0.67969 0.60352 0.67969 0.61133 0.67773 0.61328 0.67773 0.63867 0.67578 0.64062 0.67578 0.66016 0.67773 0.66211 0.67773 0.68359 0.67969 0.68555 0.67969 0.68945 0.68359 0.69336 0.68359 0.69727 0.68555 0.69922 0.68555 0.70312 0.69141 0.70898 0.69141 0.71094 0.69336 0.71094 0.69922 0.7168 0.69922 0.71875 0.70703 0.72656 0.70898 0.72656 0.71094 0.72852 0.71484 0.72852 0.7168 0.73047 0.7207 0.73047 0.72266 0.73242 0.72656 0.73242 0.72852 0.73438 0.73047 0.73438 0.73242 0.73633 0.76758 0.73633 0.76953 0.73438 0.77344 0.73438 0.77539 0.73242 0.79102 0.73242 0.79297 0.73047 0.80078 0.73047 0.80273 0.72852 0.8125 0.72852 0.81445 0.72656 0.82227 0.72656 0.82422 0.72461 0.84766 0.72461 0.84961 0.72656 0.87109 0.72656 0.87109 0.72461 0.875 0.7207 0.87695 0.7207 0.88281 0.71484 0.88477 0.71484 0.88672 0.71289 0.88672 0.71094 0.88867 0.70898 0.88867 0.70703 0.89062 0.70508 0.89062 0.70312 0.89258 0.70117 0.89258 0.69922 0.89648 0.69531 0.89648 0.69336 0.89844 0.69141 0.89844 0.68555 0.90039 0.68359 0.90039 0.67969 0.90234 0.67773 0.90234 0.66797 0.9043 0.66602 0.9043 0.6543 0.90625 0.65234 0.90625 0.64453 0.9082 0.64258 0.9082 0.64062 0.91016 0.63867 0.91016 0.63086 0.91211 0.62891 0.91211 0.61914 0.91016 0.61719 0.91016 0.61328 0.90234 0.60547 0.90039 0.60547 0.89648 0.60156 0.89453 0.60156 0.89062 0.59766 0.88867 0.59766 0.88477 0.59375 0.88477 0.5918 0.88281 0.5918 0.875 0.58398 0.87305 0.58398 0.87109 0.58203 0.86914 0.58203 0.86719 0.58008 0.86328 0.58008 0.86133 0.57812 0.85547 0.57812 0.85156 0.57422 0.84766 0.57422 0.84375 0.57031 0.83984 0.57031 0.83789 0.56836 0.83594 0.56836 0.83203 0.56445 0.83008 0.56445 0.82812 0.5625 0.82617 0.5625 0.82422 0.56055 0.82227 0.56055 0.81836 0.55664 0.8125 0.55664 0.81055 0.55469 0.80273 0.55469 0.80078 0.55273 0.79688 0.55273 0.79492 0.55078 0.79102 0.55078 0.78711 0.54688 0.7832 0.54688 0.78125 0.54492 0.77539 0.54492 0.77344 0.54297 0.76172 0.54297 0.75977 0.54102
0
0
0 0.63086 0.50977 0.62891 0.51172 0.61328 0.51172 0.60938 0.51562 0.60547 0.51562 0.60352 0.51758 0.59961 0.51758 0.59766 0.51953 0.5957 0.51953 0.59375 0.52148 0.59375 0.52539 0.5918 0.52734 0.5918 0.5332 0.58789 0.53711 0.58789 0.54297 0.58594 0.54492 0.58594 0.57812 0.58789 0.58008 0.58789 0.58203 0.5918 0.58594 0.5918 0.58789 0.59375 0.58984 0.59375 0.59375 0.5957 0.59375 0.59961 0.59766 0.60547 0.59766 0.60742 0.59961 0.61133 0.59961 0.61328 0.60156 0.61523 0.60156 0.61719 0.60352 0.62109 0.60352 0.62305 0.60547 0.64062 0.60547 0.64062 0.60352 0.64258 0.60156 0.64258 0.59961 0.64844 0.59375 0.64844 0.5918 0.65039 0.58984 0.65039 0.58789 0.6543 0.58398 0.6543 0.58203 0.65625 0.58008 0.65625 0.57812 0.6582 0.57617 0.6582 0.57422 0.66016 0.57227 0.66016 0.57031 0.66211 0.56836 0.66211 0.56445 0.66406 0.5625 0.66406 0.55469 0.66602 0.55273 0.66602 0.55078 0.66797 0.54883 0.66797 0.54688 0.66602 0.54492 0.66602 0.53906 0.66406 0.53711 0.66406 0.52734 0.66211 0.52539 0.66211 0.52148 0.66016 0.51953 0.6582 0.51953 0.65625 0.51758 0.65234 0.51758 0.65039 0.51562 0.64844 0.51562 0.64453 0.51172 0.64258 0.51172 0.64062 0.50977
0 0.56836 0.49609 0.56641 0.49805 0.56445 0.49805 0.56055 0.50195 0.56055 0.50391 0.55859 0.50586 0.55859 0.51367 0.55469 0.51758 0.55469 0.52148 0.55273 0.52344 0.55273 0.5332 0.55078 0.53516 0.54883 0.53516 0.54688 0.53711 0.54297 0.53711 0.5332 0.54688 0.5332 0.54883 0.53125 0.55078 0.52734 0.55078 0.52539 0.55273 0.52148 0.55273 0.51953 0.55469 0.51758 0.55469 0.51562 0.55664 0.51172 0.55664 0.50781 0.56055 0.50586 0.56055 0.50195 0.56445 0.50195 0.56641 0.5 0.56836 0.5 0.57227 0.50195 0.57422 0.50195 0.57617 0.50586 0.58008 0.51758 0.58008 0.51953 0.57812 0.52148 0.57812 0.52344 0.57617 0.52734 0.57617 0.52734 0.57422 0.5293 0.57227 0.5332 0.57227 0.53516 0.57031 0.54297 0.57031 0.54688 0.56641 0.54688 0.56445 0.54883 0.5625 0.55078 0.5625 0.55078 0.56055 0.55469 0.55664 0.55664 0.55664 0.56055 0.55273 0.5625 0.55273 0.56445 0.55078 0.56641 0.55078 0.56836 0.54883 0.57031 0.54883 0.57031 0.54688 0.57227 0.54492 0.57227 0.53906 0.57422 0.53711 0.57422 0.53516 0.57617 0.5332 0.57617 0.52539 0.57812 0.52344 0.57812 0.51953 0.58008 0.51758 0.58008 0.51367 0.58203 0.51172 0.58203 0.50195 0.57812 0.49805 0.57617 0.49805 0.57422 0.49609
0 0.44727 0.47461 0.44531 0.47656 0.44336 0.47656 0.44336 0.47852 0.4375 0.48438 0.4375 0.49414 0.44141 0.49805 0.44141 0.5 0.44336 0.50195 0.44531 0.50195 0.44922 0.50586 0.45703 0.50586 0.46289 0.5 0.46484 0.5 0.46484 0.49805 0.4668 0.49609 0.4668 0.48828 0.46484 0.48633 0.46484 0.48242 0.45898 0.47656 0.45703 0.47656 0.45508 0.47461
0 0.81445 0.40234 0.8125 0.4043 0.79688 0.4043 0.79492 0.40625 0.79297 0.40625 0.79297 0.4082 0.79102 0.41016 0.78906 0.41016 0.78516 0.41406 0.7832 0.41406 0.7832 0.41602 0.7793 0.41992 0.77539 0.41992 0.77148 0.42383 0.76953 0.42383 0.76562 0.42773 0.76367 0.42773 0.75977 0.43164 0.75586 0.43164 0.75195 0.43555 0.75 0.43555 0.74609 0.43945 0.74414 0.43945 0.74219 0.44141 0.73828 0.44141 0.73438 0.44531 0.73242 0.44531 0.73047 0.44727 0.72656 0.44727 0.72461 0.44922 0.72266 0.44922 0.7207 0.45117 0.71875 0.45117 0.71484 0.45508 0.71289 0.45508 0.71094 0.45703 0.70898 0.45703 0.70703 0.45898 0.70312 0.45898 0.70117 0.46094 0.69922 0.46094 0.69727 0.45898 0.67578 0.45898 0.67383 0.45703 0.66992 0.45703 0.66797 0.45898 0.66211 0.45898 0.66016 0.46094 0.6582 0.46094 0.65625 0.46289 0.65039 0.46289 0.64844 0.46484 0.63281 0.46484 0.63086 0.4668 0.61914 0.4668 0.61719 0.46875 0.61523 0.46875 0.61133 0.47266 0.58789 0.47266 0.58594 0.47461 0.58398 0.47461 0.58203 0.47656 0.58008 0.47656 0.58008 0.47852 0.57812 0.48047 0.57812 0.48242 0.57422 0.48633 0.57422 0.49023 0.58203 0.49023 0.58398 0.49219 0.5918 0.49219 0.59375 0.49414 0.5957 0.49414 0.59766 0.49609 0.60156 0.49609 0.60352 0.49805 0.60547 0.49805 0.60742 0.5 0.61328 0.5 0.61523 0.50195 0.62305 0.50195 0.625 0.50391 0.63281 0.50391 0.63477 0.50586 0.6543 0.50586 0.65625 0.50781 0.6582 0.50781 0.66016 0.50977 0.66211 0.50977 0.66602 0.51367 0.66797 0.51367 0.67188 0.51758 0.67188 0.51953 0.67383 0.52148 0.67383 0.52344 0.67773 0.52734 0.70117 0.52734 0.70312 0.52539 0.70703 0.52539 0.70898 0.52344 0.71289 0.52344 0.7168 0.51953 0.72461 0.51953 0.72656 0.52148 0.73438 0.52148 0.73633 0.52344 0.74609 0.52344 0.74805 0.52148 0.75391 0.52148 0.75586 0.51953 0.76758 0.51953 0.76953 0.52148 0.77344 0.52148 0.77539 0.52344 0.7832 0.52344 0.78516 0.52539 0.78906 0.52539 0.79102 0.52734 0.79297 0.52734 0.79688 0.53125 0.79883 0.53125 0.80273 0.53516 0.80469 0.53516 0.80664 0.53711 0.81055 0.53711 0.8125 0.53906 0.8125 0.54102 0.81641 0.54102 0.81836 0.54297 0.82031 0.54297 0.82227 0.54492 0.82422 0.54492 0.82812 0.54883 0.83008 0.54883 0.83203 0.55078 0.83398 0.55078 0.83594 0.55273 0.83984 0.55273 0.8418 0.55469 0.8457 0.55469 0.84961 0.55859 0.85352 0.55859 0.85547 0.56055 0.85938 0.56055 0.86133 0.5625 0.86523 0.5625 0.86719 0.56445 0.86719 0.56641 0.87109 0.56641 0.875 0.57031 0.87891 0.57031 0.88086 0.57227 0.89844 0.57227 0.90039 0.57031 0.90234 0.57031 0.90234 0.56836 0.9043 0.56641 0.9043 0.56445 0.90625 0.5625 0.90625 0.56055 0.91016 0.55664 0.91016 0.55273 0.91211 0.55078 0.91211 0.54492 0.91406 0.54297 0.91406 0.53906 0.91602 0.53711 0.91602 0.52734 0.91797 0.52539 0.91797 0.50195 0.91992 0.5 0.91992 0.49219 0.92188 0.49023 0.92188 0.46484 0.91992 0.46289 0.91992 0.45898 0.91797 0.45703 0.91797 0.43164 0.91602 0.42969 0.91406 0.42969 0.91016 0.42578 0.91016 0.42383 0.9082 0.42383 0.90625 0.42188 0.90625 0.41992 0.9043 0.41992 0.90234 0.41797 0.90234 0.41602 0.89844 0.41211 0.88477 0.41211 0.88281 0.41016 0.87891 0.41016 0.87695 0.4082 0.875 0.4082 0.87305 0.40625 0.86719 0.40625 0.86523 0.4043 0.85352 0.4043 0.85156 0.40234
0 0.42773 0.37891 0.42383 0.38281 0.42188 0.38281 0.41992 0.38477 0.41797 0.38477 0.41602 0.38672 0.41797 0.38867 0.41797 0.39062 0.41992 0.39062 0.42969 0.40039 0.42969 0.4043 0.42773 0.40625 0.42188 0.40039 0.41016 0.40039 0.4082 0.40234 0.40234 0.40234 0.39844 0.40625 0.39844 0.4082 0.39648 0.41016 0.39648 0.41211 0.39062 0.41797 0.39062 0.41992 0.38672 0.42383 0.38672 0.42578 0.38477 0.42773 0.38477 0.42969 0.37891 0.43555 0.37891 0.43945 0.375 0.44336 0.375 0.44531 0.36914 0.45117 0.36914 0.45312 0.36523 0.45703 0.36523 0.45898 0.36328 0.46094 0.36328 0.46484 0.35938 0.46875 0.35938 0.47266 0.35742 0.47461 0.35742 0.47852 0.35547 0.48047 0.35547 0.48828 0.35156 0.49219 0.35156 0.51758 0.35547 0.52148 0.35547 0.52734 0.35742 0.5293 0.35742 0.53516 0.35938 0.53711 0.35938 0.54102 0.36133 0.54297 0.36133 0.54492 0.36328 0.54688 0.36328 0.55078 0.36523 0.55273 0.36719 0.55273 0.37891 0.56445 0.37891 0.56641 0.38086 0.56641 0.38477 0.57031 0.38672 0.57031 0.39062 0.57422 0.39062 0.57617 0.39258 0.57617 0.39648 0.58008 0.39844 0.58008 0.40039 0.58203 0.40234 0.58203 0.40625 0.58594 0.41211 0.58594 0.41406 0.58789 0.41602 0.58789 0.41797 0.58984 0.42383 0.58984 0.42969 0.5957 0.43555 0.5957 0.4375 0.59766 0.44141 0.59766 0.44336 0.59961 0.44727 0.59961 0.45117 0.60352 0.4668 0.60352 0.47461 0.5957 0.47461 0.58984 0.47266 0.58789 0.47266 0.58594 0.46875 0.58203 0.45508 0.58203 0.45312 0.58008 0.45117 0.58008 0.44922 0.57812 0.44727 0.57812 0.44336 0.57422 0.43555 0.57422 0.43164 0.57031 0.42773 0.57031 0.42578 0.56836 0.42188 0.56836 0.41797 0.56445 0.41406 0.56445 0.41211 0.5625 0.41016 0.5625 0.40039 0.55273 0.39844 0.55273 0.39258 0.54688 0.39062 0.54688 0.38867 0.54492 0.38867 0.54297 0.38281 0.53711 0.38281 0.53516 0.38086 0.5332 0.38086 0.52539 0.37695 0.52148 0.37695 0.51562 0.375 0.51367 0.375 0.51172 0.37305 0.50977 0.37305 0.50195 0.375 0.5 0.375 0.49219 0.37695 0.49023 0.37695 0.48438 0.38086 0.48047 0.38086 0.47656 0.38281 0.47461 0.38281 0.47266 0.38477 0.4707 0.38672 0.4707 0.38672 0.46875 0.38867 0.4668 0.38867 0.46484 0.39062 0.46289 0.39062 0.46094 0.39258 0.45898 0.39258 0.45703 0.39648 0.45312 0.39648 0.45117 0.40039 0.44727 0.40039 0.44531 0.40234 0.44336 0.40234 0.44141 0.40625 0.4375 0.40625 0.43555 0.41211 0.42969 0.41211 0.42773 0.41406 0.42578 0.41406 0.42383 0.41797 0.41992 0.42188 0.41992 0.42578 0.41602 0.42578 0.41406 0.42773 0.41211 0.42773 0.40625 0.42969 0.4043 0.43164 0.40625 0.43164 0.41016 0.43359 0.41211 0.43359 0.42383 0.43555 0.42188 0.44141 0.42188 0.44336 0.41992 0.45117 0.41992 0.45312 0.41797 0.45312 0.41211 0.45117 0.41016 0.45117 0.40234 0.45312 0.40039 0.46094 0.4082 0.47266 0.4082 0.47461 0.41016 0.48828 0.41016 0.49023 0.41211 0.49414 0.41211 0.49609 0.41406 0.49805 0.41406 0.50195 0.41797 0.50586 0.41797 0.50781 0.41992 0.51367 0.41992 0.51562 0.42188 0.51758 0.42188 0.51953 0.42383 0.51953 0.42578 0.52148 0.42773 0.52344 0.42773 0.5293 0.43359 0.5293 0.43555 0.53125 0.43555 0.5332 0.4375 0.5332 0.43945 0.53906 0.44531 0.53906 0.44727 0.54102 0.44922 0.54102 0.45117 0.54492 0.45508 0.54492 0.45703 0.54688 0.45898 0.54688 0.46094 0.54883 0.46289 0.54883 0.46484 0.55078 0.46484 0.55273 0.4668 0.55273 0.46875 0.55469 0.4707 0.55469 0.47461 0.55664 0.47461 0.55859 0.47656 0.55859 0.47852 0.56055 0.47852 0.5625 0.48047 0.56836 0.48047 0.57031 0.47852 0.57227 0.47852 0.57227 0.47656 0.57422 0.47461 0.57617 0.47461 0.57617 0.46289 0.57422 0.46094 0.57422 0.45898 0.57031 0.45508 0.57031 0.45312 0.56641 0.44922 0.56641 0.44727 0.5625 0.44336 0.5625 0.44141 0.55859 0.4375 0.55859 0.43359 0.55078 0.42578 0.55078 0.42383 0.54492 0.41797 0.54297 0.41797 0.5332 0.4082 0.5332 0.40625 0.53125 0.4043 0.52734 0.4043 0.52539 0.40234 0.52344 0.40234 0.52148 0.40039 0.51758 0.40039 0.51367 0.39648 0.50977 0.39648 0.50781 0.39453 0.50586 0.39453 0.50391 0.39258 0.5 0.39258 0.49805 0.39062 0.49609 0.39062 0.49414 0.38867 0.48047 0.38867 0.47852 0.38672 0.45898 0.38672 0.45508 0.39062 0.45508 0.39258 0.45312 0.39453 0.45117 0.39258 0.45117 0.38867 0.45508 0.38477 0.45508 0.38086 0.45312 0.38086 0.45117 0.37891
