0 0.44289 0.53595 0.44181 0.53704 0.44073 0.53704 0.43966 0.53813 0.43858 0.53813 0.43858 0.53922 0.43642 0.54139 0.43642 0.54248 0.43534 0.54357 0.43534 0.55011 0.43642 0.5512 0.43642 0.55447 0.4375 0.55447 0.43858 0.55556 0.43858 0.55664 0.43966 0.55773 0.43966 0.55882 0.44181 0.55882 0.44289 0.55991 0.44289 0.561 0.44828 0.56645 0.44935 0.56645 0.45043 0.56754 0.45043 0.56863 0.45151 0.56863 0.45259 0.56972 0.45259 0.57081 0.45366 0.57081 0.45905 0.57625 0.45905 0.57734 0.46013 0.57843 0.46013 0.57952 0.46228 0.57952 0.46336 0.58061 0.46336 0.5817 0.46444 0.58279 0.46659 0.58279 0.46875 0.58497 0.46875 0.58606 0.47091 0.58824 0.47198 0.58824 0.47522 0.5915 0.47737 0.5915 0.47845 0.59259 0.47953 0.59259 0.4806 0.59368 0.48168 0.59368 0.48276 0.59477 0.48384 0.59477 0.48815 0.59913 0.48922 0.59913 0.4903 0.60022 0.49138 0.60022 0.49246 0.60131 0.49353 0.60131 0.49461 0.6024 0.49892 0.6024 0.5 0.60349 0.50108 0.6024 0.50216 0.60349 0.50323 0.60349 0.50431 0.60458 0.50539 0.60349 0.50647 0.60349 0.50754 0.60458 0.50862 0.60458 0.5097 0.60566 0.51078 0.60458 0.51293 0.60458 0.51401 0.60566 0.51509 0.60458 0.51724 0.60675 0.52263 0.60675 0.52371 0.60784 0.52478 0.60675 0.52586 0.60784 0.53233 0.60784 0.53341 0.60675 0.53448 0.60675 0.53556 0.60784 0.53664 0.60784 0.53772 0.60675 0.54095 0.60675 0.54203 0.60566 0.54418 0.60566 0.54526 0.60675 0.54634 0.60566 0.54849 0.60566 0.54957 0.60675 0.55065 0.60675 0.55172 0.60566 0.55496 0.60566 0.55603 0.60458 0.55927 0.60458 0.56142 0.6024 0.5625 0.6024 0.56358 0.60131 0.56358 0.60022 0.56466 0.59913 0.56466 0.59804 0.56573 0.59695 0.56573 0.59586 0.56789 0.59368 0.56897 0.59477 0.56897 0.59586 0.56789 0.59695 0.56789 0.59804 0.56897 0.59913 0.56789 0.60022 0.56789 0.60131 0.56681 0.6024 0.56681 0.60458 0.56573 0.60566 0.56573 0.60675 0.56681 0.60784 0.56897 0.60784 0.57004 0.60675 0.57112 0.60784 0.57328 0.60784 0.57435 0.60675 0.57651 0.60675 0.57759 0.60784 0.57866 0.60675 0.5819 0.60675 0.58297 0.60566 0.58621 0.60566 0.58728 0.60458 0.58944 0.60458 0.59159 0.6024 0.59267 0.6024 0.59375 0.60131 0.59483 0.60131 0.59483 0.60022 0.59698 0.59804 0.59806 0.59804 0.59914 0.59695 0.59914 0.59586 0.60022 0.59477 0.60129 0.59477 0.60129 0.5915 0.60022 0.59041 0.59806 0.59041 0.59591 0.58824 0.59483 0.58824 0.59375 0.58715 0.59267 0.58715 0.58944 0.58388 0.58836 0.58388 0.58728 0.58279 0.58621 0.58279 0.58513 0.5817 0.58513 0.57843 0.58405 0.57843 0.58297 0.57734 0.58297 0.57407 0.5819 0.57407 0.58082 0.57298 0.58082 0.56972 0.57974 0.56863 0.57974 0.56536 0.57759 0.56318 0.57759 0.561 0.57543 0.561 0.57543 0.56209 0.57435 0.56318 0.57328 0.56318 0.5722 0.56427 0.57004 0.56427 0.56789 0.56645 0.56681 0.56645 0.56573 0.56754 0.56466 0.56754 0.56358 0.56863 0.5625 0.56863 0.56142 0.56972 0.56034 0.56972 0.55927 0.57081 0.55927 0.5719 0.56034 0.57298 0.56034 0.57407 0.56142 0.57516 0.56142 0.57625 0.5625 0.57625 0.56358 0.57734 0.56358 0.58061 0.56466 0.5817 0.56466 0.58279 0.56573 0.58388 0.56573 0.58497 0.56681 0.58606 0.56681 0.58932 0.56573 0.59041 0.56466 0.58932 0.56466 0.58824 0.56358 0.58715 0.56358 0.58606 0.56142 0.58606 0.55819 0.58279 0.5528 0.58279 0.55172 0.58388 0.55065 0.58388 0.54957 0.58279 0.54849 0.58279 0.54741 0.58388 0.53987 0.58388 0.53879 0.58497 0.53556 0.58497 0.53448 0.58388 0.53341 0.58497 0.53017 0.58497 0.52909 0.58606 0.52802 0.58497 0.52694 0.58497 0.52586 0.58388 0.52478 0.58497 0.52371 0.58497 0.52263 0.58388 0.52155 0.58388 0.52047 0.58497 0.5194 0.58388 0.51832 0.58388 0.51724 0.58279 0.51401 0.58279 0.51293 0.5817 0.51185 0.5817 0.51078 0.58279 0.5097 0.5817 0.50862 0.5817 0.50754 0.58061 0.50647 0.5817 0.50431 0.5817 0.50323 0.58061 0.50216 0.5817 0.5 0.57952 0.49892 0.57952 0.49784 0.57843 0.49677 0.57843 0.49461 0.57625 0.49246 0.57625 0.48815 0.5719 0.48599 0.5719 0.48384 0.56972 0.48384 0.56863 0.48168 0.56863 0.47845 0.56536 0.47845 0.56427 0.47737 0.56427 0.47522 0.56209 0.47522 0.561 0.47306 0.55882 0.47198 0.55882 0.47091 0.55773 0.47091 0.55664 0.46983 0.55664 0.46767 0.55447 0.46767 0.55229 0.46659 0.55229 0.46228 0.54793 0.46121 0.54793 0.45905 0.54575 0.45905 0.54466 0.45797 0.54357 0.4569 0.54357 0.45582 0.54248 0.45582 0.54139 0.45259 0.53813 0.45151 0.53813 0.44935 0.53595
0 0.32759 0.51634 0.32651 0.51743 0.32328 0.51743 0.3222 0.51852 0.32004 0.51852 0.31897 0.51743 0.31789 0.51852 0.31466 0.51852 0.31358 0.51961 0.31142 0.51961 0.30819 0.52288 0.30603 0.52288 0.30603 0.52397 0.30496 0.52505 0.30388 0.52505 0.3028 0.52614 0.30172 0.52614 0.30172 0.52723 0.30065 0.52832 0.29957 0.52832 0.29849 0.52941 0.29741 0.52941 0.29526 0.53159 0.2931 0.53159 0.29203 0.53268 0.28448 0.53268 0.28341 0.53377 0.27586 0.53377 0.27478 0.53486 0.27155 0.53486 0.27047 0.53595 0.26832 0.53595 0.26616 0.53813 0.26293 0.53813 0.26185 0.53922 0.26078 0.53922 0.2597 0.54031 0.25862 0.54031 0.25754 0.54139 0.25539 0.54139 0.25323 0.54357 0.25216 0.54248 0.25 0.54248 0.24892 0.54357 0.24784 0.54248 0.23599 0.54248 0.23491 0.54357 0.23384 0.54357 0.23276 0.54248 0.23168 0.54248 0.2306 0.54357 0.22953 0.54248 0.22845 0.54248 0.22737 0.54139 0.22522 0.54139 0.22414 0.54031 0.21983 0.54031 0.21767 0.53813 0.21659 0.53922 0.21444 0.53704 0.21121 0.53704 0.21013 0.53595 0.20905 0.53595 0.20797 0.53486 0.2069 0.53595 0.20474 0.53377 0.19935 0.53377 0.19828 0.53268 0.1972 0.53377 0.19504 0.53159 0.19181 0.53159 0.19073 0.5305 0.18966 0.5305 0.18858 0.53159 0.18642 0.52941 0.18534 0.52941 0.18427 0.52832 0.18319 0.52941 0.18211 0.52832 0.18103 0.52832 0.17996 0.52723 0.17888 0.52832 0.1778 0.52832 0.17672 0.52723 0.17349 0.52723 0.17241 0.52614 0.1681 0.52614 0.16703 0.52505 0.16595 0.52505 0.16487 0.52614 0.16379 0.52505 0.15841 0.52505 0.15733 0.52397 0.15625 0.52505 0.15517 0.52397 0.15302 0.52397 0.15194 0.52288 0.15086 0.52397 0.14871 0.52179 0.14763 0.52179 0.14655 0.52288 0.14547 0.52179 0.1444 0.52179 0.14224 0.51961 0.14116 0.5207 0.14009 0.51961 0.13901 0.51961 0.13793 0.51852 0.13685 0.51961 0.13578 0.51961 0.1347 0.51852 0.13362 0.51852 0.13254 0.51961 0.13147 0.51961 0.13039 0.51852 0.12931 0.51852 0.12823 0.51961 0.125 0.51961 0.12392 0.5207 0.12069 0.5207 0.11961 0.52179 0.11746 0.52179 0.11746 0.52288 0.11638 0.52397 0.11638 0.52723 0.1153 0.52832 0.1153 0.52941 0.11422 0.5305 0.11422 0.53268 0.11315 0.53377 0.11315 0.53813 0.11207 0.53922 0.11207 0.54139 0.11099 0.54248 0.11099 0.54357 0.11207 0.54466 0.11099 0.54575 0.11099 0.56209 0.11207 0.56318 0.11099 0.56427 0.11099 0.56645 0.11207 0.56754 0.11207 0.57081 0.11099 0.5719 0.11207 0.57298 0.11207 0.57625 0.11315 0.57734 0.11315 0.58061 0.11422 0.5817 0.11422 0.58388 0.11315 0.58497 0.11422 0.58606 0.11422 0.58932 0.1153 0.59041 0.1153 0.59368 0.11638 0.59477 0.11638 0.59586 0.1153 0.59695 0.1153 0.59804 0.11638 0.59913 0.11638 0.6024 0.11746 0.60349 0.11746 0.60675 0.11638 0.60784 0.11746 0.60893 0.11746 0.6122 0.11853 0.61329 0.11853 0.61547 0.11746 0.61656 0.11853 0.61765 0.11853 0.62092 0.11961 0.622 0.11961 0.62527 0.12177 0.62745 0.12177 0.62963 0.12284 0.63072 0.12284 0.63181 0.12392 0.6329 0.12392 0.63399 0.125 0.63508 0.125 0.63725 0.12716 0.63943 0.12716 0.6427 0.12823 0.64379 0.12823 0.64706 0.12931 0.64815 0.12931 0.65142 0.13039 0.65251 0.13039 0.65577 0.13147 0.65577 0.13254 0.65686 0.13254 0.66013 0.13362 0.66122 0.13362 0.66231 0.13578 0.66449 0.13793 0.66449 0.14116 0.66776 0.14332 0.66776 0.14655 0.67102 0.14655 0.67211 0.14978 0.67211 0.15086 0.6732 0.15086 0.67429 0.15194 0.67429 0.15409 0.67647 0.15517 0.67647 0.15625 0.67756 0.15733 0.67647 0.16056 0.67647 0.16164 0.67538 0.16272 0.67647 0.16487 0.67647 0.16595 0.67538 0.17241 0.67538 0.17349 0.67647 0.17457 0.67538 0.17565 0.67538 0.17672 0.67647 0.18211 0.67647 0.18319 0.67756 0.18427 0.67647 0.18642 0.67647 0.1875 0.67756 0.18858 0.67647 0.19181 0.67647 0.19289 0.67538 0.19397 0.67647 0.19612 0.67647 0.1972 0.67538 0.20043 0.67538 0.20151 0.67647 0.20259 0.67538 0.20582 0.67538 0.2069 0.67429 0.20797 0.67429 0.20905 0.67538 0.21013 0.67538 0.21121 0.67429 0.21444 0.67429 0.21552 0.6732 0.21875 0.6732 0.21983 0.67211 0.22306 0.67211 0.22522 0.66993 0.22737 0.66993 0.22845 0.66885 0.23168 0.66885 0.23276 0.66776 0.23491 0.66776 0.23707 0.66558 0.2403 0.66558 0.24138 0.66449 0.24353 0.66449 0.24569 0.66231 0.24892 0.66231 0.25 0.66122 0.25108 0.66122 0.25323 0.65904 0.25323 0.65795 0.25539 0.65577 0.25539 0.65468 0.2597 0.65033 0.2597 0.64924 0.26078 0.64815 0.26078 0.64706 0.26185 0.64597 0.26185 0.64488 0.26293 0.64379 0.26401 0.64379 0.2694 0.63834 0.2694 0.63725 0.27047 0.63617 0.27155 0.63617 0.27263 0.63508 0.27263 0.63399 0.27586 0.63072 0.27694 0.63072 0.27694 0.62854 0.27802 0.62745 0.27909 0.62745 0.28017 0.62636 0.28125 0.62636 0.28125 0.62418 0.28233 0.62309 0.28341 0.62309 0.28448 0.622 0.28556 0.622 0.28556 0.62092 0.28879 0.61765 0.28879 0.61656 0.28987 0.61547 0.29095 0.61547 0.29203 0.61438 0.2931 0.61438 0.2931 0.61329 0.29526 0.61111 0.29634 0.61111 0.30065 0.60675 0.30172 0.60675 0.30388 0.60458 0.30496 0.60458 0.30603 0.60349 0.30496 0.6024 0.30603 0.60131 0.30711 0.60131 0.30819 0.60022 0.30927 0.60022 0.30927 0.59913 0.31034 0.59804 0.31142 0.59804 0.31142 0.59695 0.3125 0.59586 0.31358 0.59586 0.31358 0.59477 0.31466 0.59368 0.31573 0.59368 0.31681 0.59259 0.31789 0.59259 0.31789 0.5915 0.32004 0.58932 0.3222 0.58932 0.3222 0.58824 0.32435 0.58606 0.33082 0.58606 0.3319 0.58497 0.33513 0.58497 0.33621 0.58388 0.33728 0.58388 0.33836 0.58497 0.33944 0.58497 0.34052 0.58388 0.34375 0.58388 0.34483 0.58279 0.35237 0.58279 0.35345 0.5817 0.35453 0.5817 0.3556 0.58061 0.35668 0.58061 0.35776 0.57952 0.35884 0.57952 0.35991 0.57843 0.36099 0.57843 0.36099 0.57734 0.36207 0.57625 0.36422 0.57625 0.36638 0.57407 0.36853 0.57407 0.37177 0.57081 0.37392 0.57081 0.37608 0.56863 0.37823 0.56863 0.37931 0.56754 0.38254 0.56754 0.38362 0.56645 0.38685 0.56645 0.38685 0.56536 0.38793 0.56427 0.39116 0.56427 0.39224 0.56318 0.39547 0.56318 0.39547 0.56209 0.39655 0.561 0.39763 0.561 0.39871 0.55991 0.39978 0.55991 0.39978 0.55882 0.40194 0.55664 0.40302 0.55664 0.40517 0.55447 0.40841 0.55447 0.40948 0.55338 0.41272 0.55338 0.41379 0.55229 0.41703 0.55229 0.4181 0.5512 0.42134 0.5512 0.42241 0.55011 0.42349 0.55011 0.42457 0.54902 0.42565 0.54902 0.42565 0.54684 0.42672 0.54575 0.4278 0.54575 0.42888 0.54466 0.42996 0.54466 0.42996 0.54357 0.43103 0.54248 0.43211 0.54248 0.43103 0.54139 0.43211 0.54031 0.43211 0.53922 0.43319 0.53813 0.43211 0.53704 0.43319 0.53595 0.43319 0.53377 0.43427 0.53268 0.43319 0.53159 0.43319 0.5305 0.43427 0.52941 0.43427 0.52832 0.43319 0.52723 0.43211 0.52832 0.42888 0.52832 0.4278 0.52941 0.42565 0.52941 0.42457 0.52832 0.42349 0.52941 0.42026 0.52941 0.41918 0.5305 0.41703 0.5305 0.41595 0.52941 0.41272 0.52941 0.41164 0.52832 0.40733 0.52832 0.40625 0.52723 0.40517 0.52832 0.40409 0.52723 0.40194 0.52723 0.40086 0.52614 0.39978 0.52723 0.39871 0.52723 0.39763 0.52614 0.39655 0.52614 0.39547 0.52723 0.3944 0.52723 0.39332 0.52614 0.39224 0.52614 0.39116 0.52723 0.39009 0.52723 0.38901 0.52614 0.38793 0.52614 0.38685 0.52723 0.38578 0.52723 0.3847 0.52614 0.38362 0.52614 0.38254 0.52723 0.37931 0.52723 0.37823 0.52832 0.37608 0.52832 0.375 0.52723 0.37392 0.52723 0.37284 0.52832 0.36961 0.52832 0.36853 0.52941 0.3653 0.52941 0.36422 0.5305 0.36099 0.5305 0.35991 0.53159 0.35884 0.53159 0.35776 0.5305 0.35453 0.5305 0.35345 0.52941 0.34914 0.52941 0.34806 0.52832 0.34483 0.52832 0.34375 0.52723 0.34159 0.52723 0.33836 0.52397 0.33836 0.52288 0.33728 0.52179 0.33621 0.52179 0.33513 0.5207 0.33513 0.51961 0.33405 0.51852 0.33297 0.51852 0.3319 0.51743 0.3319 0.51634
0 0.54095 0.48584 0.53987 0.48693 0.53664 0.48693 0.53341 0.4902 0.53341 0.49129 0.53233 0.49237 0.53233 0.49346 0.53125 0.49455 0.53125 0.49564 0.53017 0.49673 0.53017 0.50218 0.53125 0.50327 0.53125 0.50654 0.53233 0.50654 0.53341 0.50763 0.53341 0.5098 0.53448 0.51089 0.53556 0.51089 0.53664 0.51198 0.53664 0.51307 0.53772 0.51416 0.53987 0.51416 0.54203 0.51634 0.5431 0.51634 0.54418 0.51743 0.54526 0.51634 0.54849 0.51634 0.54957 0.51525 0.5528 0.51525 0.5528 0.51416 0.55711 0.5098 0.55711 0.50654 0.55819 0.50545 0.55819 0.5 0.55711 0.49891 0.55711 0.49564 0.55603 0.49455 0.55603 0.49346 0.55388 0.49129 0.5528 0.49129 0.55172 0.4902 0.55172 0.48911 0.55065 0.48802 0.54957 0.48802 0.54849 0.48693 0.54741 0.48693 0.54634 0.48584 0.54526 0.48693 0.54418 0.48584
0 0.47953 0.46078 0.47845 0.46187 0.47522 0.46187 0.47091 0.46623 0.47091 0.46732 0.46983 0.46841 0.46983 0.47059 0.46875 0.47168 0.46875 0.47277 0.46983 0.47386 0.46983 0.47712 0.47198 0.4793 0.47198 0.48039 0.47306 0.48039 0.47414 0.48148 0.47522 0.48148 0.47629 0.48257 0.47845 0.48257 0.47953 0.48366 0.48168 0.48366 0.48276 0.48257 0.48599 0.48257 0.48599 0.48148 0.48707 0.48039 0.48815 0.48039 0.48815 0.4793 0.48922 0.47821 0.48922 0.47712 0.4903 0.47603 0.4903 0.47386 0.49138 0.47277 0.49138 0.47168 0.4903 0.47059 0.4903 0.46732 0.48599 0.46296 0.48491 0.46296 0.48384 0.46187 0.48168 0.46187 0.4806 0.46078
0 0.55388 0.43573 0.5528 0.43682 0.55065 0.43682 0.54741 0.44009 0.54741 0.44118 0.54526 0.44336 0.54526 0.4488 0.54418 0.44989 0.54526 0.45098 0.54526 0.45425 0.54634 0.45534 0.54634 0.45752 0.54741 0.45861 0.54849 0.45861 0.55065 0.46078 0.55172 0.46078 0.5528 0.46187 0.55496 0.46187 0.55603 0.46296 0.55711 0.46187 0.56034 0.46187 0.5625 0.45969 0.56358 0.45969 0.56466 0.45861 0.56466 0.45643 0.56681 0.45425 0.56681 0.45098 0.56789 0.44989 0.56789 0.44771 0.56681 0.44662 0.56681 0.44336 0.56573 0.44227 0.56573 0.44118 0.56466 0.44009 0.56466 0.439 0.56358 0.439 0.5625 0.43791 0.56142 0.43791 0.55927 0.43573
0 0.36207 0.4281 0.36099 0.42919 0.35776 0.42919 0.35668 0.43028 0.35453 0.43028 0.35345 0.42919 0.35237 0.43028 0.34914 0.43028 0.34806 0.43137 0.34698 0.43137 0.34483 0.43355 0.34591 0.43464 0.34483 0.43573 0.34483 0.43682 0.34375 0.43791 0.34483 0.439 0.34267 0.44118 0.34267 0.44336 0.34159 0.44444 0.34159 0.44662 0.34052 0.44771 0.34052 0.44989 0.33944 0.45098 0.33944 0.45425 0.33836 0.45534 0.33836 0.45643 0.33944 0.45752 0.33836 0.45861 0.33836 0.45969 0.33728 0.46078 0.33728 0.46405 0.33621 0.46514 0.33621 0.4695 0.33513 0.47059 0.33621 0.47168 0.33513 0.47277 0.33513 0.47386 0.33405 0.47495 0.33405 0.47603 0.33513 0.47712 0.33405 0.47821 0.33405 0.48039 0.33513 0.48148 0.33405 0.48257 0.33405 0.48475 0.33513 0.48584 0.33513 0.48693 0.33405 0.48802 0.33405 0.48911 0.33513 0.4902 0.33513 0.49129 0.33405 0.49237 0.33405 0.49346 0.33513 0.49455 0.33513 0.49564 0.33621 0.49673 0.33621 0.49782 0.33728 0.49891 0.33728 0.50218 0.33836 0.50218 0.33944 0.50327 0.33944 0.50654 0.34159 0.50871 0.34159 0.51089 0.34267 0.51198 0.34267 0.51416 0.34483 0.51634 0.34483 0.51961 0.34591 0.51852 0.34698 0.51961 0.34914 0.51961 0.35022 0.5207 0.35129 0.51961 0.35237 0.5207 0.35345 0.5207 0.35453 0.52179 0.3556 0.5207 0.35668 0.52179 0.35776 0.52179 0.35884 0.52288 0.35991 0.52179 0.36099 0.52288 0.36315 0.52288 0.36422 0.52397 0.3653 0.52288 0.36638 0.52397 0.36746 0.52397 0.36853 0.52505 0.36961 0.52397 0.37284 0.52397 0.37392 0.52288 0.37716 0.52288 0.37931 0.5207 0.38147 0.5207 0.38254 0.51961 0.38578 0.51961 0.38685 0.51852 0.39009 0.51852 0.39224 0.51634 0.39332 0.51634 0.3944 0.51525 0.3944 0.51416 0.39547 0.51307 0.39763 0.51307 0.40086 0.5098 0.40194 0.5098 0.40302 0.50871 0.40302 0.50763 0.40409 0.50654 0.40517 0.50654 0.40625 0.50545 0.40733 0.50545 0.40733 0.50436 0.40625 0.50327 0.40733 0.50218 0.40733 0.49782 0.40841 0.49673 0.40841 0.49564 0.40733 0.49455 0.40841 0.49346 0.40841 0.49129 0.40948 0.4902 0.40841 0.48911 0.40841 0.48802 0.40948 0.48693 0.40948 0.48584 0.40841 0.48475 0.40841 0.48366 0.40948 0.48257 0.40948 0.48148 0.40841 0.48039 0.40841 0.4793 0.40948 0.47821 0.40948 0.47712 0.40841 0.47603 0.40841 0.47277 0.40733 0.47168 0.40733 0.46732 0.40625 0.46623 0.40625 0.46296 0.40517 0.46187 0.40625 0.46078 0.40625 0.45861 0.40517 0.45752 0.40517 0.45425 0.40409 0.45316 0.40409 0.44989 0.40302 0.4488 0.40302 0.44771 0.40194 0.44662 0.40194 0.44553 0.40086 0.44553 0.39871 0.44336 0.39871 0.44227 0.39763 0.44118 0.39655 0.44118 0.39547 0.44009 0.39547 0.439 0.3944 0.43791 0.39332 0.43791 0.39224 0.43682 0.39224 0.43573 0.39116 0.43464 0.39116 0.43355 0.38901 0.43355 0.38685 0.43137 0.38254 0.43137 0.38147 0.43028 0.38039 0.43028 0.37931 0.43137 0.37823 0.43028 0.37284 0.43028 0.37177 0.42919 0.37069 0.43028 0.36961 0.43028 0.36853 0.42919 0.36422 0.42919 0.36315 0.4281
0 0.47091 0.42593 0.46983 0.42702 0.46659 0.42702 0.46552 0.4281 0.46444 0.4281 0.46228 0.43028 0.46228 0.43137 0.46121 0.43246 0.46013 0.43246 0.45905 0.43355 0.45797 0.43355 0.45797 0.43464 0.4569 0.43573 0.45582 0.43573 0.45366 0.43791 0.45366 0.439 0.45259 0.44009 0.45043 0.44009 0.45043 0.44118 0.44935 0.44227 0.44612 0.44227 0.44397 0.44444 0.44289 0.44444 0.44289 0.44553 0.44181 0.44662 0.44181 0.44771 0.44073 0.4488 0.44073 0.44989 0.4375 0.45316 0.4375 0.45425 0.43858 0.45534 0.43427 0.45969 0.43427 0.46078 0.43319 0.46187 0.43211 0.46187 0.42996 0.46405 0.42996 0.46514 0.4278 0.46732 0.42672 0.46732 0.42457 0.4695 0.42457 0.47059 0.42241 0.47277 0.42241 0.47603 0.42134 0.47712 0.42134 0.47821 0.42241 0.4793 0.42241 0.48148 0.42134 0.48257 0.42134 0.48366 0.42241 0.48475 0.42241 0.48584 0.42134 0.48693 0.42134 0.48802 0.42241 0.48911 0.42241 0.49237 0.42349 0.49346 0.42241 0.49455 0.42241 0.49891 0.42134 0.5 0.42134 0.50109 0.42241 0.50218 0.42134 0.50327 0.42134 0.50654 0.42241 0.50763 0.42241 0.50871 0.42134 0.5098 0.42134 0.51525 0.42241 0.51634 0.42241 0.51852 0.42349 0.51961 0.42457 0.51961 0.42672 0.52179 0.4278 0.52179 0.42888 0.52288 0.43103 0.52288 0.43211 0.52397 0.43319 0.52288 0.43642 0.52288 0.43858 0.5207 0.43966 0.5207 0.44073 0.51961 0.44073 0.51743 0.44289 0.51525 0.44289 0.51198 0.44397 0.51089 0.44397 0.50436 0.44289 0.50327 0.44289 0.50218 0.44397 0.50109 0.44397 0.49673 0.44504 0.49564 0.44397 0.49455 0.44397 0.49346 0.44504 0.49237 0.44504 0.4902 0.44397 0.48911 0.44397 0.48257 0.44504 0.48148 0.44504 0.48039 0.4472 0.47821 0.44935 0.47821 0.44935 0.47712 0.45043 0.47603 0.45151 0.47603 0.45151 0.47495 0.45259 0.47386 0.45259 0.47277 0.45366 0.47168 0.45366 0.47059 0.4569 0.46732 0.4569 0.46405 0.45905 0.46187 0.46013 0.46187 0.46013 0.46078 0.46121 0.45969 0.46228 0.45969 0.46336 0.45861 0.46444 0.45861 0.46444 0.45752 0.46552 0.45643 0.46767 0.45643 0.46875 0.45534 0.46875 0.45425 0.47091 0.45207 0.47306 0.45207 0.47306 0.45098 0.47414 0.44989 0.47522 0.44989 0.47522 0.4488 0.47629 0.44771 0.47737 0.44771 0.47737 0.44662 0.47845 0.44553 0.47953 0.44553 0.47953 0.44444 0.4806 0.44336 0.4806 0.44227 0.48276 0.44009 0.48168 0.439 0.48276 0.43791 0.48276 0.43573 0.48168 0.43464 0.48168 0.43137 0.4806 0.43137 0.47629 0.42702 0.47306 0.42702 0.47198 0.42593
0 0.49246 0.41503 0.49138 0.41612 0.4903 0.41612 0.48922 0.41721 0.48815 0.41721 0.48815 0.4183 0.48599 0.42048 0.48599 0.42157 0.48491 0.42266 0.48491 0.42375 0.48384 0.42484 0.48491 0.42593 0.48491 0.43028 0.48599 0.43137 0.48599 0.43355 0.48922 0.43682 0.48922 0.43791 0.4903 0.43791 0.49353 0.44118 0.49353 0.44227 0.49461 0.44227 0.49892 0.44662 0.50216 0.44662 0.50323 0.44771 0.50431 0.44771 0.50539 0.44662 0.50862 0.44662 0.5097 0.44553 0.51185 0.44553 0.51293 0.44444 0.51293 0.44336 0.51509 0.44118 0.51509 0.44009 0.51616 0.439 0.51616 0.43682 0.51724 0.43573 0.51616 0.43464 0.51616 0.43137 0.51401 0.42919 0.51401 0.4281 0.51293 0.42702 0.51078 0.42702 0.50539 0.42157 0.50539 0.42048 0.50108 0.41612 0.5 0.41612 0.49892 0.41503
0 0.51616 0.39216 0.51509 0.39325 0.51185 0.39325 0.51078 0.39434 0.50754 0.39434 0.50647 0.39542 0.50431 0.39542 0.50323 0.39651 0.50323 0.3976 0.5 0.40087 0.5 0.40414 0.49892 0.40523 0.5 0.40632 0.5 0.40959 0.50216 0.41176 0.50216 0.41285 0.50323 0.41394 0.50539 0.41394 0.50754 0.41612 0.50862 0.41612 0.5097 0.41721 0.51078 0.41612 0.51401 0.41612 0.51509 0.41503 0.51832 0.41503 0.5194 0.41394 0.52155 0.41394 0.52263 0.41503 0.52478 0.41503 0.52586 0.41612 0.52694 0.41612 0.52802 0.41503 0.53017 0.41721 0.53125 0.41721 0.53233 0.4183 0.53341 0.41721 0.53664 0.41721 0.53772 0.41612 0.53879 0.41721 0.54203 0.41721 0.5431 0.4183 0.54418 0.4183 0.54526 0.41939 0.54849 0.41939 0.54957 0.42048 0.55388 0.42048 0.55496 0.42157 0.55603 0.42048 0.55711 0.42048 0.55819 0.42157 0.55927 0.42157 0.56034 0.42048 0.56142 0.42048 0.56358 0.42266 0.56573 0.42266 0.56681 0.42375 0.56789 0.42375 0.56897 0.42484 0.57112 0.42484 0.57435 0.4281 0.57651 0.4281 0.57866 0.43028 0.58082 0.43028 0.5819 0.43137 0.58297 0.43137 0.58405 0.43246 0.58513 0.43137 0.58836 0.43464 0.58836 0.43573 0.59052 0.43573 0.59375 0.439 0.59591 0.439 0.59698 0.44009 0.59698 0.44227 0.60022 0.44553 0.60022 0.44771 0.60129 0.4488 0.60129 0.45098 0.60453 0.45425 0.60453 0.45643 0.6056 0.45643 0.60668 0.45752 0.60668 0.45969 0.60991 0.46296 0.60991 0.46405 0.61207 0.46623 0.61207 0.4695 0.61315 0.47059 0.61315 0.47277 0.61207 0.47386 0.61315 0.47495 0.61315 0.47712 0.61207 0.47821 0.61315 0.4793 0.61315 0.4902 0.61207 0.49129 0.61207 0.49564 0.61099 0.49673 0.61207 0.49782 0.61207 0.49891 0.61099 0.5 0.61099 0.50327 0.60776 0.50654 0.60884 0.50763 0.60776 0.50871 0.60776 0.51307 0.60668 0.51416 0.60668 0.51525 0.60776 0.51634 0.6056 0.51852 0.6056 0.51961 0.60453 0.5207 0.60453 0.52288 0.60345 0.52397 0.60345 0.52723 0.60237 0.52832 0.60237 0.53268 0.60129 0.53377 0.60129 0.53595 0.60022 0.53704 0.60022 0.53813 0.59914 0.53922 0.60022 0.54031 0.59914 0.54139 0.59914 0.54248 0.59806 0.54357 0.59806 0.54575 0.59591 0.54793 0.59591 0.5512 0.59483 0.55229 0.59483 0.55447 0.59375 0.55556 0.59375 0.55664 0.59052 0.55991 0.59052 0.561 0.58944 0.56209 0.58836 0.56209 0.58728 0.56318 0.58728 0.56536 0.58513 0.56754 0.58513 0.57298 0.58621 0.57407 0.58621 0.57625 0.58728 0.57734 0.58836 0.57734 0.59267 0.5817 0.59375 0.58061 0.59483 0.58061 0.59591 0.5817 0.59698 0.5817 0.59806 0.58061 0.60129 0.58061 0.60345 0.57843 0.60453 0.57843 0.60668 0.57625 0.60884 0.57625 0.60991 0.57516 0.60991 0.57407 0.61315 0.57081 0.61315 0.56754 0.61422 0.56645 0.61315 0.56536 0.61422 0.56427 0.61422 0.56318 0.61638 0.561 0.61638 0.55773 0.61746 0.55664 0.61638 0.55556 0.61746 0.55447 0.61746 0.55338 0.61961 0.5512 0.61961 0.54793 0.62069 0.54684 0.61961 0.54575 0.62069 0.54466 0.62069 0.54357 0.62177 0.54248 0.62177 0.54139 0.62284 0.54031 0.62284 0.53922 0.62392 0.53813 0.62392 0.53704 0.62284 0.53595 0.62392 0.53486 0.62392 0.53159 0.62608 0.52941 0.62608 0.52505 0.62823 0.52288 0.62823 0.5207 0.62931 0.51961 0.62931 0.51743 0.63039 0.51634 0.63039 0.51416 0.63147 0.51307 0.63039 0.51198 0.63254 0.5098 0.63254 0.50218 0.63362 0.50109 0.63362 0.5 0.63254 0.49891 0.63362 0.49782 0.63362 0.49564 0.6347 0.49455 0.63362 0.49346 0.63362 0.49237 0.6347 0.49129 0.6347 0.48148 0.63362 0.48039 0.6347 0.4793 0.6347 0.47712 0.63578 0.47603 0.6347 0.47495 0.6347 0.47386 0.63578 0.47277 0.63578 0.47168 0.6347 0.47059 0.6347 0.46732 0.63362 0.46623 0.63362 0.46296 0.63254 0.46187 0.63254 0.45861 0.63147 0.45752 0.63147 0.45425 0.63039 0.45425 0.62931 0.45316 0.62931 0.45098 0.62716 0.4488 0.62608 0.4488 0.625 0.44771 0.625 0.44553 0.62392 0.44444 0.62392 0.44336 0.62284 0.44227 0.62284 0.44118 0.62177 0.44118 0.62069 0.44009 0.62069 0.43682 0.61853 0.43464 0.61853 0.43355 0.61638 0.43137 0.61638 0.43028 0.61315 0.42702 0.61315 0.42484 0.61207 0.42484 0.61099 0.42375 0.61099 0.42266 0.60991 0.42266 0.60776 0.42048 0.60668 0.42048 0.6056 0.41939 0.60345 0.41939 0.60129 0.41721 0.60022 0.41721 0.59591 0.41285 0.59375 0.41285 0.59267 0.41176 0.59052 0.41176 0.58836 0.40959 0.58728 0.40959 0.58621 0.4085 0.58513 0.4085 0.5819 0.40523 0.57974 0.40523 0.57759 0.40305 0.57543 0.40305 0.57435 0.40196 0.57328 0.40196 0.5722 0.40087 0.57112 0.40196 0.57004 0.40087 0.56897 0.40087 0.56681 0.39869 0.56573 0.39978 0.56466 0.39869 0.55603 0.39869 0.55496 0.3976 0.55388 0.3976 0.5528 0.39869 0.55172 0.3976 0.55065 0.3976 0.54957 0.39651 0.54849 0.39651 0.54741 0.3976 0.54634 0.3976 0.54526 0.39651 0.5431 0.39651 0.54203 0.39542 0.54095 0.39542 0.53987 0.39434 0.53879 0.39542 0.53772 0.39434 0.53448 0.39434 0.53341 0.39542 0.53233 0.39434 0.53125 0.39434 0.53017 0.39325 0.52909 0.39434 0.52802 0.39325 0.52586 0.39325 0.52478 0.39434 0.52371 0.39434 0.52155 0.39216 0.52047 0.39325 0.5194 0.39216
0 0.22845 0.32789 0.22737 0.32898 0.22414 0.32898 0.22306 0.33007 0.21552 0.33007 0.21444 0.33115 0.21121 0.33115 0.21013 0.33224 0.20797 0.33224 0.20582 0.33442 0.20151 0.33442 0.20043 0.33551 0.19935 0.33551 0.1972 0.33769 0.19289 0.33769 0.19397 0.33878 0.19289 0.33987 0.18966 0.33987 0.18858 0.34096 0.18534 0.34096 0.18534 0.34205 0.18427 0.34314 0.17996 0.34314 0.17888 0.34423 0.1778 0.34423 0.17565 0.34641 0.17457 0.34641 0.17349 0.34749 0.17241 0.34749 0.17134 0.34858 0.16918 0.34858 0.16703 0.35076 0.16487 0.35076 0.16272 0.35294 0.16056 0.35294 0.15841 0.35512 0.15625 0.35512 0.15409 0.3573 0.15194 0.3573 0.14978 0.35948 0.14655 0.35948 0.14547 0.36057 0.14224 0.36057 0.14116 0.36166 0.13793 0.36166 0.13685 0.36275 0.13254 0.36275 0.13147 0.36383 0.12392 0.36383 0.12284 0.36492 0.11961 0.36492 0.11853 0.36601 0.11746 0.36492 0.1153 0.36492 0.11422 0.36601 0.11099 0.36601 0.10884 0.36819 0.10776 0.36819 0.10668 0.36928 0.10668 0.37037 0.1056 0.37146 0.1056 0.37255 0.10345 0.37473 0.10237 0.37473 0.10237 0.37691 0.09914 0.38017 0.09914 0.38126 0.09591 0.38453 0.09591 0.38889 0.09483 0.38998 0.09483 0.39325 0.09375 0.39434 0.09375 0.3976 0.09267 0.39869 0.09267 0.40305 0.09159 0.40414 0.09267 0.40523 0.09159 0.40632 0.09159 0.40741 0.09052 0.4085 0.09052 0.4183 0.09159 0.41939 0.09159 0.42048 0.09052 0.42157 0.09052 0.42266 0.09159 0.42375 0.09159 0.42593 0.09052 0.42702 0.09052 0.4281 0.09159 0.42919 0.09159 0.43682 0.09267 0.43791 0.09267 0.439 0.09159 0.44009 0.09159 0.44118 0.09267 0.44227 0.09267 0.46405 0.09375 0.46514 0.09267 0.46623 0.09267 0.46841 0.09375 0.4695 0.09267 0.47059 0.09267 0.47277 0.09375 0.47386 0.09375 0.47495 0.09267 0.47603 0.09267 0.47821 0.09483 0.48039 0.09483 0.48148 0.09591 0.48148 0.09698 0.48257 0.09698 0.48475 0.10237 0.4902 0.10345 0.48911 0.10453 0.4902 0.1056 0.4902 0.10668 0.49129 0.10884 0.49129 0.11099 0.49346 0.11422 0.49346 0.11638 0.49564 0.11746 0.49564 0.11853 0.49673 0.12177 0.49673 0.12608 0.50109 0.12716 0.5 0.12823 0.50109 0.12931 0.50109 0.13039 0.50218 0.13147 0.50218 0.13362 0.50436 0.1347 0.50436 0.13578 0.50545 0.13685 0.50545 0.13793 0.50654 0.13901 0.50654 0.14009 0.50763 0.14763 0.50763 0.14871 0.50871 0.15302 0.50871 0.15409 0.5098 0.15517 0.50871 0.15625 0.50871 0.15733 0.5098 0.16487 0.5098 0.16595 0.51089 0.16703 0.51089 0.1681 0.51198 0.17026 0.51198 0.17134 0.51307 0.17565 0.51307 0.17672 0.51416 0.1778 0.51307 0.17888 0.51416 0.17996 0.51416 0.18211 0.51634 0.18319 0.51525 0.18427 0.51634 0.18858 0.51634 0.18966 0.51743 0.19073 0.51743 0.19181 0.51852 0.19397 0.51852 0.19504 0.51961 0.19612 0.51961 0.1972 0.51852 0.19828 0.51852 0.19935 0.51961 0.20043 0.51961 0.20151 0.51852 0.20259 0.51961 0.20474 0.51961 0.20582 0.51852 0.2069 0.51852 0.20797 0.51961 0.20905 0.51961 0.21013 0.51852 0.21121 0.51852 0.21228 0.51961 0.21659 0.51961 0.21767 0.5207 0.22522 0.5207 0.22629 0.52179 0.22737 0.52179 0.22845 0.5207 0.22953 0.52179 0.2306 0.52179 0.23168 0.52288 0.23276 0.52288 0.23384 0.52179 0.23491 0.52288 0.24138 0.52288 0.24246 0.52179 0.24353 0.52179 0.24461 0.52288 0.24569 0.52288 0.24677 0.52179 0.25 0.52179 0.25108 0.52288 0.25216 0.52179 0.25323 0.52179 0.25431 0.5207 0.25539 0.5207 0.25647 0.51961 0.2597 0.51961 0.26185 0.51743 0.26401 0.51743 0.26509 0.51634 0.26616 0.51634 0.26724 0.51525 0.26832 0.51525 0.2694 0.51416 0.27263 0.51416 0.27263 0.51307 0.27371 0.51198 0.27694 0.51198 0.27802 0.51089 0.27802 0.5098 0.27909 0.50871 0.28017 0.50871 0.28017 0.50763 0.28233 0.50545 0.28341 0.50545 0.28341 0.50436 0.28664 0.50109 0.28772 0.50109 0.28772 0.5 0.29203 0.49564 0.29203 0.49455 0.29418 0.49237 0.29526 0.49237 0.29634 0.49129 0.29634 0.4902 0.29849 0.48802 0.29849 0.48693 0.29957 0.48584 0.29957 0.48475 0.30065 0.48366 0.30065 0.48257 0.30172 0.48148 0.30172 0.4793 0.30388 0.47712 0.30388 0.47386 0.30711 0.47059 0.30711 0.46732 0.30819 0.46623 0.30819 0.46514 0.31034 0.46296 0.31034 0.46187 0.30927 0.46078 0.31034 0.45969 0.31034 0.45643 0.30927 0.45534 0.31034 0.45425 0.31034 0.45207 0.30927 0.45098 0.30927 0.44989 0.31034 0.4488 0.31034 0.44771 0.30927 0.44662 0.30927 0.44444 0.31034 0.44336 0.30927 0.44227 0.30927 0.44009 0.31034 0.439 0.30927 0.43791 0.30927 0.43464 0.31034 0.43355 0.30927 0.43246 0.30927 0.42919 0.30819 0.4281 0.30927 0.42702 0.30927 0.42484 0.30819 0.42375 0.30819 0.42048 0.30711 0.41939 0.30711 0.41612 0.30603 0.41503 0.30603 0.41176 0.30496 0.41068 0.30496 0.40305 0.30388 0.40196 0.30388 0.3976 0.3028 0.39651 0.3028 0.39325 0.30172 0.39216 0.30172 0.38889 0.29957 0.38671 0.29957 0.38453 0.29849 0.38344 0.29849 0.38017 0.29741 0.37908 0.29741 0.37582 0.29634 0.37582 0.29526 0.37473 0.29526 0.37146 0.29418 0.37037 0.29418 0.3671 0.2931 0.36601 0.2931 0.36492 0.29203 0.36383 0.29203 0.36275 0.29095 0.36275 0.28987 0.36166 0.28987 0.36057 0.28879 0.35948 0.28879 0.35839 0.28772 0.35839 0.28664 0.3573 0.28664 0.35512 0.28556 0.35512 0.28341 0.35294 0.28341 0.35185 0.28125 0.34967 0.28125 0.34858 0.28017 0.34749 0.28017 0.34641 0.27802 0.34641 0.27586 0.34423 0.27586 0.34314 0.27478 0.34314 0.27371 0.34205 0.27263 0.34205 0.27047 0.33987 0.2694 0.33987 0.26832 0.33878 0.26724 0.33878 0.26509 0.3366 0.26509 0.33551 0.26401 0.33551 0.26293 0.33442 0.26185 0.33442 0.26078 0.33333 0.2597 0.33333 0.25754 0.33115 0.25323 0.33115 0.25216 0.33007 0.25108 0.33007 0.25 0.33115 0.24892 0.33007 0.24784 0.33007 0.24677 0.32898 0.24569 0.33007 0.24461 0.32898 0.24353 0.32898 0.24246 0.32789 0.24138 0.32898 0.2403 0.32789
0 0.24784 0.26688 0.24677 0.26797 0.24461 0.26797 0.24246 0.27015 0.23922 0.27015 0.23922 0.27124 0.23815 0.27233 0.23491 0.27233 0.23276 0.27451 0.2306 0.27451 0.2306 0.2756 0.22953 0.27669 0.22629 0.27669 0.22629 0.27778 0.22522 0.27887 0.22306 0.27887 0.22306 0.27996 0.22198 0.28105 0.22091 0.28105 0.21983 0.28214 0.21875 0.28214 0.21659 0.28431 0.21552 0.28431 0.21228 0.28758 0.21013 0.28758 0.21013 0.28867 0.20905 0.28976 0.2069 0.28976 0.20582 0.29085 0.20582 0.29194 0.20474 0.29303 0.20366 0.29303 0.20366 0.29521 0.20582 0.29739 0.20582 0.29956 0.2069 0.30065 0.2069 0.30392 0.20797 0.30501 0.20797 0.30828 0.20905 0.30828 0.21013 0.30937 0.21013 0.31264 0.21121 0.31373 0.21121 0.3159 0.21228 0.3159 0.21336 0.31481 0.21444 0.3159 0.22091 0.3159 0.22198 0.31699 0.22414 0.31699 0.22522 0.31808 0.22737 0.31808 0.22845 0.31917 0.23276 0.31917 0.23491 0.32135 0.23815 0.32135 0.23922 0.32244 0.24246 0.32244 0.24353 0.32353 0.24677 0.32353 0.24892 0.32571 0.25323 0.32571 0.25431 0.3268 0.25539 0.32571 0.25754 0.32789 0.26078 0.32789 0.26185 0.32898 0.26509 0.32898 0.26616 0.33007 0.26724 0.33007 0.26832 0.33115 0.2694 0.33007 0.27155 0.33224 0.27478 0.33224 0.27694 0.33442 0.27694 0.33551 0.27802 0.3366 0.27909 0.3366 0.28125 0.33878 0.28125 0.33987 0.28233 0.33987 0.28341 0.34096 0.28341 0.34205 0.28448 0.34205 0.28556 0.34314 0.28556 0.34423 0.28664 0.34423 0.28879 0.34641 0.28879 0.34858 0.28987 0.34858 0.29095 0.34967 0.29095 0.35076 0.29203 0.35185 0.29203 0.35294 0.29418 0.35512 0.29418 0.3573 0.29526 0.3573 0.29634 0.35839 0.29634 0.36166 0.29741 0.36275 0.29741 0.36492 0.29957 0.3671 0.29957 0.37037 0.30065 0.37146 0.30065 0.37364 0.3028 0.37582 0.3028 0.37908 0.30388 0.38017 0.30388 0.38344 0.30496 0.38453 0.30496 0.3878 0.30603 0.38889 0.30603 0.38998 0.30711 0.39107 0.30711 0.39216 0.30819 0.39325 0.30819 0.39651 0.30927 0.39651 0.31034 0.3976 0.31034 0.40087 0.31142 0.40196 0.31142 0.40305 0.3125 0.40414 0.3125 0.40523 0.31358 0.40632 0.31358 0.40959 0.31466 0.41068 0.31466 0.41394 0.31573 0.41503 0.31573 0.41721 0.31681 0.41721 0.31789 0.4183 0.31897 0.4183 0.32004 0.41939 0.32112 0.4183 0.32328 0.42048 0.32435 0.42048 0.32543 0.41939 0.32651 0.42048 0.33728 0.42048 0.33836 0.42157 0.33944 0.42048 0.34159 0.42048 0.34267 0.42157 0.34375 0.42048 0.34698 0.42048 0.34806 0.41939 0.34914 0.42048 0.35129 0.42048 0.35237 0.41939 0.3556 0.41939 0.35668 0.4183 0.35991 0.4183 0.36099 0.41721 0.36422 0.41721 0.3653 0.41612 0.36853 0.41612 0.36961 0.41721 0.37069 0.41612 0.37284 0.4183 0.375 0.4183 0.37716 0.42048 0.37823 0.42048 0.37931 0.41939 0.38147 0.42157 0.38254 0.42157 0.38362 0.42266 0.38578 0.42266 0.38685 0.42375 0.38901 0.42375 0.39009 0.42484 0.39116 0.42484 0.39332 0.42702 0.39547 0.42702 0.39763 0.42919 0.39978 0.42919 0.40086 0.43028 0.40409 0.43028 0.40733 0.43355 0.40733 0.43464 0.40841 0.43464 0.41164 0.43791 0.41487 0.43791 0.41595 0.439 0.41918 0.439 0.42026 0.44009 0.42134 0.44009 0.42241 0.439 0.42349 0.44009 0.42565 0.44009 0.42672 0.44118 0.4278 0.44009 0.42888 0.44118 0.43103 0.44118 0.43211 0.44009 0.44397 0.44009 0.44504 0.439 0.44612 0.439 0.44828 0.43682 0.44828 0.43246 0.44935 0.43137 0.44935 0.43028 0.4472 0.4281 0.4472 0.42593 0.44612 0.42593 0.44504 0.42484 0.44504 0.42375 0.44397 0.42375 0.44289 0.42484 0.43858 0.42484 0.4375 0.42593 0.43534 0.42593 0.43319 0.4281 0.4278 0.4281 0.42672 0.42702 0.42349 0.42702 0.42241 0.42593 0.42026 0.42593 0.41918 0.42484 0.4181 0.42484 0.41595 0.42266 0.41595 0.42157 0.41379 0.42157 0.41272 0.42048 0.41272 0.41939 0.41056 0.41721 0.40841 0.41721 0.40625 0.41503 0.40517 0.41612 0.40302 0.41394 0.39978 0.41394 0.39871 0.41285 0.39763 0.41285 0.39655 0.41176 0.39547 0.41285 0.39332 0.41068 0.39009 0.41068 0.38901 0.40959 0.38793 0.40959 0.38685 0.4085 0.38685 0.40741 0.38578 0.40741 0.38147 0.40305 0.38147 0.40196 0.38039 0.40196 0.37931 0.40087 0.37931 0.39978 0.375 0.39542 0.375 0.39434 0.37284 0.39216 0.37284 0.38998 0.37177 0.38889 0.37177 0.38562 0.37069 0.38562 0.36961 0.38453 0.36961 0.38126 0.36853 0.38017 0.36853 0.37908 0.36746 0.378 0.36746 0.37691 0.36638 0.37582 0.36638 0.37364 0.36422 0.37146 0.36422 0.36928 0.36207 0.3671 0.36207 0.36601 0.36099 0.36492 0.36099 0.36383 0.35884 0.36166 0.35884 0.35948 0.35776 0.35839 0.35776 0.35512 0.35668 0.35403 0.35668 0.35076 0.3556 0.34967 0.3556 0.34641 0.35453 0.34532 0.35453 0.34423 0.3556 0.34314 0.3556 0.34096 0.35453 0.33987 0.35453 0.3366 0.35345 0.33551 0.35345 0.33224 0.35237 0.33115 0.35237 0.32789 0.35129 0.3268 0.35129 0.32353 0.35022 0.32244 0.35022 0.31917 0.34914 0.31808 0.34914 0.31481 0.34806 0.31373 0.34806 0.31046 0.34698 0.30937 0.34698 0.3061 0.34591 0.30501 0.34591 0.30283 0.34375 0.30065 0.34375 0.29739 0.34267 0.2963 0.34267 0.29303 0.34159 0.29194 0.34159 0.28867 0.34052 0.28867 0.33836 0.28649 0.33836 0.2854 0.33082 0.27778 0.33082 0.27669 0.32866 0.27669 0.32759 0.2756 0.32759 0.27451 0.32651 0.27342 0.32435 0.27342 0.32328 0.27233 0.31897 0.27233 0.31789 0.27124 0.31466 0.27124 0.31358 0.27015 0.3125 0.27015 0.31142 0.27124 0.31034 0.27015 0.30927 0.27015 0.30819 0.26906 0.30711 0.26906 0.30603 0.27015 0.30496 0.26906 0.29957 0.26906 0.29849 0.26797 0.29741 0.26906 0.29634 0.26906 0.29526 0.26797 0.28987 0.26797 0.28879 0.26688 0.28772 0.26797 0.28125 0.26797 0.28017 0.26688 0.27909 0.26797 0.27694 0.26797 0.27586 0.26688 0.27478 0.26797 0.27371 0.26797 0.27263 0.26688 0.27047 0.26688 0.2694 0.26797 0.26832 0.26688 0.26616 0.26688 0.26509 0.26797 0.26401 0.26688 0.26185 0.26688 0.26078 0.26797 0.2597 0.26797 0.25862 0.26688 0.25754 0.26688 0.25647 0.26797 0.25539 0.26797 0.25431 0.26688 0.25323 0.26688 0.25216 0.26797 0.24892 0.26797
