0 0.47461 0.59961 0.47461 0.60156 0.47656 0.60352 0.47656 0.60547 0.47461 0.60742 0.47461 0.60938 0.47266 0.61133 0.4707 0.61133 0.4668 0.61523 0.46484 0.61523 0.46484 0.61719 0.46289 0.61914 0.46289 0.62109 0.4668 0.625 0.4668 0.62695 0.46875 0.62695 0.4707 0.62891 0.48828 0.62891 0.49023 0.62695 0.49219 0.62695 0.49414 0.625 0.49414 0.62305 0.49609 0.62109 0.49414 0.62109 0.49219 0.61914 0.49219 0.61719 0.49609 0.61328 0.49805 0.61328 0.49805 0.60938 0.49609 0.60742 0.49609 0.60547 0.49023 0.59961 0.48438 0.59961 0.48242 0.60156 0.48047 0.59961
0 0.29883 0.57812 0.29688 0.58008 0.29297 0.58008 0.29102 0.58203 0.28711 0.58203 0.28516 0.58398 0.2832 0.58398 0.28125 0.58594 0.27539 0.58594 0.25391 0.60742 0.25391 0.60938 0.25195 0.61133 0.25 0.61133 0.24805 0.61328 0.2207 0.61328 0.21875 0.61523 0.20703 0.61523 0.20508 0.61719 0.20117 0.61719 0.19922 0.61523 0.19727 0.61523 0.19336 0.61914 0.18945 0.61914 0.1875 0.62109 0.17578 0.62109 0.17383 0.62305 0.16211 0.62305 0.16016 0.625 0.15625 0.625 0.1543 0.62695 0.15234 0.625 0.14844 0.62891 0.13867 0.62891 0.13672 0.63086 0.12891 0.63086 0.12695 0.63281 0.11914 0.63281 0.11719 0.63477 0.11328 0.63477 0.11328 0.63672 0.11133 0.63867 0.10938 0.63867 0.10938 0.64062 0.10742 0.64258 0.10742 0.64453 0.10547 0.64648 0.10547 0.65234 0.10742 0.6543 0.10742 0.66211 0.10938 0.66211 0.11133 0.66406 0.11133 0.66602 0.11523 0.66602 0.11719 0.66797 0.13086 0.66797 0.13281 0.66602 0.14453 0.66602 0.14648 0.66406 0.1582 0.66406 0.16016 0.66211 0.17188 0.66211 0.17578 0.6582 0.17969 0.6582 0.18164 0.65625 0.18555 0.65625 0.18945 0.65234 0.19141 0.65234 0.19336 0.65039 0.19531 0.65039 0.19727 0.64844 0.20117 0.64844 0.20312 0.64648 0.20508 0.64844 0.20703 0.64844 0.20898 0.64648 0.23633 0.64648 0.23828 0.64453 0.25195 0.64453 0.25586 0.64062 0.25977 0.64062 0.26367 0.63672 0.26562 0.63672 0.26562 0.63477 0.26758 0.63281 0.26758 0.63086 0.26953 0.62891 0.27148 0.62891 0.27344 0.62695 0.27344 0.625 0.27734 0.62109 0.27734 0.61914 0.2793 0.61719 0.28125 0.61719 0.28125 0.61523 0.2832 0.61328 0.28711 0.61328 0.28906 0.61133 0.29102 0.61328 0.29297 0.61133 0.30078 0.61133 0.30273 0.60938 0.31055 0.60938 0.3125 0.61133 0.31641 0.61133 0.31836 0.61328 0.32031 0.61328 0.32227 0.61523 0.32422 0.61523 0.32617 0.61719 0.32812 0.61719 0.33008 0.61914 0.33203 0.61914 0.33398 0.62109 0.33789 0.62109 0.33984 0.62305 0.3418 0.62305 0.3457 0.62695 0.35156 0.62695 0.35352 0.625 0.35547 0.625 0.35742 0.62305 0.36133 0.62305 0.36328 0.62109 0.36523 0.62109 0.36523 0.61914 0.36719 0.61719 0.36719 0.61523 0.37305 0.60938 0.37305 0.60547 0.37695 0.60156 0.37695 0.5957 0.375 0.59375 0.375 0.5918 0.37305 0.58984 0.37305 0.58594 0.37109 0.58398 0.37109 0.58203 0.36328 0.58203 0.35742 0.58789 0.35547 0.58789 0.34961 0.59375 0.33398 0.59375 0.33203 0.5918 0.32617 0.5918 0.32422 0.58984 0.32227 0.58984 0.32031 0.58789 0.31836 0.58789 0.31445 0.58398 0.3125 0.58398 0.30859 0.58008 0.30664 0.58008 0.30469 0.57812
0 0.57422 0.57617 0.57422 0.57812 0.57227 0.58008 0.57227 0.58203 0.57031 0.58398 0.56836 0.58398 0.56836 0.58789 0.56641 0.58984 0.56641 0.5918 0.56445 0.59375 0.5625 0.59375 0.56055 0.5957 0.55859 0.5957 0.55859 0.59766 0.55664 0.59961 0.55664 0.61133 0.55469 0.61328 0.55664 0.61523 0.55664 0.61914 0.56055 0.62305 0.56445 0.62305 0.56641 0.625 0.56836 0.62305 0.57031 0.625 0.57227 0.62305 0.57422 0.62305 0.57812 0.61914 0.58008 0.61914 0.58008 0.61523 0.58203 0.61328 0.58203 0.60938 0.58008 0.60742 0.58008 0.60547 0.57812 0.60547 0.57617 0.60352 0.57617 0.60156 0.57422 0.59961 0.57422 0.5957 0.58008 0.58984 0.58008 0.57812 0.57812 0.57812 0.57617 0.57617
0 0.44922 0.5332 0.44727 0.53516 0.43945 0.53516 0.43555 0.53906 0.43555 0.54297 0.43359 0.54492 0.43359 0.54688 0.43164 0.54883 0.43164 0.55078 0.42969 0.55273 0.42969 0.55664 0.43164 0.55664 0.43359 0.55859 0.43359 0.5625 0.43555 0.56445 0.43555 0.57031 0.4375 0.57227 0.43945 0.57227 0.44141 0.57422 0.44336 0.57227 0.44531 0.57227 0.44727 0.57031 0.45508 0.57031 0.45703 0.56836 0.45898 0.56836 0.45898 0.56445 0.46289 0.56055 0.46484 0.56055 0.46484 0.55859 0.4668 0.55664 0.4668 0.55273 0.46875 0.55078 0.46875 0.54297 0.4668 0.54102 0.4668 0.53711 0.46484 0.53711 0.46289 0.53516 0.45898 0.53516 0.45703 0.5332 0.45508 0.53516 0.45117 0.53516
0 0.64062 0.50977 0.63867 0.51172 0.63477 0.51172 0.63477 0.52344 0.64062 0.5293 0.64453 0.5293 0.64648 0.52734 0.64844 0.52734 0.65039 0.52539 0.6543 0.52539 0.65625 0.52344 0.66211 0.52344 0.66406 0.52539 0.66406 0.53906 0.66211 0.54102 0.66406 0.54297 0.66211 0.54492 0.66406 0.54688 0.66406 0.55078 0.66797 0.55469 0.66992 0.55469 0.67188 0.55273 0.67383 0.55469 0.67773 0.55078 0.67969 0.55078 0.68945 0.54102 0.68945 0.53906 0.69141 0.53711 0.69141 0.5332 0.68945 0.53125 0.68945 0.5293 0.68555 0.5293 0.68359 0.52734 0.67969 0.52734 0.67773 0.5293 0.67578 0.5293 0.67383 0.52734 0.67383 0.51758 0.67188 0.51562 0.67188 0.51172 0.66602 0.51172 0.66406 0.51367 0.66016 0.51367 0.6582 0.51172 0.65625 0.51172 0.6543 0.50977 0.65234 0.51172 0.64258 0.51172
0 0.57617 0.47852 0.57422 0.48047 0.57227 0.48047 0.57031 0.48242 0.56055 0.48242 0.55859 0.48047 0.55664 0.48242 0.55469 0.48242 0.55273 0.48438 0.55273 0.49414 0.55078 0.49609 0.55078 0.49805 0.54883 0.5 0.54883 0.51367 0.55078 0.51367 0.55273 0.51172 0.55664 0.51172 0.55859 0.51367 0.55859 0.51562 0.55664 0.51758 0.55664 0.52734 0.55859 0.5293 0.55859 0.53711 0.56445 0.54297 0.57617 0.54297 0.57617 0.53906 0.57812 0.53711 0.57812 0.53516 0.58008 0.5332 0.58203 0.5332 0.58203 0.53125 0.58398 0.5293 0.58398 0.52734 0.58594 0.52539 0.58789 0.52539 0.58594 0.52344 0.58594 0.52148 0.58984 0.51758 0.5918 0.51758 0.59375 0.51562 0.5957 0.51562 0.59766 0.51367 0.59766 0.51172 0.5957 0.50977 0.59766 0.50781 0.59766 0.50391 0.60156 0.5 0.59961 0.49805 0.59961 0.49609 0.5957 0.49219 0.5957 0.49023 0.59375 0.48828 0.5918 0.48828 0.58984 0.48633 0.58789 0.48633 0.58594 0.48438 0.58398 0.48633 0.58008 0.48242 0.58008 0.48047 0.57812 0.48047
0 0.62695 0.4043 0.63086 0.4082 0.63086 0.41016 0.63281 0.41211 0.63281 0.41406 0.63477 0.41602 0.63477 0.42773 0.63281 0.42969 0.63281 0.43164 0.63086 0.43359 0.63086 0.43555 0.62891 0.4375 0.63086 0.43945 0.62891 0.44141 0.62891 0.44336 0.63086 0.44531 0.62891 0.44727 0.62891 0.45117 0.63086 0.45312 0.63281 0.45312 0.63477 0.45508 0.63672 0.45312 0.63672 0.44922 0.63867 0.44727 0.63867 0.44531 0.64258 0.44141 0.64258 0.43945 0.64453 0.4375 0.64844 0.4375 0.6543 0.43164 0.6543 0.42773 0.65625 0.42578 0.65625 0.42383 0.6582 0.42188 0.6582 0.41992 0.66016 0.41797 0.66016 0.41602 0.6582 0.41406 0.64648 0.41406 0.64453 0.41211 0.64258 0.41211 0.63867 0.4082 0.63672 0.4082 0.63477 0.40625 0.63086 0.40625 0.62891 0.4043
0 0.14062 0.40039 0.13867 0.40234 0.13672 0.40234 0.13477 0.4043 0.125 0.4043 0.12305 0.40625 0.11328 0.40625 0.11133 0.4082 0.10938 0.4082 0.10742 0.41016 0.10742 0.41211 0.10352 0.41602 0.10156 0.41602 0.09961 0.41797 0.09961 0.41992 0.09766 0.42188 0.0957 0.42188 0.0957 0.42383 0.09375 0.42578 0.09375 0.42773 0.0918 0.42969 0.0918 0.43164 0.08984 0.43359 0.08984 0.4375 0.08789 0.43945 0.08789 0.44531 0.08594 0.44727 0.08594 0.45898 0.08398 0.46094 0.08398 0.4668 0.08203 0.46875 0.08203 0.4707 0.08398 0.47266 0.08203 0.47461 0.08398 0.47656 0.08203 0.47852 0.08398 0.48047 0.08203 0.48242 0.08398 0.48438 0.08203 0.48633 0.08203 0.48828 0.08398 0.49023 0.08203 0.49219 0.08203 0.51953 0.08398 0.52148 0.08203 0.52344 0.08203 0.52734 0.08398 0.5293 0.08398 0.53711 0.08594 0.53906 0.08594 0.54297 0.08789 0.54492 0.08789 0.55664 0.08984 0.55859 0.08984 0.56641 0.09375 0.57031 0.09375 0.57227 0.0957 0.57422 0.0957 0.57812 0.09766 0.58008 0.09961 0.58008 0.10156 0.58203 0.10156 0.58594 0.10352 0.58789 0.10352 0.5957 0.10156 0.59766 0.10156 0.61133 0.10547 0.61133 0.10352 0.60938 0.10352 0.60742 0.10156 0.60547 0.10547 0.60156 0.10742 0.60156 0.10742 0.59961 0.10938 0.59766 0.11328 0.59766 0.11719 0.60156 0.125 0.60156 0.12695 0.60352 0.13086 0.60352 0.13281 0.60547 0.13477 0.60547 0.13672 0.60352 0.14062 0.60352 0.14258 0.60547 0.15039 0.60547 0.15234 0.60742 0.1543 0.60547 0.15625 0.60742 0.15625 0.60547 0.1543 0.60352 0.15625 0.60156 0.16602 0.60156 0.16797 0.60352 0.17383 0.60352 0.17578 0.60547 0.17773 0.60352 0.17969 0.60547 0.18555 0.60547 0.1875 0.60742 0.18945 0.60742 0.19141 0.60547 0.19141 0.60352 0.19336 0.60156 0.19336 0.59961 0.18945 0.5957 0.19141 0.59375 0.19922 0.59375 0.20117 0.5957 0.20898 0.5957 0.21289 0.5918 0.2168 0.5918 0.21875 0.59375 0.2207 0.59375 0.22266 0.5918 0.22461 0.5918 0.22461 0.58984 0.22656 0.58789 0.22656 0.58594 0.22852 0.58398 0.23047 0.58398 0.23047 0.58203 0.23242 0.58008 0.23242 0.57812 0.23438 0.57617 0.23633 0.57617 0.23828 0.57812 0.23828 0.58008 0.24219 0.58008 0.24414 0.57812 0.24609 0.57812 0.25195 0.57227 0.25195 0.56836 0.25391 0.56641 0.25391 0.55859 0.25586 0.55664 0.25586 0.55469 0.25781 0.55273 0.25781 0.55078 0.25977 0.54883 0.25977 0.54492 0.26367 0.54102 0.26562 0.54102 0.26562 0.53711 0.26758 0.53516 0.26758 0.53125 0.26367 0.52734 0.26367 0.52344 0.26562 0.52148 0.26562 0.51953 0.26758 0.51758 0.26758 0.51172 0.26953 0.50977 0.27148 0.51172 0.27148 0.51562 0.27344 0.51367 0.27344 0.51172 0.27539 0.50977 0.27539 0.50781 0.27734 0.50586 0.27734 0.50391 0.27539 0.50195 0.27734 0.5 0.27734 0.49805 0.2793 0.49609 0.27734 0.49414 0.27734 0.49219 0.27539 0.49219 0.27344 0.49023 0.27344 0.48633 0.27148 0.48438 0.27148 0.48242 0.26953 0.48047 0.27344 0.47656 0.27344 0.4707 0.27539 0.46875 0.26758 0.46094 0.26758 0.45898 0.26562 0.45703 0.26562 0.44922 0.26367 0.44922 0.26172 0.44727 0.26172 0.44531 0.25977 0.44336 0.24414 0.44336 0.24219 0.44141 0.24023 0.44336 0.23828 0.44141 0.23633 0.44141 0.23438 0.43945 0.23242 0.43945 0.23047 0.4375 0.22852 0.4375 0.22656 0.43555 0.22656 0.43359 0.22266 0.43359 0.2207 0.43164 0.21875 0.43164 0.2168 0.42969 0.2168 0.42578 0.21484 0.42383 0.21484 0.42188 0.21289 0.41992 0.21094 0.41992 0.20898 0.41797 0.20898 0.41602 0.20508 0.41602 0.20312 0.41406 0.20117 0.41406 0.19922 0.41211 0.19727 0.41211 0.19531 0.41406 0.19141 0.41016 0.18945 0.41016 0.1875 0.4082 0.17969 0.4082 0.17773 0.41016 0.17578 0.4082 0.17578 0.41211 0.17188 0.41602 0.16992 0.41406 0.16211 0.41406 0.16016 0.41211 0.1582 0.41211 0.15625 0.41016 0.1582 0.4082 0.1582 0.4043 0.1543 0.4043 0.15234 0.40234 0.14844 0.40234 0.14648 0.4043 0.14453 0.40234 0.14258 0.40234
0 0.4668 0.39062 0.4668 0.39453 0.46289 0.39844 0.46094 0.39844 0.46094 0.40234 0.45898 0.4043 0.45898 0.40625 0.45703 0.4082 0.45508 0.4082 0.44727 0.41602 0.44531 0.41602 0.44336 0.41797 0.44141 0.41797 0.43945 0.41992 0.42773 0.41992 0.42578 0.42188 0.42383 0.42188 0.42383 0.42383 0.42188 0.42578 0.41992 0.42578 0.41992 0.43945 0.41797 0.44141 0.41797 0.44531 0.41602 0.44727 0.41602 0.44922 0.41406 0.45117 0.41211 0.45117 0.41211 0.45508 0.41016 0.45703 0.41016 0.45898 0.4082 0.46094 0.4082 0.46484 0.4043 0.46875 0.4043 0.4707 0.40234 0.47266 0.40234 0.48047 0.40039 0.48242 0.40234 0.48438 0.40039 0.48633 0.40039 0.50195 0.40234 0.50195 0.40625 0.50586 0.41016 0.50586 0.41211 0.50781 0.42188 0.50781 0.42383 0.50586 0.42578 0.50586 0.42578 0.50391 0.42383 0.50195 0.42383 0.49609 0.42188 0.49414 0.42188 0.49023 0.41992 0.48828 0.42188 0.48633 0.42188 0.48047 0.42383 0.47852 0.42383 0.47266 0.42578 0.4707 0.42578 0.4668 0.42773 0.46484 0.42773 0.46289 0.42969 0.46094 0.43164 0.46094 0.43555 0.45703 0.4375 0.45703 0.44727 0.44727 0.44727 0.44336 0.44922 0.44141 0.44922 0.43945 0.45117 0.4375 0.45117 0.43555 0.45703 0.42969 0.45898 0.42969 0.46094 0.42773 0.46094 0.42578 0.46289 0.42383 0.46484 0.42383 0.4707 0.41797 0.47266 0.41797 0.47656 0.41406 0.48047 0.41406 0.48633 0.4082 0.48633 0.40625 0.48828 0.4043 0.48828 0.40234 0.48438 0.40234 0.48242 0.40039 0.48047 0.40039 0.47852 0.39844 0.47656 0.39844 0.47266 0.39453 0.4707 0.39453
0 0.25391 0.24805 0.25195 0.25 0.25 0.25 0.24805 0.25195 0.23828 0.25195 0.23828 0.25391 0.23633 0.25586 0.22656 0.25586 0.22461 0.25781 0.2168 0.25781 0.21484 0.25977 0.21094 0.25977 0.20898 0.26172 0.20703 0.26172 0.20508 0.26367 0.19727 0.26367 0.19531 0.26562 0.19141 0.26562 0.18945 0.26758 0.18164 0.26758 0.17969 0.26953 0.16602 0.26953 0.16406 0.27148 0.16016 0.27148 0.1582 0.27344 0.15625 0.27148 0.15234 0.27539 0.14844 0.27539 0.14453 0.2793 0.14453 0.28125 0.14258 0.2832 0.14062 0.2832 0.13867 0.28516 0.13672 0.28516 0.13672 0.28711 0.13281 0.29102 0.13086 0.29102 0.12891 0.29297 0.12891 0.29883 0.12695 0.30078 0.12695 0.30664 0.125 0.30859 0.125 0.31055 0.12305 0.3125 0.125 0.31445 0.125 0.31641 0.12305 0.31836 0.12305 0.32422 0.12109 0.32617 0.12109 0.33203 0.11914 0.33398 0.11914 0.34375 0.12109 0.3457 0.12109 0.34766 0.13672 0.36328 0.13672 0.36523 0.13867 0.36719 0.14844 0.36719 0.15039 0.36914 0.17773 0.36914 0.17969 0.36719 0.1875 0.36719 0.18945 0.36523 0.19141 0.36719 0.19336 0.36523 0.19922 0.36523 0.20117 0.36719 0.20312 0.36719 0.20508 0.36914 0.21094 0.36914 0.21289 0.37109 0.21875 0.37109 0.2207 0.37305 0.22461 0.37305 0.22656 0.375 0.22852 0.375 0.23047 0.37695 0.23633 0.37695 0.23828 0.37891 0.24219 0.37891 0.24414 0.38086 0.24609 0.38086 0.24805 0.38281 0.25977 0.38281 0.26172 0.38477 0.26758 0.38477 0.26953 0.38672 0.27344 0.38672 0.27734 0.39062 0.27734 0.39258 0.2793 0.39453 0.28125 0.39453 0.2832 0.39648 0.2832 0.39844 0.28516 0.40039 0.28516 0.40234 0.29297 0.41016 0.29297 0.41211 0.30273 0.41211 0.30469 0.41016 0.31641 0.41016 0.31836 0.4082 0.32031 0.41016 0.32422 0.40625 0.32617 0.4082 0.32812 0.40625 0.33398 0.40625 0.33594 0.4082 0.33398 0.41016 0.33594 0.41016 0.33789 0.41211 0.33984 0.41211 0.34375 0.41602 0.34375 0.41797 0.3457 0.41797 0.36133 0.43359 0.36133 0.43555 0.35938 0.4375 0.36133 0.43945 0.35938 0.44141 0.35938 0.44531 0.35742 0.44727 0.35156 0.44727 0.34961 0.44922 0.3457 0.44922 0.34375 0.45117 0.33594 0.45117 0.33594 0.45312 0.33398 0.45508 0.33203 0.45508 0.32812 0.45898 0.32617 0.45898 0.32617 0.46094 0.32422 0.46289 0.32227 0.46289 0.3125 0.47266 0.31055 0.47266 0.30859 0.47461 0.30859 0.48633 0.30664 0.48828 0.30664 0.49609 0.30469 0.49805 0.30469 0.51367 0.30273 0.51562 0.30469 0.51758 0.30469 0.52734 0.30664 0.5293 0.30664 0.53711 0.30859 0.53906 0.30859 0.55078 0.31055 0.55273 0.31055 0.55664 0.3125 0.55859 0.31055 0.56055 0.32227 0.56055 0.32422 0.5625 0.32617 0.56055 0.32812 0.5625 0.34375 0.5625 0.3457 0.56445 0.34766 0.56445 0.34961 0.5625 0.35156 0.56445 0.35938 0.56445 0.36133 0.56641 0.36328 0.56445 0.36523 0.56641 0.37695 0.56641 0.37891 0.56836 0.37891 0.57422 0.38086 0.57617 0.37891 0.57812 0.38086 0.58008 0.38086 0.58203 0.38281 0.58398 0.38281 0.5918 0.38477 0.59375 0.38477 0.60352 0.38281 0.60547 0.38281 0.61133 0.38086 0.61328 0.38086 0.61523 0.37891 0.61719 0.37891 0.625 0.37695 0.62695 0.37695 0.63281 0.375 0.63477 0.375 0.63672 0.37695 0.63867 0.375 0.64062 0.375 0.64258 0.37891 0.64648 0.38086 0.64648 0.38281 0.64844 0.38477 0.64844 0.38672 0.65039 0.38672 0.65234 0.38867 0.65234 0.39453 0.6582 0.39648 0.6582 0.40234 0.66406 0.4043 0.66406 0.41211 0.67188 0.41406 0.67188 0.41797 0.67578 0.42188 0.67578 0.42383 0.67773 0.42578 0.67773 0.42773 0.67969 0.42969 0.67969 0.43164 0.68164 0.43359 0.68164 0.43555 0.68359 0.43945 0.68359 0.44141 0.68555 0.44336 0.68555 0.44531 0.6875 0.44727 0.6875 0.44922 0.68945 0.45117 0.68945 0.45312 0.69141 0.45703 0.69141 0.45898 0.69336 0.46289 0.69336 0.4668 0.69727 0.46875 0.69727 0.4707 0.69922 0.47461 0.69922 0.47656 0.70117 0.48242 0.70117 0.48438 0.70312 0.48438 0.70508 0.49414 0.70508 0.49609 0.70703 0.49805 0.70508 0.5 0.70508 0.50195 0.70703 0.50391 0.70508 0.50586 0.70703 0.53906 0.70703 0.54102 0.70898 0.57031 0.70898 0.57227 0.71094 0.57422 0.70898 0.57617 0.71094 0.57812 0.70898 0.58008 0.70898 0.58203 0.71094 0.58398 0.70898 0.58594 0.71094 0.58789 0.70898 0.5918 0.70898 0.59375 0.70703 0.59961 0.70703 0.60156 0.70508 0.60352 0.70508 0.60547 0.70312 0.60742 0.70312 0.61133 0.69922 0.61719 0.69922 0.61914 0.69727 0.62109 0.69727 0.62305 0.69531 0.625 0.69531 0.62695 0.69336 0.63281 0.69336 0.63477 0.69141 0.63672 0.69141 0.63867 0.68945 0.64258 0.68945 0.64453 0.6875 0.64648 0.6875 0.65039 0.68359 0.65234 0.68359 0.6543 0.68164 0.65625 0.68164 0.6582 0.67969 0.66016 0.67969 0.66211 0.67773 0.66406 0.67773 0.66797 0.67383 0.67188 0.67383 0.67578 0.66992 0.67773 0.66992 0.67969 0.66797 0.68164 0.66797 0.68359 0.66602 0.68555 0.66602 0.6875 0.66406 0.68945 0.66406 0.69727 0.65625 0.69727 0.6543 0.69922 0.65234 0.69922 0.64844 0.70117 0.64648 0.70312 0.64648 0.70508 0.64453 0.70508 0.64062 0.70703 0.63867 0.70703 0.63672 0.71289 0.63086 0.71289 0.62891 0.71484 0.62695 0.71484 0.625 0.7168 0.62305 0.7168 0.62109 0.71875 0.61914 0.7207 0.61914 0.7207 0.61523 0.72266 0.61328 0.72266 0.61133 0.72461 0.60938 0.72461 0.60352 0.72852 0.59961 0.72852 0.59375 0.73047 0.5918 0.73047 0.58984 0.73242 0.58789 0.73242 0.58398 0.73633 0.58008 0.73633 0.57422 0.73828 0.57227 0.73828 0.56836 0.74023 0.56641 0.74023 0.56445 0.74219 0.5625 0.74023 0.56055 0.74219 0.55859 0.74219 0.55469 0.74414 0.55273 0.74219 0.55078 0.74414 0.54883 0.74414 0.54297 0.74609 0.54102 0.74414 0.53906 0.74414 0.53711 0.74609 0.53516 0.74609 0.52539 0.74805 0.52344 0.74805 0.51172 0.75 0.50977 0.74805 0.50781 0.75 0.50586 0.75 0.5 0.74805 0.49805 0.75 0.49609 0.74805 0.49414 0.75 0.49219 0.74805 0.49023 0.74805 0.47656 0.74609 0.47461 0.74609 0.46484 0.74414 0.46289 0.74414 0.45898 0.74219 0.45703 0.74219 0.45508 0.74023 0.45312 0.74023 0.44531 0.73828 0.44336 0.73828 0.43945 0.73633 0.4375 0.73633 0.43164 0.73438 0.42969 0.73438 0.42773 0.73242 0.42578 0.73242 0.42383 0.72852 0.41992 0.72852 0.41797 0.72656 0.41797 0.72461 0.41602 0.72461 0.41406 0.7207 0.41016 0.7207 0.4082 0.71289 0.40039 0.71289 0.39844 0.71094 0.39648 0.71094 0.39453 0.70312 0.38672 0.69922 0.38672 0.69727 0.38477 0.69531 0.38477 0.69141 0.38086 0.6875 0.38477 0.68555 0.38477 0.67578 0.39453 0.67578 0.39648 0.67383 0.39844 0.67383 0.40039 0.67188 0.40234 0.67188 0.4043 0.66992 0.40625 0.66797 0.40625 0.66797 0.41016 0.66602 0.41211 0.66602 0.41406 0.66406 0.41602 0.66406 0.41797 0.66797 0.42188 0.66797 0.42383 0.66992 0.42383 0.67188 0.42578 0.67188 0.42969 0.67383 0.42969 0.67578 0.43164 0.67578 0.43555 0.67773 0.43555 0.67969 0.4375 0.67969 0.43945 0.68164 0.44141 0.68164 0.44336 0.68359 0.44531 0.68359 0.44922 0.68555 0.45117 0.68555 0.45312 0.68945 0.45703 0.68945 0.46094 0.69141 0.46289 0.69141 0.46484 0.69336 0.4668 0.69336 0.47266 0.69141 0.47461 0.68945 0.47461 0.6875 0.47266 0.68359 0.47266 0.68164 0.4707 0.67969 0.4707 0.67773 0.46875 0.67578 0.46875 0.67383 0.4668 0.67188 0.4668 0.66992 0.46484 0.66797 0.46484 0.66602 0.46289 0.66602 0.45898 0.66406 0.45898 0.66211 0.45703 0.65234 0.4668 0.66016 0.47461 0.66406 0.47461 0.66602 0.47656 0.66602 0.47852 0.66992 0.48242 0.67188 0.48242 0.67773 0.48828 0.67969 0.48633 0.68164 0.48828 0.68555 0.48438 0.6875 0.48438 0.6875 0.48242 0.68945 0.48047 0.68945 0.47656 0.69141 0.47461 0.69336 0.47656 0.69336 0.47852 0.69531 0.48047 0.69531 0.48242 0.69727 0.48438 0.69531 0.48633 0.69727 0.48828 0.69727 0.49219 0.69922 0.49414 0.69727 0.49609 0.69922 0.49805 0.69922 0.53516 0.69727 0.53711 0.69727 0.54297 0.69531 0.54492 0.69531 0.54883 0.69141 0.55273 0.69141 0.56055 0.68945 0.5625 0.68945 0.56445 0.6875 0.56641 0.6875 0.56836 0.68359 0.57227 0.67969 0.56836 0.67188 0.56836 0.66797 0.57227 0.66797 0.57617 0.67383 0.58203 0.67578 0.58203 0.67773 0.58008 0.67969 0.58008 0.68164 0.58203 0.67969 0.58398 0.67969 0.58594 0.67578 0.58984 0.67578 0.59375 0.67383 0.5957 0.67188 0.5957 0.67188 0.59766 0.66797 0.60156 0.66797 0.60352 0.6582 0.61328 0.6582 0.61523 0.64844 0.625 0.64844 0.62695 0.64648 0.62891 0.64258 0.62891 0.63672 0.63477 0.63281 0.63477 0.63281 0.63672 0.62891 0.64062 0.625 0.64062 0.625 0.64258 0.62305 0.64453 0.62109 0.64453 0.61719 0.64844 0.61523 0.64844 0.61328 0.65039 0.60938 0.65039 0.60742 0.65234 0.60547 0.65234 0.60352 0.6543 0.59961 0.6543 0.59766 0.65625 0.58789 0.65625 0.58594 0.6582 0.57617 0.6582 0.57422 0.66016 0.5625 0.66016 0.56055 0.66211 0.55859 0.66211 0.55664 0.66406 0.55469 0.66211 0.55273 0.66406 0.54688 0.66406 0.54492 0.66211 0.54297 0.66406 0.54102 0.66211 0.53906 0.66406 0.5293 0.66406 0.52734 0.66211 0.52539 0.66406 0.52344 0.66211 0.52148 0.66406 0.51953 0.66406 0.51758 0.66211 0.51562 0.66406 0.51367 0.66211 0.51172 0.66211 0.50977 0.66016 0.50195 0.66016 0.5 0.6582 0.49414 0.6582 0.49219 0.65625 0.48438 0.65625 0.48242 0.6543 0.48242 0.65234 0.48047 0.65234 0.47852 0.65039 0.47656 0.65039 0.47461 0.64844 0.47461 0.64648 0.47266 0.64648 0.4668 0.64062 0.46484 0.64062 0.46289 0.63867 0.46094 0.63867 0.45898 0.63672 0.45898 0.63477 0.45703 0.63477 0.45508 0.63281 0.45312 0.63281 0.44727 0.62695 0.44727 0.625 0.44531 0.62305 0.44336 0.62305 0.44141 0.62109 0.44141 0.61914 0.43945 0.61719 0.43945 0.61523 0.4375 0.61523 0.43359 0.61133 0.43359 0.60938 0.43164 0.60742 0.43164 0.60547 0.42969 0.60547 0.42578 0.60156 0.42578 0.59961 0.42383 0.59961 0.42188 0.59766 0.42188 0.5957 0.41992 0.5957 0.41797 0.59375 0.41797 0.5918 0.41016 0.58398 0.41016 0.58008 0.4082 0.57812 0.4082 0.57617 0.40625 0.57422 0.40625 0.57031 0.4043 0.57031 0.40234 0.56836 0.40234 0.56445 0.40039 0.5625 0.40039 0.55859 0.39844 0.55664 0.39844 0.55469 0.39648 0.55273 0.39648 0.55078 0.39453 0.54883 0.39648 0.54688 0.39453 0.54492 0.39453 0.54102 0.39258 0.53906 0.39258 0.52734 0.39062 0.52539 0.39062 0.51562 0.38867 0.51367 0.38867 0.49414 0.39062 0.49219 0.38867 0.49023 0.38867 0.47266 0.39062 0.4707 0.39062 0.46289 0.39258 0.46094 0.39258 0.45508 0.39453 0.45312 0.39453 0.44531 0.39648 0.44336 0.39648 0.44141 0.39844 0.43945 0.39844 0.43164 0.40039 0.42969 0.40039 0.42773 0.41016 0.41797 0.41016 0.41602 0.41211 0.41406 0.41406 0.41406 0.41797 0.41016 0.41797 0.4082 0.41992 0.40625 0.42188 0.40625 0.42188 0.4043 0.42383 0.40234 0.42578 0.40234 0.42578 0.40039 0.42969 0.39648 0.43164 0.39648 0.43359 0.39453 0.43555 0.39453 0.4375 0.39258 0.44141 0.39258 0.44531 0.38867 0.44727 0.38867 0.44922 0.38672 0.45508 0.38672 0.45898 0.38281 0.46289 0.38281 0.4668 0.37891 0.46875 0.37891 0.4707 0.37695 0.47461 0.37695 0.47656 0.375 0.47852 0.375 0.48047 0.37305 0.48242 0.37305 0.48633 0.36914 0.49023 0.36914 0.49219 0.36719 0.49805 0.36719 0.5 0.36523 0.50195 0.36523 0.50391 0.36328 0.50977 0.36328 0.51172 0.36523 0.51367 0.36328 0.51562 0.36328 0.51758 0.36523 0.53711 0.36523 0.53906 0.36719 0.54102 0.36523 0.54297 0.36719 0.54492 0.36523 0.54688 0.36523 0.54883 0.36719 0.56836 0.36719 0.57031 0.36914 0.57227 0.36719 0.57422 0.36914 0.57812 0.36914 0.58008 0.37109 0.58594 0.37109 0.58984 0.375 0.5957 0.375 0.59766 0.37695 0.59961 0.37695 0.60156 0.37891 0.60547 0.37891 0.60938 0.38281 0.61523 0.38281 0.61719 0.38477 0.62305 0.38477 0.625 0.38281 0.62695 0.38281 0.62695 0.38086 0.62891 0.37891 0.62891 0.375 0.63086 0.37305 0.63086 0.37109 0.63281 0.36914 0.63281 0.36719 0.63477 0.36523 0.63477 0.36328 0.64062 0.35742 0.64062 0.35352 0.64258 0.35156 0.64062 0.34961 0.64062 0.34375 0.63867 0.3418 0.63867 0.33984 0.63672 0.33789 0.63477 0.33789 0.63086 0.33398 0.62891 0.33398 0.62305 0.32812 0.62109 0.32812 0.61914 0.32617 0.61719 0.32617 0.61523 0.32422 0.61133 0.32422 0.60938 0.32227 0.60742 0.32227 0.60547 0.32031 0.60352 0.32031 0.60156 0.31836 0.5957 0.31836 0.59375 0.31641 0.5918 0.31641 0.58984 0.31445 0.58594 0.31445 0.58398 0.3125 0.58203 0.3125 0.58008 0.31055 0.57422 0.31055 0.57227 0.30859 0.56836 0.30859 0.56641 0.30664 0.56445 0.30859 0.56055 0.30859 0.55859 0.30664 0.55664 0.30859 0.55469 0.30664 0.55273 0.30859 0.54688 0.30859 0.54492 0.30664 0.54297 0.30859 0.5 0.30859 0.49805 0.31055 0.49609 0.30859 0.49414 0.30859 0.49219 0.31055 0.48828 0.31055 0.48633 0.3125 0.47266 0.3125 0.4707 0.31445 0.4668 0.31445 0.46484 0.31641 0.45703 0.31641 0.45508 0.31836 0.45312 0.31641 0.45117 0.31836 0.44336 0.31836 0.44141 0.32031 0.4375 0.32031 0.4375 0.32227 0.43164 0.32812 0.42969 0.32812 0.41406 0.34375 0.41211 0.34375 0.41211 0.3457 0.41016 0.34766 0.4082 0.34766 0.4082 0.34961 0.40625 0.35156 0.4043 0.35156 0.40039 0.35547 0.40039 0.35742 0.39844 0.35938 0.39648 0.35938 0.39258 0.36328 0.39258 0.36523 0.38867 0.36914 0.38672 0.36914 0.38477 0.37109 0.38477 0.37305 0.37695 0.38086 0.37695 0.38281 0.375 0.38477 0.37305 0.38477 0.36914 0.38867 0.36914 0.39453 0.36719 0.39648 0.36719 0.4082 0.36523 0.41016 0.36523 0.41211 0.36328 0.41406 0.35938 0.41016 0.35938 0.4082 0.35547 0.4043 0.35547 0.40234 0.35352 0.40234 0.35156 0.40039 0.35156 0.39844 0.34766 0.39453 0.34766 0.39258 0.34375 0.38867 0.33789 0.38867 0.33594 0.38672 0.32812 0.38672 0.32617 0.38477 0.31641 0.38477 0.31445 0.38281 0.31445 0.37891 0.31055 0.375 0.31055 0.37109 0.30664 0.36719 0.30664 0.36328 0.30273 0.35938 0.30273 0.35547 0.29883 0.35156 0.29883 0.34961 0.29492 0.3457 0.29492 0.34375 0.29102 0.34375 0.28906 0.3418 0.28516 0.3418 0.2832 0.33984 0.2832 0.33789 0.2793 0.33789 0.27734 0.33594 0.27148 0.33594 0.26953 0.33398 0.26758 0.33398 0.26562 0.33203 0.26562 0.32812 0.26367 0.32617 0.26367 0.32422 0.26172 0.32227 0.26172 0.31836 0.25977 0.31641 0.25977 0.3125 0.25781 0.31055 0.25781 0.29883 0.25977 0.29688 0.25977 0.28906 0.26172 0.28711 0.26172 0.28125 0.26367 0.2793 0.26367 0.26953 0.26172 0.26758 0.26172 0.25977 0.25977 0.25781 0.25977 0.25 0.25781 0.24805
