0 0.42188 0.63281 0.41406 0.64062 0.41406 0.64453 0.4043 0.6543 0.39844 0.6543 0.39648 0.65625 0.39062 0.65625 0.38867 0.6582 0.37695 0.6582 0.375 0.65625 0.37305 0.6582 0.37109 0.65625 0.36328 0.65625 0.36133 0.6543 0.35742 0.6543 0.3457 0.66602 0.34375 0.66602 0.33594 0.67383 0.33398 0.67383 0.33398 0.67969 0.33203 0.68164 0.33203 0.68359 0.33008 0.68555 0.33008 0.68945 0.32812 0.69141 0.32812 0.69336 0.32617 0.69531 0.32617 0.69922 0.32422 0.70117 0.32422 0.70508 0.31836 0.71094 0.3125 0.71094 0.30859 0.71484 0.30469 0.71484 0.30273 0.7168 0.29883 0.7168 0.29297 0.72266 0.29102 0.72266 0.28711 0.72656 0.2832 0.72656 0.2793 0.73047 0.27734 0.73047 0.27539 0.73242 0.27344 0.73047 0.27344 0.73438 0.27148 0.73633 0.26953 0.73633 0.26562 0.74023 0.26172 0.74023 0.25586 0.74609 0.25391 0.74609 0.25 0.75 0.24609 0.75 0.24023 0.75586 0.23828 0.75586 0.23242 0.76172 0.23047 0.76172 0.22656 0.76562 0.22461 0.76562 0.22266 0.76758 0.2207 0.76758 0.2168 0.77148 0.21484 0.77148 0.20898 0.77734 0.20703 0.77734 0.20117 0.7832 0.20117 0.78906 0.19922 0.79102 0.19922 0.79688 0.20117 0.79883 0.20117 0.80078 0.21094 0.81055 0.21094 0.8125 0.21289 0.8125 0.21484 0.81055 0.2207 0.81055 0.22266 0.80859 0.22656 0.80859 0.23047 0.80469 0.23438 0.80469 0.24023 0.79883 0.24414 0.79883 0.25 0.79297 0.25195 0.79297 0.25391 0.79102 0.25586 0.79102 0.25781 0.78906 0.25977 0.78906 0.25977 0.78711 0.26172 0.78516 0.26562 0.78516 0.26953 0.78125 0.27148 0.78125 0.27148 0.7793 0.2793 0.77148 0.2793 0.76953 0.2832 0.76562 0.28516 0.76562 0.28516 0.76367 0.29102 0.75781 0.29688 0.75781 0.29688 0.75586 0.29883 0.75391 0.30664 0.75391 0.3125 0.74805 0.31445 0.74805 0.31641 0.74609 0.32031 0.74609 0.32617 0.74023 0.33008 0.74023 0.33203 0.73828 0.33398 0.73828 0.33594 0.73633 0.33789 0.73633 0.33789 0.73438 0.3457 0.72656 0.3457 0.7207 0.34766 0.71875 0.34766 0.71289 0.34961 0.71094 0.34961 0.70898 0.35156 0.70703 0.35156 0.69922 0.35742 0.69336 0.35938 0.69336 0.36328 0.68945 0.36719 0.68945 0.36719 0.6875 0.36914 0.68555 0.37305 0.68555 0.37695 0.68164 0.37891 0.68164 0.38086 0.68359 0.38281 0.68359 0.38477 0.68164 0.38672 0.68359 0.39062 0.68359 0.39258 0.68164 0.39453 0.68359 0.42383 0.68359 0.42383 0.68164 0.42969 0.67578 0.43164 0.67578 0.43164 0.67383 0.43359 0.67188 0.43359 0.66602 0.43555 0.66406 0.43359 0.66211 0.43555 0.66016 0.43555 0.65039 0.4375 0.64844 0.43555 0.64648 0.43555 0.64453 0.43359 0.64258 0.43359 0.64062 0.43164 0.64062 0.42578 0.63477 0.42578 0.63281
0 0.54102 0.60352 0.53516 0.60938 0.5332 0.60742 0.5293 0.61133 0.53125 0.61328 0.53125 0.61523 0.5332 0.61719 0.5332 0.61914 0.53125 0.62109 0.53125 0.62305 0.52539 0.62891 0.52539 0.63281 0.53125 0.63867 0.53906 0.63867 0.54102 0.63672 0.54883 0.63672 0.54883 0.63477 0.55078 0.63281 0.55273 0.63281 0.55273 0.63086 0.55664 0.62695 0.55664 0.62109 0.55469 0.62109 0.55273 0.61914 0.55273 0.61719 0.55469 0.61523 0.55664 0.61523 0.55469 0.61328 0.55469 0.61133 0.54883 0.60547 0.54492 0.60547 0.54297 0.60352
0 0.48633 0.55273 0.48633 0.55469 0.48438 0.55664 0.48047 0.55664 0.47852 0.55859 0.47656 0.55859 0.47461 0.56055 0.47266 0.56055 0.47266 0.5625 0.4707 0.56445 0.4707 0.56641 0.46875 0.56836 0.46875 0.57227 0.4707 0.57422 0.46875 0.57617 0.46875 0.58203 0.4707 0.58398 0.4707 0.58594 0.47266 0.58789 0.47461 0.58789 0.47852 0.5918 0.47852 0.5957 0.48047 0.5957 0.48242 0.59766 0.48633 0.59766 0.48828 0.5957 0.49023 0.5957 0.49414 0.5918 0.49805 0.5918 0.49805 0.58984 0.5 0.58789 0.5 0.58398 0.50195 0.58203 0.50195 0.58008 0.50391 0.57812 0.50391 0.56836 0.50586 0.56641 0.50586 0.56445 0.50391 0.5625 0.50391 0.56055 0.5 0.55664 0.49805 0.55664 0.49609 0.55469 0.49219 0.55469 0.49023 0.55273
0 0.61523 0.54883 0.61133 0.55273 0.61133 0.55469 0.61328 0.55664 0.61133 0.55859 0.61133 0.57031 0.60938 0.57227 0.60742 0.57227 0.60547 0.57422 0.60547 0.57812 0.60938 0.58203 0.60938 0.5918 0.61133 0.59375 0.61133 0.5957 0.61523 0.5957 0.61914 0.59961 0.625 0.59961 0.62891 0.5957 0.63086 0.5957 0.63086 0.59375 0.63281 0.5918 0.63281 0.58984 0.63477 0.58789 0.63477 0.58008 0.62891 0.57422 0.625 0.57422 0.62109 0.57031 0.62109 0.56836 0.62305 0.56641 0.62305 0.55469 0.62109 0.55273 0.62109 0.55078 0.61914 0.54883
0 0.19727 0.53711 0.19336 0.54102 0.18945 0.54102 0.1875 0.53906 0.18164 0.53906 0.17578 0.54492 0.17383 0.54492 0.17383 0.54688 0.17578 0.54688 0.17773 0.54883 0.17578 0.55078 0.17188 0.55078 0.16992 0.55273 0.15625 0.55273 0.1543 0.55078 0.15625 0.54883 0.15234 0.54883 0.14844 0.54492 0.14844 0.54688 0.14453 0.55078 0.14648 0.55273 0.14453 0.55469 0.14258 0.55469 0.14062 0.55664 0.13867 0.55469 0.13672 0.55664 0.13086 0.55664 0.12891 0.55859 0.12305 0.55859 0.12305 0.56055 0.12109 0.5625 0.11914 0.5625 0.11719 0.56445 0.11523 0.56445 0.10938 0.57031 0.10938 0.57617 0.10547 0.58008 0.10547 0.58398 0.10156 0.58789 0.10156 0.58984 0.10352 0.5918 0.10156 0.59375 0.10156 0.59766 0.10352 0.59961 0.10156 0.60156 0.10156 0.60547 0.10352 0.60742 0.10352 0.61328 0.10547 0.61523 0.10547 0.62109 0.10742 0.62305 0.10742 0.62891 0.10938 0.63086 0.10938 0.63672 0.11133 0.63867 0.11133 0.64258 0.11523 0.64648 0.11523 0.65234 0.11914 0.65625 0.11914 0.66016 0.12109 0.66211 0.12109 0.66797 0.12305 0.66992 0.12305 0.67383 0.12695 0.67773 0.12695 0.68164 0.12891 0.68359 0.12891 0.68555 0.13086 0.6875 0.13086 0.69141 0.13477 0.69531 0.13477 0.69727 0.13867 0.70117 0.13867 0.70508 0.14062 0.70703 0.14258 0.70703 0.14453 0.70898 0.14453 0.71289 0.15039 0.71875 0.15039 0.72266 0.15234 0.72266 0.15625 0.72656 0.15625 0.72852 0.1582 0.73047 0.16211 0.73047 0.16602 0.73438 0.16602 0.73633 0.16797 0.73633 0.16992 0.73828 0.17188 0.73828 0.17383 0.74023 0.17383 0.74219 0.17773 0.74609 0.17773 0.75781 0.17969 0.75977 0.17969 0.76172 0.18164 0.76172 0.18359 0.76367 0.18555 0.76172 0.18359 0.75977 0.18164 0.75977 0.17969 0.75781 0.17969 0.75586 0.18359 0.75195 0.18359 0.75 0.1875 0.74609 0.19141 0.74609 0.19336 0.74805 0.19531 0.74609 0.20117 0.74609 0.20312 0.74414 0.20703 0.74414 0.20898 0.74609 0.21289 0.74219 0.2168 0.74219 0.21875 0.74023 0.22852 0.74023 0.23047 0.73828 0.23047 0.73242 0.23242 0.73047 0.24219 0.73047 0.24414 0.72852 0.24609 0.72852 0.24805 0.73047 0.25 0.72852 0.25586 0.72852 0.25781 0.72656 0.26367 0.72656 0.26562 0.72461 0.26367 0.72266 0.26367 0.7168 0.25977 0.7168 0.25781 0.71484 0.25977 0.71289 0.26367 0.71289 0.26367 0.71094 0.26562 0.70898 0.26758 0.70898 0.26953 0.71094 0.27148 0.71094 0.27344 0.70898 0.27539 0.70898 0.27539 0.70703 0.27734 0.70508 0.2793 0.70508 0.2793 0.70312 0.28125 0.70117 0.28516 0.70117 0.28711 0.70312 0.28711 0.70117 0.28906 0.69922 0.28906 0.69336 0.29102 0.69141 0.29102 0.68945 0.29297 0.6875 0.29297 0.67969 0.29492 0.67773 0.30078 0.68359 0.30078 0.67969 0.30469 0.67578 0.30664 0.67578 0.30664 0.67188 0.30859 0.66992 0.30859 0.66602 0.30664 0.66406 0.30664 0.65039 0.30469 0.64844 0.30664 0.64648 0.30664 0.64258 0.30469 0.64062 0.30664 0.63867 0.30664 0.63672 0.30859 0.63477 0.30859 0.625 0.30469 0.625 0.30078 0.62109 0.30078 0.60938 0.30273 0.60742 0.30469 0.60742 0.30469 0.60547 0.30664 0.60352 0.30664 0.59375 0.30469 0.59375 0.30273 0.5918 0.30469 0.58984 0.30469 0.58594 0.29883 0.58594 0.29492 0.58203 0.29492 0.58008 0.28906 0.57422 0.28906 0.57227 0.29102 0.57031 0.28906 0.56836 0.28906 0.5625 0.28711 0.56055 0.28516 0.56055 0.28125 0.55664 0.2793 0.55664 0.27344 0.55078 0.27344 0.54883 0.27148 0.54688 0.26953 0.54688 0.26758 0.54492 0.26172 0.54492 0.26172 0.54688 0.25977 0.54883 0.25391 0.54883 0.25195 0.55078 0.24609 0.55078 0.24414 0.55273 0.24219 0.55078 0.23242 0.55078 0.23047 0.54883 0.22852 0.54883 0.22656 0.55078 0.22461 0.54883 0.22266 0.54883 0.2207 0.54688 0.21875 0.54688 0.2168 0.54492 0.2168 0.54297 0.21289 0.53906 0.21094 0.53906 0.20898 0.54102 0.20703 0.53906 0.19922 0.53906
0 0.57812 0.45703 0.57031 0.46484 0.5625 0.46484 0.55859 0.46875 0.55859 0.47656 0.56055 0.47852 0.56055 0.49219 0.56445 0.49609 0.56445 0.49805 0.56641 0.5 0.56641 0.50195 0.56641 0.5 0.57031 0.49609 0.57227 0.49609 0.57422 0.49805 0.57422 0.50195 0.57617 0.50391 0.57617 0.50781 0.58008 0.51172 0.58008 0.51562 0.58203 0.51758 0.58398 0.51758 0.58789 0.52148 0.59766 0.52148 0.60156 0.51758 0.60156 0.50977 0.60352 0.50781 0.60352 0.50391 0.60547 0.50195 0.60547 0.5 0.60352 0.49805 0.60547 0.49609 0.60352 0.49414 0.60352 0.49023 0.60742 0.48633 0.60938 0.48633 0.61133 0.48438 0.61133 0.48047 0.60938 0.47852 0.60938 0.47461 0.60742 0.47266 0.60938 0.4707 0.60938 0.46875 0.61133 0.4668 0.60938 0.4668 0.60742 0.46484 0.60547 0.46484 0.60352 0.46289 0.60156 0.46289 0.59766 0.45898 0.5957 0.45898 0.59375 0.46094 0.5918 0.45898 0.58789 0.45898 0.58594 0.46094 0.58398 0.46094 0.58008 0.45703
0 0.67578 0.45312 0.67578 0.45508 0.67383 0.45703 0.66406 0.45703 0.66016 0.46094 0.65234 0.46094 0.65039 0.46289 0.64844 0.46289 0.64844 0.46484 0.64648 0.4668 0.64648 0.4707 0.64844 0.47266 0.64844 0.47461 0.65234 0.47852 0.6543 0.47852 0.65625 0.48047 0.66016 0.48047 0.66211 0.47852 0.66211 0.47656 0.66406 0.47461 0.66602 0.47461 0.66797 0.47266 0.66797 0.4707 0.66992 0.46875 0.67188 0.46875 0.67383 0.4668 0.67578 0.4668 0.67969 0.4707 0.67969 0.47266 0.68164 0.47461 0.68164 0.47656 0.68359 0.47852 0.68359 0.48438 0.6875 0.48828 0.6875 0.49023 0.69141 0.49414 0.69336 0.49414 0.69531 0.49219 0.69727 0.49219 0.70312 0.48633 0.70312 0.48242 0.70898 0.47656 0.70703 0.47461 0.70898 0.47266 0.70898 0.46484 0.70703 0.46484 0.70508 0.46289 0.70312 0.46289 0.70117 0.46094 0.69922 0.46289 0.69531 0.46289 0.69141 0.4668 0.68945 0.46484 0.68945 0.46289 0.6875 0.46094 0.6875 0.45898 0.68359 0.45508 0.68359 0.45312
0 0.44141 0.41602 0.44141 0.42383 0.43945 0.42578 0.43945 0.43359 0.43555 0.4375 0.43555 0.44141 0.43359 0.44336 0.43359 0.44727 0.42969 0.45117 0.42578 0.45117 0.42383 0.45312 0.42188 0.45312 0.41797 0.45703 0.41602 0.45703 0.41211 0.46094 0.41211 0.47266 0.41406 0.47461 0.41406 0.47852 0.41602 0.48047 0.41406 0.48242 0.41406 0.50195 0.41211 0.50391 0.41406 0.50586 0.41406 0.50977 0.41211 0.51172 0.41406 0.51367 0.41406 0.51758 0.41211 0.51953 0.41406 0.52148 0.41406 0.52734 0.41602 0.5293 0.41602 0.53516 0.41797 0.53711 0.41797 0.54102 0.41992 0.54297 0.41992 0.54688 0.43945 0.54688 0.44336 0.54297 0.44531 0.54297 0.44531 0.54102 0.44727 0.53906 0.43945 0.53125 0.43945 0.5293 0.4375 0.52734 0.43555 0.52734 0.43359 0.52539 0.43359 0.51172 0.43164 0.50977 0.43164 0.50586 0.43359 0.50391 0.43164 0.50195 0.43164 0.5 0.43359 0.49805 0.43359 0.49414 0.43945 0.48828 0.43945 0.48633 0.44141 0.48438 0.44141 0.48242 0.44336 0.48047 0.44336 0.47266 0.44531 0.4707 0.44336 0.46875 0.44336 0.4668 0.44531 0.46484 0.44531 0.45898 0.44727 0.45703 0.44727 0.45312 0.45312 0.44727 0.45312 0.44336 0.45508 0.44141 0.45508 0.43945 0.45703 0.4375 0.45703 0.43555 0.45898 0.43359 0.46289 0.43359 0.46289 0.43164 0.46484 0.42969 0.46484 0.42383 0.4668 0.42188 0.46484 0.41992 0.45117 0.41992 0.44727 0.41602
0 0.62891 0.36523 0.62695 0.36719 0.62109 0.36719 0.61914 0.36914 0.61719 0.36914 0.61523 0.36719 0.61328 0.36719 0.61133 0.36914 0.60938 0.36719 0.59766 0.36719 0.59961 0.36914 0.60156 0.36914 0.60352 0.37109 0.60352 0.37305 0.60547 0.37305 0.61133 0.37891 0.61133 0.38281 0.61523 0.38672 0.61328 0.38867 0.61328 0.39062 0.61133 0.39258 0.61328 0.39453 0.61328 0.39648 0.61133 0.39844 0.61523 0.40234 0.61523 0.41016 0.61719 0.41016 0.61914 0.41211 0.62305 0.41211 0.62305 0.40625 0.625 0.4043 0.625 0.40234 0.62305 0.40039 0.625 0.39844 0.625 0.39648 0.62891 0.39258 0.62891 0.38867 0.63281 0.38477 0.63281 0.36523
0 0.54297 0.29492 0.54102 0.29688 0.53516 0.29688 0.5332 0.29883 0.53125 0.29688 0.52734 0.29688 0.52539 0.29883 0.52148 0.29883 0.51953 0.29688 0.51758 0.29883 0.50195 0.29883 0.5 0.30078 0.49414 0.30078 0.49219 0.30273 0.49023 0.30273 0.48828 0.30469 0.48633 0.30469 0.48242 0.30859 0.47852 0.30859 0.47656 0.31055 0.47266 0.31055 0.46875 0.31445 0.46289 0.31445 0.45898 0.31836 0.45703 0.31836 0.45508 0.32031 0.45312 0.32031 0.45117 0.32227 0.44727 0.32227 0.44531 0.32422 0.44141 0.32422 0.4375 0.32812 0.43555 0.32812 0.43164 0.33203 0.42969 0.33203 0.42383 0.33789 0.41992 0.33789 0.41797 0.33984 0.41602 0.33984 0.41602 0.3418 0.41406 0.34375 0.41211 0.34375 0.41016 0.3457 0.4082 0.3457 0.40625 0.34766 0.4043 0.34766 0.40234 0.34961 0.40039 0.34961 0.39453 0.35547 0.39258 0.35547 0.38867 0.35938 0.38672 0.35938 0.38672 0.36328 0.38477 0.36523 0.38477 0.36719 0.38281 0.36914 0.38281 0.37305 0.38086 0.375 0.37891 0.375 0.37891 0.38086 0.375 0.38477 0.375 0.38867 0.37109 0.39258 0.37109 0.39648 0.36719 0.40039 0.36719 0.4043 0.36523 0.40625 0.36523 0.4082 0.36328 0.41016 0.36328 0.41406 0.36133 0.41602 0.36133 0.41992 0.35742 0.42383 0.35742 0.42969 0.35547 0.43164 0.35547 0.43359 0.35352 0.43555 0.35352 0.43945 0.35156 0.44141 0.35156 0.44531 0.34961 0.44727 0.34961 0.44922 0.34766 0.45117 0.34766 0.45312 0.34961 0.45508 0.34961 0.4668 0.35352 0.4707 0.35352 0.47461 0.35156 0.47656 0.34961 0.47656 0.3457 0.47266 0.34375 0.47266 0.3418 0.4707 0.33984 0.4707 0.33594 0.4668 0.33398 0.4668 0.33203 0.46484 0.33008 0.46484 0.32812 0.46289 0.32617 0.46289 0.32422 0.46094 0.32031 0.46094 0.31836 0.46289 0.3125 0.46289 0.31055 0.46484 0.30469 0.46484 0.30273 0.4668 0.29492 0.4668 0.29297 0.46484 0.29102 0.46484 0.28906 0.46289 0.28906 0.46094 0.28711 0.45898 0.28711 0.45703 0.2832 0.45703 0.28125 0.45508 0.28125 0.45312 0.2793 0.45117 0.27734 0.45117 0.26953 0.44336 0.26758 0.44336 0.26172 0.4375 0.23047 0.4375 0.21875 0.42578 0.21875 0.42383 0.2168 0.42188 0.21484 0.42188 0.21289 0.41992 0.21289 0.41602 0.21094 0.41602 0.20898 0.41406 0.20898 0.40625 0.20703 0.4043 0.20703 0.39062 0.20508 0.38867 0.20508 0.38281 0.20117 0.37891 0.20117 0.37695 0.19727 0.37305 0.19727 0.37109 0.19141 0.36523 0.19141 0.36133 0.1875 0.36133 0.18555 0.36328 0.18359 0.36328 0.18359 0.36523 0.18164 0.36719 0.17969 0.36719 0.17578 0.37109 0.17383 0.37109 0.16406 0.38086 0.16016 0.38086 0.16016 0.38281 0.1582 0.38477 0.15625 0.38477 0.15039 0.39062 0.14844 0.39062 0.14648 0.39258 0.14453 0.39258 0.14453 0.39453 0.14062 0.39844 0.13672 0.39844 0.13672 0.40039 0.13281 0.4043 0.13086 0.4043 0.12695 0.4082 0.125 0.4082 0.11914 0.41406 0.11523 0.41406 0.11133 0.41797 0.10938 0.41797 0.10547 0.42188 0.10156 0.42188 0.09961 0.42383 0.09961 0.42578 0.09766 0.42773 0.09766 0.42969 0.09375 0.43359 0.09375 0.43555 0.0918 0.4375 0.0918 0.44141 0.08789 0.44531 0.08789 0.44727 0.08398 0.45117 0.08398 0.45508 0.08594 0.45703 0.08594 0.4707 0.08984 0.47461 0.08984 0.48633 0.0918 0.48828 0.0918 0.50195 0.0957 0.50586 0.09766 0.50586 0.10156 0.50977 0.10742 0.50977 0.11133 0.51367 0.11328 0.51367 0.11523 0.51562 0.11719 0.51562 0.11914 0.51758 0.12891 0.51758 0.13086 0.51562 0.13477 0.51562 0.13672 0.51367 0.14062 0.51367 0.14258 0.51172 0.14648 0.51172 0.14844 0.50977 0.15234 0.50977 0.1543 0.50781 0.1582 0.50781 0.1582 0.50586 0.16016 0.50391 0.16211 0.50391 0.16406 0.50195 0.16797 0.50195 0.16797 0.5 0.16992 0.49805 0.17188 0.49805 0.17383 0.49609 0.17578 0.49609 0.17773 0.49414 0.19922 0.49414 0.20117 0.49219 0.20508 0.49219 0.20703 0.49414 0.20898 0.49219 0.21484 0.49219 0.2168 0.49023 0.23633 0.49023 0.23828 0.48828 0.24609 0.48828 0.24805 0.48633 0.25781 0.48633 0.25977 0.48828 0.26172 0.48828 0.26367 0.49023 0.26758 0.49023 0.26953 0.49219 0.26953 0.49414 0.27344 0.49414 0.27539 0.49609 0.27734 0.49609 0.2793 0.49805 0.28125 0.49805 0.28516 0.50195 0.28906 0.50195 0.28906 0.5 0.29102 0.49805 0.29492 0.49805 0.29883 0.49414 0.30078 0.49414 0.30273 0.49219 0.30469 0.49219 0.30859 0.48828 0.31055 0.48828 0.3125 0.48633 0.31445 0.48633 0.32031 0.48047 0.32227 0.48242 0.32422 0.48242 0.32812 0.48633 0.33203 0.48633 0.33398 0.48828 0.33984 0.48828 0.3418 0.49023 0.3457 0.49023 0.34961 0.49414 0.35156 0.49414 0.35352 0.49609 0.35547 0.49414 0.35742 0.49609 0.35742 0.5 0.35938 0.50195 0.35938 0.50781 0.36133 0.50977 0.35938 0.51172 0.35547 0.51172 0.3457 0.52148 0.3418 0.52148 0.3418 0.52344 0.33984 0.52539 0.33984 0.52734 0.33789 0.5293 0.33789 0.53125 0.33398 0.53516 0.33398 0.53906 0.33203 0.54102 0.33203 0.54297 0.32812 0.54688 0.32812 0.54883 0.32617 0.55078 0.32617 0.55469 0.32422 0.55664 0.32422 0.55859 0.32617 0.56055 0.32617 0.56641 0.32812 0.56836 0.32812 0.57422 0.33008 0.57617 0.33008 0.58008 0.33203 0.58203 0.33203 0.58984 0.33398 0.5918 0.33398 0.5957 0.33789 0.59961 0.33789 0.60156 0.33984 0.60352 0.33984 0.60547 0.3457 0.61133 0.3457 0.61328 0.34766 0.61523 0.34766 0.61719 0.35352 0.62305 0.35352 0.62695 0.35742 0.63086 0.35742 0.63281 0.35938 0.63477 0.36328 0.63477 0.36523 0.63281 0.37109 0.63281 0.37305 0.63086 0.37891 0.63086 0.38086 0.62891 0.38672 0.62891 0.39062 0.625 0.39648 0.625 0.39844 0.62305 0.40234 0.62305 0.4043 0.62109 0.41016 0.62109 0.41211 0.61914 0.41602 0.61914 0.41797 0.61719 0.42578 0.61719 0.42969 0.62109 0.42969 0.62305 0.43359 0.62695 0.43359 0.62891 0.43555 0.63086 0.43555 0.63281 0.4375 0.63477 0.4375 0.63672 0.44336 0.64258 0.44336 0.64648 0.44531 0.64844 0.44531 0.6543 0.44727 0.65625 0.44727 0.66992 0.44922 0.67188 0.44922 0.68164 0.45117 0.68359 0.45117 0.68945 0.45703 0.68945 0.45898 0.69141 0.46484 0.69141 0.4668 0.69336 0.47461 0.69336 0.47852 0.69727 0.48633 0.69727 0.48828 0.69922 0.49414 0.69922 0.49609 0.70117 0.50195 0.70117 0.50391 0.70312 0.51953 0.70312 0.52148 0.70508 0.52344 0.70312 0.52734 0.70312 0.5293 0.70508 0.53125 0.70312 0.5332 0.70312 0.53516 0.70508 0.53711 0.70508 0.53906 0.70312 0.54102 0.70312 0.54297 0.70508 0.54492 0.70508 0.54688 0.70312 0.54883 0.70312 0.55078 0.70508 0.55273 0.70508 0.55469 0.70312 0.55664 0.70508 0.58594 0.70508 0.58594 0.70312 0.58789 0.70117 0.59375 0.70117 0.5957 0.69922 0.60156 0.69922 0.60352 0.69727 0.60742 0.69727 0.61133 0.69336 0.61719 0.69336 0.61914 0.69141 0.625 0.69141 0.62695 0.68945 0.62891 0.68945 0.63086 0.6875 0.63281 0.6875 0.63477 0.68555 0.64258 0.68555 0.64453 0.68359 0.64648 0.68359 0.64844 0.68164 0.65039 0.68164 0.65234 0.67969 0.6582 0.67969 0.66016 0.67773 0.66211 0.67773 0.66406 0.67578 0.66797 0.67578 0.66992 0.67383 0.67383 0.67383 0.67578 0.67188 0.67773 0.67188 0.68555 0.66406 0.6875 0.66406 0.6875 0.66211 0.69336 0.65625 0.69531 0.65625 0.69531 0.6543 0.70117 0.64844 0.70312 0.64844 0.70312 0.64648 0.70898 0.64062 0.71094 0.64062 0.71289 0.63867 0.71289 0.63672 0.71484 0.63477 0.7168 0.63477 0.72656 0.625 0.72656 0.62305 0.73438 0.61523 0.73438 0.61328 0.73633 0.61133 0.73828 0.61133 0.73828 0.60938 0.74023 0.60742 0.74023 0.60547 0.74805 0.59766 0.74805 0.5957 0.75 0.59375 0.75195 0.59375 0.75391 0.5918 0.75391 0.58984 0.75781 0.58594 0.75781 0.58203 0.75977 0.58008 0.75977 0.57227 0.76172 0.57031 0.76172 0.55664 0.76367 0.55469 0.76367 0.54688 0.76562 0.54492 0.76367 0.54297 0.76758 0.53906 0.76758 0.53711 0.76562 0.53516 0.76758 0.5332 0.76758 0.48828 0.76562 0.48633 0.76562 0.48438 0.76758 0.48242 0.76758 0.48047 0.76562 0.47852 0.76562 0.47656 0.76758 0.47461 0.76758 0.47266 0.76562 0.47266 0.76367 0.4707 0.76367 0.46289 0.76172 0.46094 0.76172 0.45117 0.75977 0.44922 0.75977 0.44141 0.75781 0.44141 0.75586 0.43945 0.75586 0.42969 0.75391 0.42773 0.75391 0.41992 0.75195 0.41797 0.75195 0.41211 0.74805 0.4082 0.74805 0.40625 0.74609 0.4043 0.74609 0.40039 0.74414 0.40039 0.74219 0.39844 0.74219 0.39648 0.74023 0.39453 0.74023 0.39258 0.73828 0.39062 0.73828 0.38867 0.73242 0.38281 0.73242 0.38086 0.73047 0.37891 0.73047 0.37695 0.72656 0.37305 0.72656 0.37109 0.72461 0.37109 0.72266 0.36914 0.72266 0.36719 0.7168 0.36133 0.7168 0.35938 0.71484 0.35938 0.71289 0.35742 0.71289 0.35547 0.71094 0.35352 0.71094 0.35156 0.70898 0.34961 0.70898 0.34766 0.70508 0.34766 0.70117 0.34375 0.69922 0.34375 0.69531 0.33984 0.69336 0.33984 0.69141 0.33789 0.68945 0.33789 0.6875 0.33594 0.68555 0.33594 0.68359 0.33398 0.68164 0.33398 0.67773 0.33008 0.67578 0.33008 0.67188 0.32617 0.66992 0.32617 0.66602 0.32227 0.66406 0.32422 0.66211 0.32422 0.66016 0.32227 0.65234 0.32227 0.65039 0.32031 0.64453 0.32617 0.64453 0.33008 0.64062 0.33398 0.64062 0.33594 0.63867 0.33789 0.63867 0.35742 0.63672 0.35938 0.63867 0.36133 0.63672 0.36328 0.63672 0.36523 0.63867 0.36719 0.64062 0.36719 0.64258 0.36914 0.64453 0.36914 0.65039 0.375 0.6543 0.375 0.65625 0.37695 0.65625 0.37891 0.6582 0.37891 0.66016 0.38086 0.66211 0.38086 0.66602 0.38477 0.66602 0.38672 0.66797 0.38867 0.67188 0.38867 0.67383 0.39062 0.67383 0.39258 0.67773 0.39648 0.67969 0.39648 0.68164 0.39844 0.68164 0.40039 0.68359 0.40234 0.68359 0.4043 0.68555 0.40625 0.68359 0.4082 0.68164 0.4082 0.67969 0.41016 0.67773 0.41016 0.67578 0.4082 0.67383 0.4082 0.67188 0.41016 0.66992 0.41016 0.66797 0.4082 0.66406 0.4082 0.66211 0.41016 0.66016 0.4082 0.6582 0.4082 0.65625 0.40625 0.6543 0.40625 0.65234 0.4043 0.65039 0.4043 0.64844 0.40625 0.64844 0.41016 0.64648 0.41211 0.64648 0.41797 0.65234 0.41797 0.6543 0.41992 0.6582 0.41992 0.66016 0.42188 0.66602 0.42188 0.66992 0.42578 0.67969 0.42578 0.68359 0.42188 0.68359 0.4082 0.68555 0.40625 0.6875 0.4082 0.6875 0.41016 0.69336 0.41602 0.69336 0.41992 0.69531 0.41992 0.69727 0.42188 0.69727 0.42383 0.69922 0.42578 0.69922 0.42773 0.70117 0.42773 0.70312 0.42969 0.70312 0.43555 0.70508 0.4375 0.70508 0.44141 0.70703 0.44336 0.70703 0.44531 0.70898 0.44727 0.70898 0.44922 0.71094 0.45117 0.71094 0.45508 0.71289 0.45703 0.71289 0.45898 0.71484 0.46094 0.71484 0.47461 0.7168 0.47656 0.7168 0.48047 0.71484 0.48242 0.7168 0.48438 0.7168 0.49023 0.71875 0.49219 0.71875 0.49414 0.7168 0.49609 0.7168 0.49805 0.71875 0.5 0.71484 0.50391 0.71289 0.50195 0.71094 0.50195 0.70898 0.50391 0.70312 0.50391 0.70312 0.50586 0.70117 0.50781 0.70312 0.50977 0.70312 0.51562 0.70508 0.51562 0.70703 0.51758 0.71094 0.51758 0.71289 0.51562 0.71484 0.51562 0.7168 0.51758 0.71484 0.51953 0.71484 0.5293 0.71289 0.53125 0.71289 0.54102 0.71094 0.54297 0.71094 0.54492 0.70898 0.54688 0.71094 0.54883 0.70703 0.55273 0.70703 0.55859 0.70508 0.56055 0.70508 0.56641 0.69922 0.57227 0.69922 0.57617 0.69531 0.58008 0.69336 0.58008 0.69336 0.58398 0.68945 0.58789 0.68945 0.58984 0.68555 0.59375 0.68555 0.5957 0.68359 0.59766 0.68359 0.59961 0.67773 0.60547 0.67773 0.60742 0.67578 0.60938 0.67383 0.60938 0.67188 0.61133 0.66992 0.61133 0.66602 0.61523 0.66406 0.61523 0.6582 0.62109 0.6543 0.62109 0.6543 0.62305 0.65234 0.625 0.65039 0.625 0.64453 0.63086 0.64062 0.63086 0.63672 0.63477 0.63281 0.63477 0.63281 0.63672 0.63086 0.63867 0.62891 0.63867 0.62695 0.64062 0.625 0.64062 0.62305 0.64258 0.61719 0.64258 0.61719 0.64453 0.61523 0.64648 0.60938 0.64648 0.60742 0.64844 0.60352 0.64844 0.60156 0.65039 0.59766 0.65039 0.5957 0.65234 0.59375 0.65234 0.5918 0.6543 0.58594 0.6543 0.58398 0.65625 0.56836 0.65625 0.56641 0.6582 0.55859 0.6582 0.55664 0.65625 0.54688 0.65625 0.54492 0.6543 0.53906 0.6543 0.53711 0.65234 0.53516 0.6543 0.53125 0.65039 0.52344 0.65039 0.52148 0.64844 0.51758 0.64844 0.51172 0.64258 0.50781 0.64258 0.50586 0.64062 0.50391 0.64062 0.50195 0.63867 0.5 0.63867 0.49805 0.63672 0.49609 0.63672 0.49414 0.63477 0.49219 0.63477 0.49023 0.63281 0.48828 0.63281 0.48633 0.63086 0.48242 0.63086 0.47852 0.62695 0.47656 0.62695 0.47461 0.625 0.47266 0.625 0.46875 0.62109 0.46484 0.62109 0.46094 0.61719 0.46094 0.61523 0.45898 0.61523 0.44336 0.59961 0.44141 0.59961 0.43945 0.59766 0.43945 0.5957 0.4375 0.5957 0.43359 0.5918 0.43359 0.58789 0.43164 0.58594 0.42969 0.58594 0.42773 0.58398 0.42773 0.58008 0.42383 0.57617 0.42383 0.57422 0.41797 0.56836 0.41797 0.56445 0.41406 0.56055 0.41406 0.55859 0.41211 0.55664 0.41211 0.55273 0.41016 0.55078 0.41016 0.54492 0.4082 0.54492 0.40625 0.54297 0.40625 0.53711 0.40234 0.5332 0.40234 0.5293 0.40039 0.52734 0.40039 0.52539 0.39844 0.52344 0.39844 0.51367 0.39648 0.51172 0.39648 0.49805 0.39453 0.49609 0.39453 0.48242 0.39258 0.48047 0.39258 0.47656 0.39453 0.47461 0.39453 0.4707 0.39648 0.46875 0.39648 0.46484 0.39844 0.46289 0.39844 0.45703 0.40039 0.45508 0.40039 0.45312 0.40234 0.45117 0.40234 0.44727 0.4043 0.44531 0.4043 0.44336 0.40625 0.44141 0.40625 0.4375 0.41016 0.43359 0.41211 0.43359 0.41211 0.42969 0.41406 0.42773 0.41602 0.42773 0.41992 0.42383 0.41992 0.42188 0.42188 0.41992 0.42383 0.41992 0.42773 0.41602 0.42773 0.41406 0.43164 0.41016 0.43359 0.41016 0.43359 0.4082 0.45508 0.38672 0.45508 0.38477 0.45898 0.38086 0.46094 0.38086 0.46094 0.37891 0.46484 0.375 0.4668 0.375 0.46875 0.37305 0.47461 0.37305 0.47656 0.37109 0.48047 0.37109 0.48242 0.36914 0.48438 0.36914 0.48633 0.36719 0.49219 0.36719 0.49414 0.36523 0.49805 0.36523 0.5 0.36328 0.50391 0.36328 0.50586 0.36133 0.51172 0.36133 0.51367 0.35938 0.51562 0.35938 0.51758 0.35742 0.52344 0.35742 0.52539 0.35547 0.5293 0.35547 0.53125 0.35352 0.54492 0.35352 0.54688 0.35156 0.54883 0.35156 0.55078 0.35352 0.55273 0.35352 0.55469 0.35156 0.55664 0.35156 0.55859 0.35352 0.5625 0.35352 0.56445 0.35156 0.56641 0.35156 0.56836 0.35352 0.57031 0.35352 0.57227 0.35156 0.58398 0.35156 0.58789 0.34766 0.58789 0.32227 0.5918 0.31836 0.5918 0.3125 0.58594 0.30664 0.58594 0.30469 0.58398 0.30273 0.58398 0.30078 0.58203 0.30273 0.58008 0.30078 0.57227 0.30078 0.57031 0.29883 0.56055 0.29883 0.55859 0.29688 0.55469 0.29688 0.55273 0.29492 0.55078 0.29492 0.54883 0.29688 0.54688 0.29688 0.54492 0.29492
