0 0.43427 0.51961 0.43319 0.5207 0.42996 0.5207 0.42888 0.52179 0.41918 0.52179 0.4181 0.52288 0.41595 0.52288 0.41272 0.52614 0.41272 0.5305 0.41595 0.53377 0.42134 0.53377 0.42241 0.53268 0.43103 0.53268 0.43211 0.53159 0.43427 0.53159 0.43534 0.5305 0.44073 0.5305 0.44181 0.53159 0.4472 0.53159 0.45043 0.52832 0.45043 0.52397 0.4472 0.5207 0.44612 0.5207 0.44504 0.51961
0 0.87931 0.50545 0.87823 0.50654 0.87284 0.50654 0.87177 0.50763 0.86638 0.50763 0.8653 0.50871 0.86099 0.50871 0.85991 0.5098 0.8556 0.5098 0.85453 0.51089 0.84914 0.51089 0.84806 0.51198 0.84375 0.51198 0.84267 0.51307 0.83836 0.51307 0.83728 0.51416 0.83297 0.51416 0.8319 0.51525 0.82759 0.51525 0.82651 0.51634 0.8222 0.51634 0.82112 0.51743 0.81789 0.51743 0.81681 0.51852 0.8125 0.51852 0.81142 0.51961 0.80711 0.51961 0.80603 0.5207 0.8028 0.5207 0.80172 0.52179 0.79849 0.52179 0.79741 0.52288 0.7931 0.52288 0.79203 0.52397 0.78664 0.52397 0.78556 0.52505 0.77909 0.52505 0.77802 0.52614 0.77155 0.52614 0.77047 0.52723 0.76509 0.52723 0.76401 0.52832 0.75754 0.52832 0.75647 0.52941 0.75 0.52941 0.74892 0.5305 0.74246 0.5305 0.74138 0.53159 0.73276 0.53159 0.73168 0.5305 0.72522 0.5305 0.72414 0.52941 0.71767 0.52941 0.71659 0.52832 0.71013 0.52832 0.70905 0.52723 0.70259 0.52723 0.70151 0.52614 0.69504 0.52614 0.69397 0.52505 0.68642 0.52505 0.68534 0.52397 0.66918 0.52397 0.6681 0.52288 0.64116 0.52288 0.64009 0.52179 0.6347 0.52179 0.63362 0.52288 0.62931 0.52288 0.62823 0.52397 0.625 0.52397 0.62392 0.52505 0.61961 0.52505 0.61853 0.52614 0.6153 0.52614 0.61422 0.52723 0.60991 0.52723 0.60884 0.52832 0.6056 0.52832 0.60453 0.52941 0.60022 0.52941 0.59914 0.5305 0.59591 0.5305 0.59483 0.53159 0.59052 0.53159 0.58944 0.53268 0.58297 0.53268 0.5819 0.53377 0.57435 0.53377 0.57328 0.53486 0.56681 0.53486 0.56573 0.53595 0.56466 0.53595 0.56466 0.54466 0.56358 0.54575 0.56358 0.55011 0.56466 0.55011 0.57112 0.55664 0.5722 0.55664 0.57328 0.55773 0.57435 0.55773 0.57543 0.55882 0.57651 0.55882 0.57866 0.561 0.57974 0.561 0.58082 0.56209 0.5819 0.56209 0.58297 0.56318 0.58405 0.56318 0.58513 0.56427 0.58621 0.56427 0.58836 0.56645 0.58944 0.56645 0.59052 0.56754 0.59159 0.56754 0.59267 0.56863 0.59375 0.56863 0.59483 0.56972 0.59591 0.56972 0.59698 0.57081 0.59806 0.57081 0.59914 0.5719 0.60022 0.5719 0.60129 0.57298 0.6056 0.57298 0.60668 0.57407 0.61207 0.57407 0.61315 0.57516 0.61746 0.57516 0.61853 0.57625 0.62284 0.57625 0.62392 0.57734 0.62823 0.57734 0.62931 0.57843 0.63254 0.57843 0.63362 0.57952 0.63793 0.57952 0.63901 0.58061 0.64332 0.58061 0.6444 0.5817 0.64871 0.5817 0.64978 0.58279 0.65194 0.58279 0.65302 0.58388 0.65302 0.58497 0.65409 0.58606 0.65409 0.58715 0.65625 0.58932 0.65625 0.59041 0.65733 0.5915 0.65733 0.59259 0.65841 0.59368 0.65841 0.59477 0.65948 0.59586 0.65948 0.59695 0.66164 0.59913 0.66164 0.60022 0.66272 0.60131 0.66272 0.6024 0.66379 0.60349 0.66379 0.60458 0.66487 0.60566 0.66487 0.60675 0.66703 0.60893 0.66703 0.61002 0.6681 0.61111 0.6681 0.6122 0.66918 0.61329 0.66918 0.61438 0.67026 0.61547 0.67026 0.61656 0.67241 0.61874 0.67349 0.61874 0.67457 0.61983 0.67565 0.61983 0.67672 0.62092 0.67888 0.62092 0.67996 0.622 0.68103 0.622 0.68211 0.62309 0.68427 0.62309 0.68534 0.62418 0.68642 0.62418 0.6875 0.62527 0.68966 0.62527 0.69073 0.62636 0.69181 0.62636 0.69289 0.62745 0.69504 0.62745 0.69828 0.63072 0.69828 0.63181 0.70043 0.63399 0.70043 0.63508 0.70366 0.63834 0.70366 0.63943 0.70582 0.64161 0.70582 0.6427 0.70905 0.64597 0.70905 0.64706 0.71121 0.64924 0.71121 0.65033 0.71444 0.65359 0.71444 0.65468 0.71552 0.65577 0.72306 0.65577 0.72414 0.65686 0.73815 0.65686 0.73922 0.65795 0.75431 0.65795 0.75539 0.65904 0.76509 0.65904 0.76616 0.66013 0.77586 0.66013 0.77694 0.66122 0.78664 0.66122 0.78772 0.66231 0.79741 0.66231 0.79849 0.6634 0.82543 0.6634 0.82651 0.66231 0.85345 0.66231 0.85453 0.66122 0.85668 0.66122 0.85776 0.66013 0.85884 0.66013 0.85991 0.65904 0.86099 0.65904 0.86207 0.65795 0.86422 0.65795 0.8653 0.65686 0.86638 0.65686 0.86746 0.65577 0.86853 0.65577 0.86961 0.65468 0.87177 0.65468 0.87284 0.65359 0.87392 0.65359 0.875 0.65251 0.87608 0.65251 0.87716 0.65142 0.87931 0.65142 0.88039 0.65033 0.88147 0.65033 0.88254 0.64924 0.88362 0.64924 0.8847 0.64815 0.88685 0.64815 0.88793 0.64706 0.88901 0.64706 0.89116 0.64488 0.89116 0.64379 0.89224 0.6427 0.89224 0.64052 0.89332 0.63943 0.89332 0.63834 0.8944 0.63725 0.8944 0.63508 0.89547 0.63399 0.89547 0.6329 0.89655 0.63181 0.89655 0.63072 0.89763 0.62963 0.89763 0.62745 0.89871 0.62636 0.89871 0.62527 0.89978 0.62418 0.89978 0.622 0.90086 0.62092 0.90086 0.61983 0.90194 0.61874 0.90194 0.61765 0.90302 0.61656 0.90302 0.61438 0.90409 0.61329 0.90409 0.6122 0.90517 0.61111 0.90517 0.60893 0.90625 0.60784 0.90625 0.60566 0.90733 0.60458 0.90733 0.59259 0.90841 0.5915 0.90841 0.57843 0.90948 0.57734 0.90948 0.55991 0.90841 0.55882 0.90841 0.5512 0.90733 0.55011 0.90733 0.54139 0.90625 0.54031 0.90625 0.53159 0.90517 0.5305 0.90517 0.52288 0.90409 0.52179 0.90409 0.51198 0.90302 0.51089 0.90302 0.50654 0.89763 0.50654 0.89655 0.50545
0
0
0 0.50539 0.46623 0.50431 0.46732 0.50323 0.46732 0.5 0.47059 0.5 0.47168 0.49892 0.47277 0.49892 0.47495 0.49677 0.47712 0.49677 0.48257 0.5 0.48584 0.50431 0.48584 0.50754 0.48911 0.51293 0.48911 0.51401 0.48802 0.51724 0.48802 0.52155 0.48366 0.52155 0.48257 0.52263 0.48148 0.52263 0.48039 0.52371 0.4793 0.52371 0.47168 0.52047 0.46841 0.5194 0.46841 0.51832 0.46732 0.51185 0.46732 0.51078 0.46623
0
0
0 0.45366 0.40959 0.45151 0.41176 0.4472 0.41176 0.44612 0.41285 0.44289 0.41285 0.44181 0.41394 0.43858 0.41394 0.4375 0.41503 0.43427 0.41503 0.43211 0.41721 0.42996 0.41721 0.42888 0.4183 0.42672 0.4183 0.42565 0.41939 0.42457 0.41939 0.42349 0.42048 0.42134 0.42048 0.41918 0.42266 0.41703 0.42266 0.41379 0.42593 0.41272 0.42593 0.41056 0.4281 0.40948 0.4281 0.39009 0.44771 0.39009 0.4488 0.38901 0.44989 0.38901 0.45316 0.38685 0.45534 0.38685 0.45643 0.38578 0.45752 0.38578 0.45969 0.3847 0.46078 0.3847 0.46187 0.38362 0.46296 0.38362 0.46514 0.38254 0.46623 0.38254 0.46841 0.38147 0.4695 0.38147 0.47168 0.38039 0.47277 0.38039 0.47386 0.37931 0.47495 0.37931 0.48148 0.37716 0.48366 0.37716 0.48802 0.38039 0.49129 0.3847 0.49129 0.38901 0.48693 0.38901 0.48366 0.39009 0.48257 0.39009 0.47821 0.39116 0.47712 0.39116 0.47495 0.39224 0.47386 0.39224 0.47168 0.39332 0.47059 0.39332 0.46841 0.3944 0.46732 0.3944 0.46623 0.39547 0.46514 0.39547 0.46405 0.39655 0.46296 0.39655 0.46187 0.39763 0.46078 0.39763 0.45969 0.39871 0.45861 0.39871 0.45752 0.39978 0.45643 0.39978 0.45425 0.40086 0.45316 0.40086 0.45207 0.41595 0.43682 0.4181 0.43682 0.42134 0.43355 0.42241 0.43355 0.42457 0.43137 0.42565 0.43137 0.42672 0.43028 0.42888 0.43028 0.42996 0.42919 0.43103 0.42919 0.43211 0.4281 0.43427 0.4281 0.43642 0.42593 0.43858 0.42593 0.43966 0.42484 0.44289 0.42484 0.44397 0.42375 0.4472 0.42375 0.44828 0.42266 0.45474 0.42266 0.45582 0.42157 0.45905 0.42157 0.46013 0.42048 0.46121 0.42048 0.46228 0.42157 0.47522 0.42157 0.47629 0.42266 0.4806 0.42266 0.48168 0.42375 0.49138 0.42375 0.49246 0.42484 0.49353 0.42484 0.49461 0.42593 0.49892 0.42593 0.5 0.42702 0.50216 0.42702 0.50323 0.4281 0.50431 0.4281 0.50539 0.42919 0.50647 0.42919 0.50754 0.43028 0.5097 0.43028 0.52047 0.44118 0.52155 0.44118 0.52909 0.4488 0.52909 0.44989 0.53233 0.45316 0.53233 0.45425 0.53772 0.45969 0.53772 0.46187 0.54095 0.46514 0.54095 0.46732 0.5431 0.4695 0.5431 0.47168 0.54418 0.47277 0.54418 0.47386 0.54634 0.47603 0.54634 0.47821 0.54741 0.4793 0.54741 0.48257 0.54849 0.48366 0.54849 0.48475 0.54957 0.48584 0.54957 0.49782 0.55065 0.49891 0.54957 0.5 0.54957 0.52179 0.54849 0.52288 0.54849 0.52614 0.54526 0.52941 0.54526 0.5305 0.53772 0.53813 0.53879 0.53813 0.53987 0.53922 0.54095 0.53922 0.54203 0.54031 0.54203 0.54248 0.53556 0.54902 0.53556 0.5512 0.53233 0.55447 0.53233 0.55556 0.53017 0.55773 0.53017 0.55882 0.52371 0.56536 0.52371 0.56645 0.52155 0.56863 0.52155 0.56972 0.51293 0.57843 0.51185 0.57843 0.50862 0.5817 0.50647 0.5817 0.50539 0.58279 0.50431 0.58279 0.50216 0.58497 0.50108 0.58497 0.5 0.58606 0.49784 0.58606 0.49677 0.58715 0.49569 0.58715 0.49461 0.58824 0.4903 0.58824 0.48922 0.58932 0.48276 0.58932 0.48168 0.59041 0.46228 0.59041 0.46121 0.5915 0.45905 0.5915 0.45797 0.59259 0.44935 0.59259 0.44828 0.5915 0.43858 0.5915 0.43319 0.58606 0.43319 0.58497 0.43427 0.58388 0.43427 0.58279 0.43534 0.5817 0.43534 0.57625 0.43319 0.57625 0.43211 0.57516 0.42888 0.57516 0.4278 0.57407 0.42457 0.57407 0.42349 0.57298 0.42241 0.57298 0.41918 0.56972 0.41918 0.56863 0.42565 0.56209 0.42565 0.55991 0.42672 0.55882 0.42672 0.5512 0.42241 0.54684 0.4181 0.54684 0.41703 0.54575 0.41379 0.54575 0.41272 0.54466 0.39655 0.54466 0.3944 0.54248 0.3944 0.54031 0.39547 0.53922 0.39547 0.52941 0.39224 0.52614 0.38793 0.52614 0.38685 0.52723 0.38578 0.52723 0.38254 0.5305 0.38254 0.53377 0.38147 0.53486 0.38147 0.54466 0.38578 0.54902 0.38578 0.55011 0.38685 0.5512 0.38685 0.55447 0.38793 0.55556 0.38793 0.55882 0.39871 0.56972 0.40086 0.56972 0.40194 0.57081 0.40194 0.5719 0.40517 0.57516 0.41056 0.57516 0.41703 0.56863 0.4181 0.56863 0.41918 0.56972 0.41487 0.57407 0.41487 0.57516 0.41379 0.57625 0.41379 0.57734 0.41272 0.57843 0.41272 0.57952 0.41164 0.58061 0.41164 0.5817 0.41056 0.58279 0.41056 0.58497 0.40517 0.59041 0.40409 0.59041 0.40086 0.59368 0.39978 0.59368 0.39763 0.59586 0.39763 0.60022 0.39871 0.60131 0.39871 0.6024 0.39978 0.6024 0.40302 0.60566 0.40409 0.60566 0.40517 0.60675 0.40625 0.60675 0.40733 0.60784 0.40841 0.60784 0.40948 0.60893 0.41056 0.60893 0.41164 0.61002 0.41379 0.61002 0.41487 0.61111 0.41703 0.61111 0.4181 0.6122 0.42241 0.6122 0.42349 0.61329 0.42672 0.61329 0.4278 0.6122 0.42888 0.6122 0.43103 0.61002 0.42996 0.60893 0.42996 0.60349 0.42888 0.6024 0.42888 0.60022 0.42996 0.59913 0.43211 0.60131 0.43319 0.60131 0.43427 0.6024 0.44397 0.6024 0.44504 0.60349 0.46013 0.60349 0.46121 0.6024 0.46444 0.6024 0.46552 0.60131 0.48491 0.60131 0.48599 0.60022 0.49353 0.60022 0.49461 0.59913 0.5 0.59913 0.50216 0.59695 0.50323 0.59695 0.50431 0.59586 0.50754 0.59586 0.51078 0.59259 0.51185 0.59259 0.51509 0.58932 0.51724 0.58932 0.53125 0.57516 0.53125 0.57407 0.53772 0.56754 0.53772 0.56536 0.5431 0.55991 0.5431 0.55882 0.54634 0.55556 0.54634 0.55338 0.55172 0.54793 0.55172 0.54684 0.55388 0.54466 0.55388 0.54357 0.55496 0.54248 0.55496 0.53813 0.55388 0.53704 0.55496 0.53595 0.55496 0.53486 0.55819 0.53159 0.55819 0.5305 0.55927 0.52941 0.55927 0.52832 0.56034 0.52723 0.56034 0.48584 0.55927 0.48475 0.55927 0.48039 0.55819 0.4793 0.55819 0.47712 0.55711 0.47603 0.55711 0.47277 0.55496 0.47059 0.55496 0.4695 0.55388 0.46841 0.55388 0.46732 0.5528 0.46623 0.5528 0.46514 0.55172 0.46405 0.55172 0.46296 0.55065 0.46187 0.55065 0.46078 0.54957 0.45969 0.54957 0.45861 0.54849 0.45752 0.54849 0.45643 0.54741 0.45534 0.54741 0.45425 0.54634 0.45316 0.54634 0.45207 0.54203 0.44771 0.54095 0.44771 0.53987 0.44662 0.53987 0.44553 0.53879 0.44444 0.53879 0.44336 0.52802 0.43246 0.52694 0.43246 0.51509 0.42048 0.51293 0.42048 0.51185 0.41939 0.51078 0.41939 0.50862 0.41721 0.50539 0.41721 0.50431 0.41612 0.50323 0.41612 0.50216 0.41503 0.49784 0.41503 0.49677 0.41394 0.49353 0.41394 0.49246 0.41285 0.48491 0.41285 0.48384 0.41176 0.47953 0.41176 0.47845 0.41068 0.46659 0.41068 0.46552 0.40959 0.46121 0.40959 0.46013 0.41068 0.45905 0.41068 0.45797 0.40959
0 0.84698 0.29412 0.84483 0.2963 0.84483 0.29739 0.84375 0.29847 0.84375 0.29956 0.84267 0.30065 0.84267 0.30174 0.84052 0.30392 0.84052 0.30501 0.83944 0.3061 0.83944 0.30719 0.83836 0.30828 0.83836 0.30937 0.83728 0.31046 0.83728 0.31155 0.83621 0.31264 0.83621 0.31373 0.83405 0.3159 0.83405 0.31699 0.83297 0.31808 0.83297 0.31917 0.8319 0.32026 0.8319 0.32135 0.83082 0.32244 0.83082 0.32353 0.82974 0.32462 0.82974 0.32571 0.82866 0.3268 0.82866 0.33007 0.82759 0.33115 0.82759 0.33333 0.82651 0.33442 0.82651 0.33769 0.82543 0.33878 0.82543 0.34096 0.82435 0.34205 0.82435 0.34423 0.82328 0.34532 0.82328 0.34749 0.8222 0.34858 0.8222 0.35185 0.82112 0.35294 0.82112 0.35512 0.81897 0.3573 0.81466 0.3573 0.81358 0.35621 0.80711 0.35621 0.80603 0.35512 0.79849 0.35512 0.79741 0.35403 0.79095 0.35403 0.78879 0.35185 0.78879 0.35076 0.78664 0.34858 0.78664 0.34749 0.78448 0.34532 0.78448 0.34423 0.78233 0.34205 0.78233 0.34096 0.78017 0.33878 0.75862 0.33878 0.75754 0.33769 0.73815 0.33769 0.73707 0.33878 0.73599 0.33769 0.73599 0.33878 0.73491 0.33987 0.73276 0.33987 0.73168 0.34096 0.7306 0.34096 0.72845 0.34314 0.72737 0.34314 0.72629 0.34423 0.72522 0.34423 0.72414 0.34532 0.72306 0.34532 0.72198 0.34641 0.72091 0.34641 0.71983 0.34749 0.71875 0.34749 0.71767 0.34858 0.71659 0.34858 0.71552 0.34967 0.71444 0.34967 0.71336 0.35076 0.71228 0.35076 0.71121 0.35185 0.71013 0.35185 0.70905 0.35294 0.70797 0.35294 0.7069 0.35403 0.70582 0.35403 0.70474 0.35512 0.70366 0.35512 0.69828 0.36057 0.69828 0.36166 0.69397 0.36601 0.69397 0.3671 0.68966 0.37146 0.68966 0.37255 0.68642 0.37582 0.68642 0.37691 0.68319 0.38017 0.68319 0.38126 0.68211 0.38235 0.68211 0.38344 0.68103 0.38453 0.68103 0.38562 0.67996 0.38671 0.67996 0.3878 0.67888 0.38889 0.67888 0.38998 0.6778 0.39107 0.6778 0.39216 0.67672 0.39325 0.67672 0.39434 0.67565 0.39542 0.67565 0.39651 0.67457 0.3976 0.67457 0.39869 0.67349 0.39978 0.67349 0.40196 0.67241 0.40305 0.67241 0.41394 0.67134 0.41503 0.67134 0.42702 0.67026 0.4281 0.67026 0.44009 0.66918 0.44118 0.66918 0.46732 0.6681 0.46841 0.6681 0.49129 0.67026 0.49346 0.67134 0.49346 0.67349 0.49564 0.67457 0.49564 0.6778 0.49891 0.67888 0.49891 0.68103 0.50109 0.68211 0.50109 0.68427 0.50327 0.68534 0.50327 0.6875 0.50545 0.68858 0.50545 0.69181 0.50871 0.69289 0.50871 0.69504 0.51089 0.69612 0.51089 0.69828 0.51307 0.69935 0.51307 0.70151 0.51525 0.70259 0.51525 0.70474 0.51743 0.73599 0.51743 0.73707 0.51634 0.7403 0.51634 0.74138 0.51525 0.74461 0.51525 0.74569 0.51416 0.74784 0.51416 0.74892 0.51307 0.75216 0.51307 0.75323 0.51198 0.75647 0.51198 0.75754 0.51089 0.76078 0.51089 0.76185 0.5098 0.76509 0.5098 0.76616 0.50871 0.76832 0.50871 0.7694 0.50763 0.77263 0.50763 0.77371 0.50654 0.77694 0.50654 0.77802 0.50545 0.78017 0.50545 0.78125 0.50436 0.78341 0.50436 0.78448 0.50327 0.78556 0.50327 0.78664 0.50218 0.78772 0.50218 0.78879 0.50109 0.79095 0.50109 0.79203 0.5 0.7931 0.5 0.79418 0.49891 0.79526 0.49891 0.79634 0.49782 0.79849 0.49782 0.79957 0.49673 0.80065 0.49673 0.80172 0.49564 0.8028 0.49564 0.80388 0.49455 0.80603 0.49455 0.80711 0.49346 0.80819 0.49346 0.80927 0.49237 0.81034 0.49237 0.81142 0.49129 0.81466 0.49129 0.81573 0.4902 0.82112 0.4902 0.8222 0.48911 0.82651 0.48911 0.82759 0.48802 0.83297 0.48802 0.83405 0.48693 0.83836 0.48693 0.83944 0.48584 0.84483 0.48584 0.84591 0.48475 0.85022 0.48475 0.85129 0.48366 0.85668 0.48366 0.85776 0.48257 0.86315 0.48257 0.86422 0.48148 0.86853 0.48148 0.86961 0.48039 0.875 0.48039 0.87608 0.4793 0.88147 0.4793 0.88254 0.47821 0.88793 0.47821 0.88901 0.47712 0.8944 0.47712 0.89547 0.47603 0.90086 0.47603 0.90194 0.47495 0.90625 0.47495 0.90625 0.45861 0.90733 0.45752 0.90733 0.42702 0.90625 0.42593 0.90625 0.41176 0.90517 0.41068 0.90517 0.39978 0.90409 0.39869 0.90409 0.39651 0.90302 0.39542 0.90302 0.39434 0.90194 0.39325 0.90194 0.39107 0.90086 0.38998 0.90086 0.38889 0.89978 0.3878 0.89978 0.38562 0.89871 0.38453 0.89871 0.38344 0.89763 0.38235 0.89763 0.38126 0.89655 0.38017 0.89655 0.378 0.89547 0.37691 0.89547 0.37582 0.8944 0.37473 0.8944 0.37255 0.89332 0.37146 0.89332 0.37037 0.89224 0.36928 0.89224 0.3671 0.89116 0.36601 0.89116 0.36492 0.89009 0.36383 0.89009 0.36166 0.88901 0.36057 0.88901 0.35948 0.88793 0.35839 0.88793 0.3573 0.88685 0.35621 0.88685 0.35403 0.88578 0.35294 0.88578 0.35076 0.8847 0.34967 0.8847 0.34858 0.88362 0.34749 0.88362 0.34641 0.88254 0.34532 0.88254 0.34314 0.88147 0.34205 0.88147 0.34096 0.88039 0.33987 0.88039 0.33878 0.87931 0.33769 0.87931 0.3366 0.87823 0.33551 0.87823 0.33442 0.87716 0.33333 0.87716 0.33115 0.87608 0.33007 0.87608 0.32898 0.875 0.32789 0.875 0.3268 0.87392 0.32571 0.87392 0.32462 0.87284 0.32353 0.87284 0.32135 0.87177 0.32026 0.87177 0.31917 0.87069 0.31808 0.87069 0.31699 0.86961 0.3159 0.86961 0.31481 0.86853 0.31373 0.86853 0.31155 0.86746 0.31046 0.86746 0.30937 0.86638 0.30828 0.86638 0.30719 0.8653 0.3061 0.86422 0.3061 0.86207 0.30392 0.86099 0.30392 0.85884 0.30174 0.85776 0.30174 0.85668 0.30065 0.8556 0.30065 0.85345 0.29847 0.85237 0.29847 0.85022 0.2963 0.84914 0.2963
0 0.7694 0.23094 0.76832 0.23203 0.7597 0.23203 0.75862 0.23312 0.75754 0.23312 0.75647 0.2342 0.75539 0.2342 0.75216 0.23747 0.75216 0.23856 0.75431 0.23856 0.75539 0.23965 0.76185 0.23965 0.76293 0.24074 0.76724 0.24074 0.76832 0.24183 0.77155 0.24183 0.77263 0.24292 0.77155 0.24401 0.76832 0.24401 0.76724 0.2451 0.76293 0.2451 0.76185 0.24619 0.7597 0.24619 0.75862 0.24728 0.75754 0.24728 0.75647 0.24837 0.75539 0.24837 0.75431 0.24946 0.74892 0.24946 0.74784 0.25054 0.74569 0.25054 0.74461 0.25163 0.74353 0.25163 0.74138 0.25381 0.74138 0.2549 0.74246 0.2549 0.74569 0.25817 0.73922 0.26471 0.73707 0.26471 0.73599 0.2658 0.73491 0.2658 0.73384 0.26688 0.73384 0.26906 0.73168 0.27124 0.72953 0.27124 0.72845 0.27015 0.72306 0.2756 0.72198 0.2756 0.72091 0.27669 0.71983 0.27669 0.71875 0.2756 0.71767 0.2756 0.71659 0.27451 0.71552 0.27451 0.71336 0.27669 0.71121 0.27669 0.71013 0.27778 0.7069 0.27778 0.70582 0.27669 0.70366 0.27669 0.70151 0.27887 0.70043 0.27887 0.69828 0.27669 0.6972 0.27669 0.69612 0.2756 0.69181 0.2756 0.69073 0.27669 0.68858 0.27669 0.68858 0.27778 0.6875 0.27887 0.68642 0.27887 0.68534 0.27996 0.68319 0.27996 0.68211 0.27887 0.68103 0.27887 0.67996 0.27996 0.67888 0.27996 0.67672 0.28214 0.67565 0.28214 0.67457 0.28105 0.67349 0.28105 0.67241 0.28214 0.67241 0.28322 0.67134 0.28431 0.67134 0.2854 0.66918 0.28758 0.6681 0.28758 0.66703 0.28649 0.66487 0.28649 0.66379 0.28758 0.66272 0.28758 0.66164 0.28867 0.65948 0.28867 0.65841 0.28976 0.65194 0.28976 0.65086 0.28867 0.64871 0.28867 0.64871 0.28976 0.64763 0.29085 0.64547 0.29085 0.6444 0.29194 0.64224 0.29194 0.64116 0.29303 0.63685 0.29303 0.63578 0.29194 0.63039 0.29194 0.62931 0.29303 0.62931 0.29412 0.62608 0.29739 0.62608 0.30065 0.625 0.30174 0.625 0.30283 0.62608 0.30392 0.62608 0.3061 0.625 0.30719 0.625 0.30828 0.62392 0.30937 0.62392 0.31046 0.62284 0.31155 0.62284 0.31808 0.62392 0.31917 0.62392 0.32571 0.62284 0.3268 0.62284 0.33442 0.62392 0.33551 0.62392 0.34205 0.62284 0.34314 0.62284 0.34423 0.62177 0.34532 0.62177 0.34749 0.61961 0.34967 0.62069 0.34967 0.62177 0.35076 0.62284 0.35076 0.625 0.35294 0.62392 0.35403 0.62392 0.35512 0.62284 0.35621 0.61853 0.35621 0.61746 0.3573 0.61746 0.35839 0.61638 0.35948 0.6153 0.35948 0.61422 0.36057 0.61422 0.36166 0.61315 0.36275 0.61315 0.36492 0.6153 0.3671 0.61638 0.3671 0.61853 0.36928 0.61099 0.37691 0.60991 0.37691 0.60991 0.378 0.60884 0.37908 0.60884 0.38671 0.60776 0.3878 0.60776 0.38889 0.60345 0.39325 0.60237 0.39325 0.60129 0.39434 0.59914 0.39434 0.59698 0.39651 0.59914 0.39869 0.60022 0.39869 0.60129 0.39978 0.60129 0.40087 0.59914 0.40305 0.59698 0.40305 0.59591 0.40414 0.59483 0.40414 0.59159 0.40741 0.59052 0.40741 0.58944 0.4085 0.58513 0.4085 0.58405 0.40959 0.5819 0.40959 0.58082 0.41068 0.57974 0.41068 0.57974 0.41176 0.57866 0.41285 0.57866 0.41394 0.57974 0.41503 0.57974 0.41721 0.57651 0.42048 0.57004 0.42048 0.56897 0.42157 0.56789 0.42157 0.56681 0.42266 0.56466 0.42266 0.56358 0.42375 0.56142 0.42375 0.56034 0.42484 0.55819 0.42484 0.55711 0.42593 0.5528 0.42593 0.55172 0.42484 0.55065 0.42484 0.54957 0.42593 0.54849 0.42593 0.54741 0.42702 0.54741 0.44009 0.54849 0.44118 0.54849 0.44227 0.55388 0.44227 0.55496 0.44118 0.55927 0.44118 0.5625 0.44444 0.5625 0.44553 0.56358 0.44662 0.56358 0.44771 0.56573 0.44989 0.56681 0.44989 0.56789 0.45098 0.56897 0.44989 0.57004 0.44989 0.57112 0.4488 0.57328 0.4488 0.57435 0.44771 0.57328 0.44771 0.5722 0.44662 0.5722 0.44553 0.57112 0.44444 0.57543 0.44009 0.57866 0.44336 0.57866 0.44444 0.57974 0.44553 0.58082 0.44444 0.5819 0.44444 0.58621 0.44009 0.58621 0.439 0.58728 0.43791 0.58728 0.43682 0.58944 0.43464 0.59375 0.43464 0.59483 0.43355 0.59698 0.43355 0.59806 0.43246 0.59914 0.43246 0.60237 0.42919 0.60453 0.42919 0.6056 0.4281 0.60776 0.4281 0.60884 0.42919 0.61315 0.42919 0.61422 0.43028 0.61207 0.43246 0.61099 0.43246 0.60991 0.43355 0.60884 0.43355 0.60776 0.43464 0.60668 0.43464 0.60453 0.43682 0.60345 0.43682 0.60237 0.43791 0.60129 0.43791 0.60022 0.439 0.59914 0.439 0.59806 0.44009 0.59591 0.44009 0.59375 0.44227 0.59267 0.44227 0.58728 0.44771 0.58728 0.4488 0.58513 0.45098 0.58513 0.45207 0.58297 0.45425 0.58297 0.45534 0.5819 0.45643 0.5819 0.46078 0.58082 0.46187 0.58082 0.46623 0.5819 0.46732 0.5819 0.47495 0.58297 0.47603 0.58297 0.48039 0.5819 0.48148 0.5819 0.49455 0.58297 0.49564 0.58297 0.49891 0.58405 0.5 0.58405 0.50327 0.58513 0.50436 0.58513 0.50654 0.58621 0.50763 0.58621 0.50871 0.58728 0.5098 0.58728 0.51089 0.58836 0.51198 0.58836 0.51307 0.58944 0.51416 0.59052 0.51416 0.59267 0.51634 0.59375 0.51634 0.59483 0.51743 0.59591 0.51743 0.59806 0.51961 0.59914 0.51961 0.60237 0.52288 0.60345 0.52288 0.60453 0.52397 0.60776 0.52397 0.60884 0.52288 0.61853 0.52288 0.61961 0.52179 0.62177 0.52179 0.62284 0.5207 0.62392 0.5207 0.625 0.51961 0.62823 0.51961 0.62931 0.51852 0.63147 0.51852 0.63254 0.51743 0.63362 0.51743 0.6347 0.51634 0.63578 0.51634 0.63685 0.51525 0.63685 0.51416 0.63793 0.51307 0.63793 0.51198 0.63901 0.51089 0.63901 0.5098 0.64224 0.50654 0.64224 0.50545 0.64332 0.50436 0.64332 0.50218 0.6444 0.50109 0.6444 0.49782 0.64332 0.49673 0.64332 0.48802 0.64224 0.48693 0.64224 0.48475 0.64116 0.48366 0.64116 0.4695 0.64009 0.46841 0.64009 0.46078 0.63901 0.45969 0.63901 0.45861 0.63578 0.45534 0.63578 0.45425 0.6347 0.45316 0.6347 0.45207 0.63362 0.45098 0.63362 0.44662 0.63254 0.44553 0.63254 0.44336 0.63147 0.44227 0.63147 0.44009 0.63039 0.439 0.63039 0.43791 0.62392 0.43137 0.62284 0.43137 0.62177 0.43028 0.61422 0.43028 0.61315 0.42919 0.61422 0.4281 0.61638 0.4281 0.61746 0.42702 0.61746 0.42593 0.61853 0.42484 0.61961 0.42484 0.62284 0.42157 0.62608 0.42157 0.62931 0.4183 0.62931 0.41721 0.63039 0.41612 0.63039 0.41503 0.63147 0.41394 0.63147 0.41285 0.63254 0.41176 0.63254 0.40959 0.63793 0.40414 0.63901 0.40523 0.63901 0.40632 0.64009 0.40741 0.64009 0.41176 0.64116 0.41285 0.64116 0.4183 0.64224 0.41939 0.64224 0.42266 0.64224 0.42048 0.64332 0.41939 0.64332 0.41721 0.6444 0.41612 0.6444 0.40959 0.64547 0.4085 0.64547 0.40741 0.64655 0.40632 0.64655 0.40523 0.65086 0.40087 0.65086 0.39542 0.65194 0.39434 0.65194 0.39216 0.65841 0.38562 0.65841 0.38017 0.65948 0.37908 0.65948 0.37582 0.66056 0.37473 0.66056 0.37364 0.66164 0.37255 0.66164 0.37146 0.66379 0.36928 0.66487 0.36928 0.67134 0.36275 0.67241 0.36275 0.67349 0.36166 0.67349 0.36057 0.67888 0.35512 0.67996 0.35512 0.68103 0.35403 0.68211 0.35403 0.68319 0.35294 0.68427 0.35294 0.6875 0.34967 0.68966 0.34967 0.69289 0.34641 0.69289 0.34532 0.69504 0.34314 0.69612 0.34314 0.6972 0.34205 0.69935 0.34205 0.70043 0.34096 0.70366 0.34096 0.70474 0.33987 0.70582 0.33987 0.7069 0.33878 0.70797 0.33878 0.70905 0.33769 0.71336 0.33769 0.71444 0.3366 0.71767 0.3366 0.71875 0.33769 0.72306 0.33769 0.72414 0.3366 0.72306 0.3366 0.72198 0.33551 0.71983 0.33551 0.71875 0.33442 0.71875 0.33333 0.72091 0.33115 0.72414 0.33115 0.72737 0.32789 0.72845 0.32789 0.72953 0.3268 0.73168 0.3268 0.73276 0.32571 0.73384 0.32571 0.73707 0.32244 0.74892 0.32244 0.75 0.32135 0.75323 0.32135 0.75216 0.32135 0.75 0.31917 0.75 0.31264 0.75108 0.31155 0.75323 0.31155 0.75431 0.31046 0.75647 0.31046 0.75754 0.30937 0.75862 0.30937 0.7597 0.30828 0.76185 0.30828 0.76293 0.30719 0.76293 0.3061 0.76401 0.30501 0.76293 0.30392 0.76293 0.29739 0.76401 0.2963 0.76401 0.28976 0.76509 0.28867 0.76509 0.28758 0.76616 0.28649 0.76724 0.28649 0.7694 0.28431 0.7694 0.28214 0.77478 0.27669 0.77478 0.27451 0.77586 0.27342 0.77586 0.27233 0.77694 0.27124 0.77694 0.26906 0.77802 0.26797 0.77802 0.26253 0.78125 0.25926 0.78233 0.25926 0.78233 0.25817 0.78341 0.25708 0.78341 0.25599 0.78556 0.25381 0.78556 0.25054 0.78448 0.24946 0.78448 0.24619 0.78341 0.2451 0.78341 0.24074 0.78448 0.23965 0.78448 0.23747 0.78341 0.23638 0.78341 0.2342 0.78233 0.23312 0.78017 0.23312 0.77909 0.23203 0.77802 0.23203 0.77694 0.23094
