0 0.41595 0.57516 0.41164 0.57952 0.41164 0.58061 0.41056 0.5817 0.41056 0.58279 0.40841 0.58497 0.40841 0.58606 0.40733 0.58715 0.40733 0.58932 0.40625 0.59041 0.40625 0.5915 0.40517 0.59259 0.40517 0.59368 0.40409 0.59477 0.40409 0.59586 0.40194 0.59804 0.40086 0.59804 0.39763 0.60131 0.39655 0.60131 0.3944 0.60349 0.39332 0.60349 0.39116 0.60566 0.39009 0.60566 0.39009 0.60784 0.38901 0.60893 0.38901 0.61002 0.39224 0.61329 0.39332 0.61329 0.39547 0.61547 0.39655 0.61547 0.39978 0.61874 0.40194 0.61874 0.40409 0.62092 0.40625 0.62092 0.40733 0.622 0.40948 0.622 0.41056 0.62309 0.41272 0.62309 0.41379 0.62418 0.41595 0.62418 0.41703 0.62527 0.42672 0.62527 0.4278 0.62418 0.4278 0.62309 0.42888 0.622 0.42888 0.61983 0.4278 0.61874 0.4278 0.61547 0.42672 0.61438 0.42672 0.60349 0.4278 0.6024 0.42888 0.60349 0.42888 0.61329 0.42996 0.61438 0.42996 0.61547 0.43211 0.61765 0.43319 0.61765 0.43427 0.61874 0.43642 0.61874 0.4375 0.61983 0.44181 0.61983 0.44289 0.62092 0.44504 0.62092 0.44612 0.622 0.46444 0.622 0.46552 0.62092 0.47522 0.62092 0.47629 0.61983 0.48168 0.61983 0.48276 0.61874 0.48707 0.61874 0.48815 0.61765 0.4903 0.61765 0.49138 0.61656 0.49353 0.61656 0.49461 0.61547 0.49569 0.61547 0.49677 0.61438 0.50108 0.61438 0.50216 0.61329 0.50323 0.61329 0.50431 0.6122 0.50539 0.6122 0.50647 0.61111 0.50754 0.61111 0.51185 0.60675 0.51401 0.60675 0.51509 0.60784 0.51616 0.60784 0.51724 0.60893 0.5194 0.60675 0.52047 0.60675 0.52155 0.60566 0.52155 0.60458 0.52263 0.60349 0.52263 0.6024 0.52478 0.60022 0.52478 0.59804 0.52586 0.59695 0.52586 0.59586 0.52694 0.59477 0.52694 0.59259 0.52909 0.59041 0.52909 0.58932 0.53125 0.58715 0.53233 0.58715 0.53341 0.58606 0.53233 0.58497 0.53233 0.58279 0.52909 0.58279 0.52909 0.58388 0.52694 0.58606 0.52478 0.58606 0.52371 0.58715 0.52263 0.58715 0.52155 0.58824 0.52047 0.58824 0.5194 0.58932 0.51832 0.58932 0.51724 0.59041 0.51616 0.59041 0.51509 0.58932 0.50862 0.58932 0.50754 0.59041 0.5 0.59041 0.49892 0.58932 0.46121 0.58932 0.46013 0.58824 0.4569 0.58824 0.45582 0.58715 0.45366 0.58715 0.45259 0.58606 0.45151 0.58606 0.45043 0.58497 0.44935 0.58497 0.44828 0.58388 0.4472 0.58388 0.44612 0.58279 0.44504 0.58279 0.44397 0.5817 0.44181 0.5817 0.44073 0.58061 0.43642 0.58061 0.43642 0.58279 0.43534 0.58388 0.43534 0.58606 0.43427 0.58715 0.43319 0.58606 0.43319 0.58279 0.43103 0.58061 0.42996 0.58061 0.42888 0.5817 0.42672 0.5817 0.42565 0.58061 0.42349 0.58061 0.42241 0.57952 0.42134 0.57952 0.42026 0.57843 0.41918 0.57843
0 0.91164 0.50218 0.91056 0.50327 0.90841 0.50327 0.90733 0.50436 0.90517 0.50436 0.90409 0.50545 0.90194 0.50545 0.90086 0.50654 0.89978 0.50654 0.89871 0.50763 0.89655 0.50763 0.89547 0.50871 0.89332 0.50871 0.89224 0.5098 0.89116 0.5098 0.89009 0.51089 0.88793 0.51089 0.88685 0.51198 0.8847 0.51198 0.88362 0.51307 0.88254 0.51307 0.88147 0.51416 0.87931 0.51416 0.87823 0.51525 0.87716 0.51525 0.87608 0.51634 0.875 0.51634 0.87392 0.51743 0.87284 0.51743 0.87177 0.51852 0.87069 0.51852 0.86961 0.51961 0.86746 0.51961 0.86638 0.5207 0.8653 0.5207 0.86422 0.52179 0.86315 0.52179 0.86207 0.52288 0.86099 0.52288 0.85991 0.52397 0.85884 0.52397 0.85776 0.52505 0.85668 0.52505 0.8556 0.52614 0.85345 0.52614 0.85237 0.52723 0.85129 0.52723 0.85022 0.52832 0.83405 0.52832 0.83297 0.52941 0.79957 0.52941 0.79849 0.5305 0.7694 0.5305 0.76832 0.53159 0.75108 0.53159 0.75 0.53268 0.73707 0.53268 0.73599 0.53159 0.73384 0.53159 0.73276 0.5305 0.73168 0.5305 0.7306 0.52941 0.72845 0.52941 0.72737 0.52832 0.72629 0.52832 0.72522 0.52723 0.72306 0.52723 0.72198 0.52614 0.72091 0.52614 0.71983 0.52505 0.71875 0.52505 0.71767 0.52397 0.71552 0.52397 0.71444 0.52288 0.71336 0.52288 0.71228 0.52179 0.71013 0.52179 0.70905 0.5207 0.70797 0.5207 0.7069 0.51961 0.70474 0.51961 0.70366 0.51852 0.70259 0.51852 0.70151 0.51743 0.69935 0.51743 0.69828 0.51634 0.6972 0.51743 0.69612 0.51743 0.69504 0.51852 0.69397 0.51852 0.69289 0.51961 0.69181 0.51961 0.68966 0.52179 0.68858 0.52179 0.6875 0.52288 0.68642 0.52288 0.68427 0.52505 0.68319 0.52505 0.68211 0.52614 0.68103 0.52614 0.67888 0.52832 0.6778 0.52832 0.67672 0.52941 0.67565 0.52941 0.67349 0.53159 0.67241 0.53159 0.67134 0.53268 0.67026 0.53268 0.66918 0.53377 0.6681 0.53377 0.66595 0.53595 0.63147 0.53595 0.63039 0.53704 0.59591 0.53704 0.59483 0.53595 0.57543 0.53595 0.57435 0.53704 0.57435 0.53922 0.57328 0.54031 0.57328 0.54248 0.5722 0.54357 0.5722 0.54684 0.57759 0.55229 0.57866 0.55229 0.58728 0.561 0.58836 0.561 0.59375 0.56645 0.59483 0.56645 0.60022 0.5719 0.60129 0.5719 0.60776 0.57843 0.60776 0.57952 0.60991 0.5817 0.60991 0.58279 0.61099 0.58388 0.61099 0.58497 0.61207 0.58606 0.61207 0.58715 0.61315 0.58824 0.61315 0.58932 0.61422 0.59041 0.61422 0.5915 0.61746 0.5915 0.61853 0.59041 0.61961 0.59041 0.62069 0.58932 0.62177 0.58932 0.62284 0.58824 0.62392 0.58824 0.625 0.58715 0.62608 0.58715 0.62716 0.58606 0.62823 0.58715 0.63254 0.58715 0.63362 0.58824 0.63901 0.58824 0.64009 0.58932 0.6444 0.58932 0.64547 0.59041 0.64978 0.59041 0.65086 0.5915 0.65517 0.5915 0.65625 0.59259 0.66164 0.59259 0.66272 0.59368 0.66379 0.59368 0.66487 0.59477 0.66595 0.59477 0.66703 0.59586 0.6681 0.59586 0.66918 0.59695 0.67026 0.59695 0.67134 0.59804 0.67241 0.59804 0.67349 0.59913 0.67457 0.59913 0.67565 0.60022 0.67672 0.60022 0.6778 0.60131 0.67888 0.60131 0.67996 0.6024 0.68103 0.6024 0.68319 0.60458 0.68427 0.60458 0.68534 0.60566 0.68642 0.60566 0.6875 0.60675 0.68858 0.60675 0.68966 0.60784 0.69073 0.60784 0.69181 0.60893 0.69397 0.60893 0.69612 0.61111 0.69828 0.61111 0.69935 0.6122 0.70043 0.6122 0.70151 0.61329 0.70259 0.61329 0.70366 0.61438 0.70474 0.61438 0.70582 0.61547 0.7069 0.61547 0.70797 0.61656 0.71013 0.61656 0.71121 0.61765 0.71228 0.61765 0.71336 0.61874 0.71444 0.61874 0.71552 0.61983 0.71659 0.61983 0.71767 0.62092 0.71983 0.62092 0.72091 0.622 0.72198 0.622 0.72306 0.62309 0.72414 0.62309 0.72522 0.62418 0.72629 0.62418 0.72845 0.62636 0.72953 0.62636 0.73276 0.62963 0.73384 0.62963 0.73599 0.63181 0.73707 0.63181 0.73922 0.63399 0.7403 0.63399 0.74353 0.63725 0.74461 0.63725 0.74677 0.63943 0.74784 0.63943 0.75 0.64161 0.75108 0.64161 0.76293 0.65359 0.76293 0.65468 0.77263 0.66449 0.77263 0.66558 0.77909 0.67211 0.78017 0.67211 0.78341 0.67538 0.78448 0.67538 0.78879 0.67974 0.78987 0.67974 0.7931 0.68301 0.79418 0.68301 0.79849 0.68736 0.79957 0.68736 0.8028 0.69063 0.80388 0.69063 0.80711 0.6939 0.80819 0.6939 0.80927 0.69499 0.8125 0.69499 0.81358 0.6939 0.8222 0.6939 0.82328 0.69281 0.83082 0.69281 0.8319 0.69172 0.83944 0.69172 0.84052 0.69063 0.84806 0.69063 0.84914 0.68954 0.85668 0.68954 0.86746 0.67865 0.86746 0.67756 0.87823 0.66667 0.87823 0.66558 0.89009 0.65359 0.89009 0.65251 0.89332 0.64924 0.89332 0.64815 0.8944 0.64706 0.8944 0.64488 0.89547 0.64379 0.89547 0.64161 0.89655 0.64052 0.89655 0.63834 0.89763 0.63725 0.89763 0.63508 0.89871 0.63399 0.89871 0.63181 0.89978 0.63072 0.89978 0.62854 0.90086 0.62745 0.90086 0.62418 0.90194 0.62309 0.90194 0.622 0.90302 0.62092 0.90302 0.61765 0.90409 0.61656 0.90409 0.61438 0.90517 0.61329 0.90517 0.61111 0.90625 0.61002 0.90625 0.60784 0.90733 0.60675 0.90733 0.60349 0.90841 0.6024 0.90841 0.59695 0.90948 0.59586 0.90948 0.58932 0.91056 0.58824 0.91056 0.58279 0.91164 0.5817 0.91164 0.57625 0.91272 0.57516 0.91272 0.56863 0.91379 0.56754 0.91272 0.56645 0.91272 0.50545 0.91164 0.50436
0 0.45043 0.49129 0.44935 0.49237 0.44828 0.49237 0.44612 0.49455 0.44181 0.49455 0.44073 0.49564 0.44073 0.49673 0.43966 0.49782 0.43966 0.50109 0.44073 0.50218 0.44073 0.50327 0.44181 0.50436 0.44181 0.50545 0.44289 0.50654 0.44289 0.50763 0.44612 0.50436 0.44828 0.50654 0.44828 0.51198 0.45043 0.51416 0.45151 0.51416 0.45259 0.51525 0.4569 0.51525 0.45797 0.51634 0.46228 0.51634 0.46336 0.51743 0.46552 0.51743 0.46983 0.51307 0.46983 0.51198 0.47091 0.51089 0.47091 0.49455 0.46875 0.49237 0.46767 0.49237 0.46659 0.49129 0.46444 0.49129 0.46336 0.49237 0.45259 0.49237 0.45151 0.49129
0 0.53987 0.48257 0.53879 0.48366 0.53772 0.48366 0.53772 0.48475 0.53556 0.48693 0.53556 0.4902 0.53448 0.49129 0.53448 0.49237 0.53233 0.49455 0.53125 0.49455 0.53125 0.49564 0.52802 0.49891 0.52802 0.50218 0.52909 0.50327 0.52802 0.50436 0.52802 0.50871 0.52694 0.5098 0.52694 0.51089 0.52478 0.51307 0.52478 0.51634 0.52694 0.51852 0.52694 0.52288 0.52586 0.52397 0.52586 0.52505 0.52371 0.52723 0.52371 0.53268 0.52478 0.53377 0.52478 0.53595 0.52586 0.53704 0.52586 0.54139 0.52478 0.54248 0.52478 0.54684 0.52802 0.54684 0.53125 0.55011 0.53556 0.55011 0.53664 0.5512 0.53879 0.5512 0.53987 0.55229 0.54418 0.54793 0.54418 0.54684 0.54526 0.54575 0.54526 0.54357 0.54634 0.54248 0.54634 0.54139 0.54849 0.53922 0.54957 0.53922 0.55172 0.53704 0.55172 0.53595 0.5528 0.53486 0.5528 0.5207 0.55388 0.51961 0.55388 0.50109 0.5528 0.5 0.5528 0.49782 0.55065 0.49564 0.55065 0.49455 0.55172 0.49346 0.55172 0.4902 0.55065 0.4902 0.54849 0.49237 0.54741 0.49129 0.54741 0.48693 0.54526 0.48475 0.54526 0.48366 0.54418 0.48257
0 0.51293 0.45534 0.51078 0.45752 0.5097 0.45752 0.50862 0.45861 0.50754 0.45861 0.50647 0.45969 0.50647 0.46078 0.50216 0.46514 0.50216 0.46623 0.50108 0.46732 0.50108 0.46841 0.5 0.4695 0.5 0.47495 0.50108 0.47603 0.50108 0.47712 0.50216 0.47821 0.50216 0.4793 0.50539 0.48257 0.50647 0.48257 0.50754 0.48366 0.51185 0.48366 0.51293 0.48475 0.51401 0.48366 0.51724 0.48366 0.51832 0.48257 0.52047 0.48257 0.52155 0.48148 0.52371 0.48148 0.52586 0.4793 0.52478 0.47821 0.52478 0.47712 0.52371 0.47712 0.52263 0.47603 0.52263 0.47495 0.52371 0.47386 0.52371 0.47277 0.52478 0.47168 0.52478 0.47059 0.52694 0.46841 0.52694 0.46405 0.52586 0.46296 0.52586 0.46187 0.52478 0.46078 0.52478 0.45969 0.52371 0.45969 0.52263 0.45861 0.52047 0.45861 0.51832 0.45643 0.51509 0.45643 0.51401 0.45534
0
0 0.48599 0.42157 0.48168 0.42593 0.4806 0.42593 0.47737 0.42919 0.47629 0.42919 0.47522 0.43028 0.47414 0.43028 0.47198 0.43246 0.47306 0.43355 0.47306 0.43791 0.47414 0.439 0.47414 0.44118 0.47629 0.44336 0.47629 0.44444 0.47737 0.44553 0.47737 0.44662 0.47953 0.4488 0.48168 0.4488 0.48276 0.44989 0.48707 0.44989 0.48815 0.4488 0.4903 0.4488 0.49138 0.44771 0.49246 0.44771 0.49246 0.44336 0.49569 0.44009 0.49569 0.439 0.49677 0.43791 0.49677 0.43682 0.49784 0.43573 0.50108 0.43573 0.50108 0.42919 0.5 0.4281 0.5 0.42702 0.50108 0.42593 0.50108 0.42484 0.49677 0.42484 0.49569 0.42375 0.49569 0.42266 0.49461 0.42157 0.49138 0.42157 0.4903 0.42266 0.48922 0.42266 0.48815 0.42157
0 0.47091 0.38235 0.46983 0.38344 0.46659 0.38344 0.46552 0.38453 0.46228 0.38453 0.46121 0.38562 0.45797 0.38562 0.4569 0.38671 0.45366 0.38671 0.45259 0.3878 0.44935 0.3878 0.44828 0.38889 0.44504 0.38889 0.44397 0.38998 0.44073 0.38998 0.43966 0.39107 0.43642 0.39107 0.43534 0.39216 0.43319 0.39216 0.43211 0.39325 0.43103 0.39325 0.42996 0.39434 0.4278 0.39434 0.42672 0.39542 0.42457 0.39542 0.42349 0.39651 0.42134 0.39651 0.42026 0.3976 0.4181 0.3976 0.41703 0.39869 0.41595 0.39869 0.41487 0.39978 0.41272 0.39978 0.41164 0.40087 0.40948 0.40087 0.40841 0.40196 0.40625 0.40196 0.40517 0.40305 0.40302 0.40305 0.39224 0.41394 0.39116 0.41394 0.39116 0.41503 0.39009 0.41612 0.38901 0.41612 0.37284 0.43246 0.37284 0.43355 0.37069 0.43573 0.37069 0.43682 0.36961 0.43791 0.36961 0.439 0.36853 0.44009 0.36853 0.44118 0.36638 0.44336 0.36638 0.44444 0.3653 0.44553 0.3653 0.44662 0.36422 0.44771 0.36422 0.4488 0.36207 0.45098 0.36207 0.45207 0.36099 0.45316 0.36099 0.45425 0.35991 0.45534 0.35991 0.45643 0.35884 0.45752 0.35884 0.45861 0.35668 0.46078 0.35668 0.46187 0.3556 0.46296 0.3556 0.46405 0.35453 0.46514 0.35453 0.46623 0.35237 0.46841 0.35237 0.4695 0.35129 0.47059 0.35129 0.47277 0.35022 0.47386 0.35022 0.47821 0.34914 0.4793 0.34914 0.48366 0.34806 0.48475 0.34806 0.48802 0.34698 0.48911 0.34698 0.49346 0.34591 0.49455 0.34591 0.49891 0.34483 0.5 0.34483 0.51089 0.34591 0.51198 0.34591 0.51852 0.34698 0.51961 0.34698 0.52614 0.34806 0.52723 0.34806 0.53377 0.34914 0.53486 0.34914 0.54139 0.35022 0.54248 0.35022 0.54575 0.35129 0.54684 0.35129 0.54793 0.35237 0.54902 0.35237 0.5512 0.35345 0.55229 0.35345 0.55338 0.35453 0.55447 0.35453 0.55664 0.3556 0.55773 0.3556 0.55882 0.35668 0.55991 0.35668 0.56209 0.35776 0.56318 0.35776 0.56427 0.35884 0.56536 0.35884 0.56754 0.37716 0.58606 0.37716 0.58715 0.37931 0.58932 0.37931 0.59041 0.38147 0.59259 0.38147 0.59368 0.3847 0.59695 0.3847 0.59804 0.38685 0.60022 0.38685 0.60131 0.38901 0.60349 0.39332 0.59913 0.39332 0.59804 0.39655 0.59477 0.39655 0.59368 0.40086 0.58932 0.40086 0.58824 0.40409 0.58497 0.40409 0.58388 0.40625 0.5817 0.40625 0.58061 0.40733 0.57952 0.40733 0.57843 0.40948 0.57625 0.40948 0.57516 0.41056 0.57407 0.41056 0.57298 0.41164 0.5719 0.41164 0.57081 0.41272 0.56972 0.41272 0.56863 0.41487 0.56645 0.41487 0.56536 0.41595 0.56427 0.41595 0.56318 0.41703 0.56209 0.41703 0.55991 0.40625 0.54902 0.40517 0.54902 0.40086 0.54466 0.39978 0.54466 0.39547 0.54031 0.3944 0.54031 0.39116 0.53704 0.39009 0.53704 0.38901 0.53595 0.38901 0.53377 0.38793 0.53268 0.38793 0.52941 0.38685 0.52832 0.38685 0.52505 0.38578 0.52397 0.38578 0.5207 0.3847 0.51961 0.3847 0.51525 0.38362 0.51416 0.38362 0.48584 0.38254 0.48475 0.38254 0.48039 0.38362 0.4793 0.38362 0.47603 0.3847 0.47495 0.3847 0.47168 0.38578 0.47059 0.38578 0.46732 0.38685 0.46623 0.38685 0.46187 0.38793 0.46078 0.38793 0.45752 0.38901 0.45643 0.38901 0.45316 0.39224 0.44989 0.39224 0.4488 0.40302 0.43791 0.40302 0.43682 0.40948 0.43028 0.41056 0.43028 0.41164 0.42919 0.41272 0.42919 0.41379 0.4281 0.41487 0.4281 0.41595 0.42702 0.41703 0.42702 0.4181 0.42593 0.41918 0.42593 0.42026 0.42484 0.42134 0.42484 0.42241 0.42375 0.42349 0.42375 0.42457 0.42266 0.42565 0.42266 0.42672 0.42157 0.4278 0.42157 0.42888 0.42048 0.42996 0.42048 0.43103 0.41939 0.43211 0.41939 0.43319 0.4183 0.43427 0.4183 0.43534 0.41721 0.43642 0.41721 0.4375 0.41612 0.43858 0.41612 0.43966 0.41503 0.44504 0.41503 0.44612 0.41394 0.46875 0.41394 0.46983 0.41285 0.48168 0.41285 0.48276 0.41394 0.48491 0.41394 0.48599 0.41503 0.48707 0.41503 0.48815 0.41612 0.48922 0.41612 0.4903 0.41721 0.49246 0.41721 0.49353 0.4183 0.49461 0.4183 0.49569 0.41939 0.49784 0.41939 0.49892 0.42048 0.5 0.42048 0.50108 0.42157 0.50323 0.42157 0.50431 0.42266 0.50647 0.42266 0.51509 0.43137 0.51509 0.43246 0.52263 0.44009 0.52263 0.44118 0.53125 0.44989 0.53125 0.45098 0.53556 0.45534 0.53556 0.45643 0.53987 0.46078 0.53987 0.46187 0.54418 0.46623 0.54418 0.46732 0.54849 0.47168 0.54849 0.46296 0.54957 0.46187 0.54957 0.4488 0.54849 0.44771 0.54849 0.44553 0.54741 0.44444 0.54741 0.44336 0.54634 0.44227 0.54634 0.44009 0.54526 0.439 0.54526 0.43791 0.54418 0.43682 0.54418 0.43573 0.5431 0.43464 0.5431 0.43246 0.54203 0.43137 0.54203 0.43028 0.54095 0.42919 0.54095 0.42702 0.53987 0.42593 0.53987 0.42484 0.53879 0.42375 0.53879 0.42266 0.52155 0.40523 0.52047 0.40523 0.5194 0.40414 0.5194 0.40305 0.51724 0.40087 0.51616 0.40087 0.5097 0.39434 0.50754 0.39434 0.50647 0.39325 0.50539 0.39325 0.50431 0.39216 0.50216 0.39216 0.50108 0.39107 0.49892 0.39107 0.49784 0.38998 0.49569 0.38998 0.49461 0.38889 0.49246 0.38889 0.49138 0.3878 0.48922 0.3878 0.48815 0.38671 0.48599 0.38671 0.48491 0.38562 0.48276 0.38562 0.48168 0.38453 0.47953 0.38453 0.47845 0.38344 0.47629 0.38344 0.47522 0.38235
0 0.8222 0.28867 0.82112 0.28976 0.81466 0.28976 0.81358 0.29085 0.80927 0.29085 0.80819 0.29194 0.79418 0.29194 0.7931 0.29303 0.78987 0.29303 0.78879 0.29194 0.78664 0.29194 0.78556 0.29085 0.78341 0.29085 0.78233 0.28976 0.78125 0.29085 0.77694 0.29085 0.77586 0.29194 0.7694 0.29194 0.76832 0.29303 0.76724 0.29303 0.76401 0.2963 0.76293 0.2963 0.76185 0.29739 0.76078 0.29739 0.7597 0.29847 0.75862 0.29847 0.75754 0.29956 0.75647 0.29956 0.75323 0.30283 0.75216 0.30283 0.75 0.30501 0.75 0.3061 0.74892 0.30719 0.74784 0.30719 0.74569 0.30937 0.74569 0.31046 0.74461 0.31155 0.74461 0.31373 0.74353 0.31481 0.74138 0.31481 0.73922 0.31699 0.73707 0.31699 0.73599 0.31808 0.73168 0.31808 0.73276 0.31917 0.73491 0.31917 0.73599 0.31808 0.73707 0.31917 0.73922 0.31917 0.7403 0.32026 0.74138 0.32026 0.74246 0.32135 0.73922 0.32462 0.73599 0.32462 0.73491 0.32353 0.7306 0.32353 0.72845 0.32571 0.72845 0.32898 0.72629 0.33115 0.72629 0.33224 0.72522 0.33333 0.72629 0.33442 0.72629 0.3366 0.72737 0.33769 0.72629 0.33878 0.72629 0.33987 0.72522 0.34096 0.72522 0.34532 0.72414 0.34641 0.72414 0.34858 0.72306 0.34967 0.72306 0.35076 0.72198 0.35185 0.72198 0.35294 0.71875 0.35621 0.71875 0.3573 0.71659 0.35948 0.71659 0.36057 0.71552 0.36166 0.71552 0.36275 0.71444 0.36383 0.71444 0.36492 0.71336 0.36601 0.71336 0.37255 0.71444 0.37364 0.71444 0.378 0.71228 0.38017 0.71228 0.38235 0.71121 0.38344 0.71121 0.39542 0.71228 0.39651 0.71228 0.3976 0.71336 0.39869 0.71336 0.40087 0.71444 0.40196 0.71444 0.40305 0.71552 0.40414 0.71552 0.41394 0.71659 0.41503 0.71659 0.41721 0.71767 0.4183 0.71767 0.42593 0.71552 0.4281 0.71444 0.4281 0.71336 0.42919 0.71336 0.43137 0.71228 0.43246 0.71228 0.43355 0.71121 0.43464 0.71121 0.43682 0.71013 0.43791 0.71013 0.439 0.70905 0.44009 0.71013 0.44118 0.71013 0.44227 0.71228 0.44444 0.71228 0.4488 0.71121 0.44989 0.71121 0.45207 0.71228 0.45316 0.71228 0.45534 0.71336 0.45643 0.71336 0.45752 0.71444 0.45861 0.71444 0.46514 0.71552 0.46623 0.71552 0.46841 0.71659 0.4695 0.71767 0.46841 0.71875 0.46841 0.71983 0.46732 0.72414 0.46732 0.72522 0.46841 0.72522 0.4695 0.72629 0.47059 0.72845 0.47059 0.73168 0.47386 0.73168 0.47495 0.73276 0.47603 0.73384 0.47603 0.73599 0.47821 0.73599 0.4793 0.73815 0.4793 0.73922 0.48039 0.7403 0.48039 0.74246 0.48257 0.74246 0.48366 0.74353 0.48366 0.74461 0.48475 0.74569 0.48475 0.74784 0.48693 0.74892 0.48693 0.75431 0.49237 0.75539 0.49237 0.75647 0.49346 0.75754 0.49346 0.75862 0.49455 0.7597 0.49455 0.76078 0.49564 0.76078 0.49673 0.76293 0.49891 0.76293 0.5 0.76401 0.5 0.76832 0.50436 0.7694 0.50436 0.77047 0.50545 0.77371 0.50545 0.77478 0.50654 0.77586 0.50654 0.77694 0.50763 0.77371 0.51089 0.77478 0.51198 0.77694 0.51198 0.77802 0.51307 0.77909 0.51307 0.78233 0.51634 0.78448 0.51634 0.78556 0.51743 0.78987 0.51743 0.79095 0.51634 0.79418 0.51634 0.79526 0.51525 0.79634 0.51525 0.79849 0.51307 0.79957 0.51307 0.80065 0.51198 0.80388 0.51198 0.80496 0.51089 0.80711 0.51089 0.80819 0.5098 0.80927 0.5098 0.81034 0.50871 0.81142 0.50871 0.8125 0.50763 0.81466 0.50763 0.81573 0.50654 0.81897 0.50654 0.82004 0.50545 0.8222 0.50545 0.82328 0.50436 0.84698 0.50436 0.84806 0.50327 0.84914 0.50327 0.8556 0.49673 0.85668 0.49673 0.85776 0.49564 0.85776 0.49455 0.86099 0.49129 0.86099 0.4902 0.86207 0.48911 0.86207 0.48366 0.86315 0.48257 0.86315 0.48039 0.8653 0.47821 0.86746 0.47821 0.86961 0.47603 0.87284 0.47603 0.87608 0.4793 0.8847 0.4793 0.88578 0.47821 0.88578 0.47712 0.88685 0.47603 0.88685 0.47495 0.88901 0.47277 0.89009 0.47277 0.89116 0.47168 0.89009 0.47059 0.89009 0.46732 0.89116 0.46623 0.89116 0.46514 0.89224 0.46405 0.89224 0.45969 0.89332 0.45861 0.89332 0.45534 0.89224 0.45425 0.89116 0.45425 0.88901 0.45207 0.89116 0.44989 0.89224 0.44989 0.90086 0.44118 0.90086 0.43791 0.90194 0.43682 0.90194 0.43464 0.90302 0.43355 0.90302 0.43028 0.90194 0.42919 0.90194 0.42593 0.90086 0.42484 0.90086 0.41394 0.89978 0.41285 0.89978 0.4085 0.89871 0.40741 0.89871 0.40414 0.89763 0.40305 0.89763 0.39542 0.89655 0.39434 0.89655 0.38998 0.89547 0.38889 0.89547 0.38562 0.8944 0.38453 0.8944 0.38344 0.89332 0.38235 0.89332 0.38017 0.89224 0.37908 0.89224 0.37582 0.89116 0.37473 0.89116 0.37255 0.89009 0.37146 0.89009 0.36928 0.88901 0.36819 0.88901 0.3671 0.88793 0.36601 0.88793 0.36492 0.88685 0.36383 0.88685 0.36275 0.88578 0.36166 0.88578 0.35948 0.8847 0.35839 0.8847 0.3573 0.88362 0.35621 0.88362 0.35403 0.88254 0.35294 0.88254 0.35076 0.88147 0.34967 0.88147 0.34749 0.88039 0.34641 0.88039 0.34423 0.87931 0.34314 0.87931 0.34205 0.87823 0.34096 0.87823 0.33878 0.87716 0.33769 0.87716 0.3366 0.87608 0.33551 0.87608 0.33442 0.87392 0.33224 0.87392 0.33007 0.87284 0.32898 0.87284 0.32789 0.87177 0.3268 0.87177 0.32571 0.86961 0.32353 0.86961 0.32135 0.86638 0.31808 0.86638 0.31699 0.8653 0.3159 0.8653 0.31481 0.86422 0.31373 0.86422 0.31264 0.86207 0.31046 0.86207 0.30828 0.86099 0.30719 0.86099 0.30501 0.85884 0.30283 0.85884 0.30174 0.85776 0.30065 0.85776 0.29739 0.8556 0.29521 0.85453 0.29521 0.85345 0.29412 0.85345 0.29303 0.85237 0.29194 0.85237 0.29085 0.85129 0.28976 0.82759 0.28976 0.82651 0.28867
0
0 0.73599 0.20261 0.73599 0.20806 0.73707 0.20806 0.73815 0.20915 0.7403 0.20915 0.74138 0.21024 0.74138 0.21133 0.73922 0.21351 0.73707 0.21351 0.73707 0.2146 0.73491 0.21678 0.73491 0.22549 0.73384 0.22658 0.73384 0.22767 0.73168 0.22985 0.7306 0.22985 0.72953 0.23094 0.72737 0.23094 0.72522 0.23312 0.72306 0.23312 0.72198 0.2342 0.71767 0.2342 0.71767 0.23638 0.71875 0.23747 0.71875 0.23856 0.71659 0.24074 0.71228 0.24074 0.71121 0.24183 0.71121 0.24292 0.71013 0.24401 0.70905 0.24401 0.7069 0.24619 0.70582 0.24619 0.70151 0.25054 0.70151 0.25163 0.70259 0.25272 0.70259 0.25817 0.70043 0.26035 0.6972 0.26035 0.69612 0.26144 0.69504 0.26144 0.69397 0.26253 0.69289 0.26253 0.69289 0.26362 0.69181 0.26471 0.69073 0.26471 0.68966 0.2658 0.68858 0.2658 0.68642 0.26797 0.68642 0.27124 0.68858 0.27342 0.68858 0.27669 0.68642 0.27887 0.68211 0.27887 0.68103 0.27778 0.67996 0.27887 0.67888 0.27887 0.6778 0.27996 0.6778 0.28105 0.67672 0.28214 0.67565 0.28105 0.67134 0.28105 0.67026 0.27996 0.6681 0.27996 0.66703 0.27887 0.66379 0.27887 0.66272 0.27996 0.66056 0.27996 0.65948 0.28105 0.65841 0.28105 0.65733 0.28214 0.65733 0.2854 0.65625 0.28649 0.65625 0.29521 0.65517 0.2963 0.65517 0.29739 0.65194 0.30065 0.65086 0.30065 0.64978 0.30174 0.64871 0.30174 0.65086 0.30392 0.65302 0.30392 0.65517 0.3061 0.65302 0.30828 0.64871 0.30828 0.64763 0.30937 0.64763 0.31046 0.64655 0.31155 0.64547 0.31155 0.64224 0.31481 0.64224 0.3159 0.64116 0.31699 0.64116 0.32353 0.64009 0.32462 0.64009 0.32789 0.63901 0.32898 0.63901 0.33551 0.64009 0.3366 0.64009 0.33769 0.63901 0.33878 0.63901 0.33987 0.63578 0.34314 0.63578 0.34423 0.63362 0.34641 0.63254 0.34641 0.63147 0.34749 0.63039 0.34749 0.63039 0.34858 0.62931 0.34967 0.63039 0.35076 0.63039 0.35621 0.62608 0.36057 0.625 0.36057 0.62392 0.36166 0.61638 0.36166 0.6153 0.36057 0.61422 0.36166 0.61315 0.36166 0.61315 0.36275 0.61207 0.36383 0.61207 0.36492 0.61315 0.36492 0.61422 0.36601 0.6153 0.36601 0.61638 0.3671 0.61853 0.3671 0.61961 0.36819 0.62069 0.36819 0.62177 0.36928 0.62069 0.37037 0.61853 0.37037 0.61638 0.37255 0.61638 0.37364 0.6153 0.37473 0.6153 0.37582 0.61422 0.37691 0.61422 0.378 0.61207 0.38017 0.61099 0.38017 0.61099 0.38344 0.60991 0.38453 0.60991 0.38562 0.60776 0.3878 0.60345 0.3878 0.60237 0.38889 0.60022 0.38889 0.59914 0.38998 0.59806 0.38998 0.59698 0.39107 0.59591 0.39107 0.59483 0.39216 0.59483 0.39325 0.59267 0.39542 0.59267 0.39651 0.58944 0.39978 0.58728 0.39978 0.58621 0.40087 0.58405 0.40087 0.58297 0.40196 0.5819 0.40196 0.58082 0.40305 0.57974 0.40305 0.5722 0.41068 0.57112 0.41068 0.57004 0.41176 0.56897 0.41176 0.56789 0.41285 0.56573 0.41285 0.56358 0.41503 0.56142 0.41503 0.56034 0.41612 0.55172 0.41612 0.54957 0.4183 0.54957 0.41939 0.54849 0.42048 0.54849 0.42484 0.54957 0.42593 0.54957 0.42702 0.55065 0.4281 0.55065 0.43246 0.55172 0.43355 0.55172 0.43573 0.5528 0.43682 0.5528 0.43791 0.55603 0.43791 0.55711 0.43682 0.56034 0.43682 0.56142 0.43791 0.56034 0.439 0.55927 0.439 0.55819 0.44009 0.55711 0.44009 0.55603 0.44118 0.55496 0.44118 0.55388 0.44227 0.5528 0.44227 0.55172 0.44336 0.55172 0.44553 0.5528 0.44662 0.5528 0.45425 0.55388 0.45534 0.55388 0.45861 0.55496 0.45969 0.55496 0.46514 0.55603 0.46623 0.55603 0.47168 0.55711 0.47277 0.55711 0.47386 0.55819 0.47495 0.55819 0.48148 0.55927 0.48257 0.55927 0.49455 0.55819 0.49564 0.55819 0.50218 0.55927 0.50327 0.55927 0.51307 0.55819 0.51416 0.55819 0.51634 0.55927 0.51743 0.55927 0.52397 0.55819 0.52505 0.55819 0.52723 0.55711 0.52832 0.55711 0.53159 0.55603 0.53268 0.55603 0.55447 0.55927 0.5512 0.55927 0.55011 0.56034 0.54902 0.56034 0.54793 0.56142 0.54684 0.56142 0.54357 0.5625 0.54248 0.5625 0.54139 0.56358 0.54031 0.56358 0.53922 0.56466 0.53813 0.56466 0.53704 0.56789 0.53377 0.56789 0.53159 0.56897 0.5305 0.56897 0.52941 0.57112 0.52723 0.57112 0.52614 0.5722 0.52505 0.5722 0.52397 0.57974 0.51634 0.57974 0.51307 0.58082 0.51198 0.58082 0.5098 0.5819 0.50871 0.5819 0.50654 0.58297 0.50545 0.58297 0.50327 0.58405 0.50218 0.58405 0.49564 0.58513 0.49455 0.58513 0.48584 0.58621 0.48475 0.58621 0.47821 0.58513 0.47712 0.58513 0.46732 0.58405 0.46623 0.58405 0.46405 0.58297 0.46296 0.58297 0.45969 0.58082 0.45752 0.58082 0.45643 0.57974 0.45534 0.57974 0.45425 0.57759 0.45207 0.57759 0.44989 0.57543 0.44771 0.57543 0.44553 0.57328 0.44336 0.57328 0.44227 0.57112 0.44009 0.5722 0.439 0.57328 0.439 0.57435 0.44009 0.58297 0.44009 0.58728 0.43573 0.58836 0.43573 0.58944 0.43464 0.59052 0.43464 0.59159 0.43355 0.59159 0.43028 0.59375 0.4281 0.59591 0.4281 0.59698 0.42702 0.59806 0.42702 0.59914 0.42593 0.60453 0.42593 0.6056 0.42484 0.60776 0.42484 0.60884 0.42593 0.60991 0.42593 0.61099 0.42702 0.60991 0.4281 0.60991 0.42919 0.6056 0.43355 0.6056 0.43464 0.60453 0.43573 0.60453 0.43682 0.60237 0.439 0.60237 0.44009 0.60129 0.44118 0.60129 0.44227 0.60022 0.44336 0.60022 0.44444 0.59914 0.44553 0.59914 0.44662 0.59806 0.44771 0.59806 0.45643 0.59698 0.45752 0.59698 0.46405 0.59806 0.46514 0.59806 0.47821 0.59698 0.4793 0.59698 0.48366 0.59806 0.48475 0.59806 0.49129 0.59914 0.49237 0.59914 0.49673 0.60022 0.49782 0.60022 0.50109 0.60129 0.50218 0.60129 0.50327 0.60237 0.50436 0.60237 0.50654 0.60453 0.50871 0.60453 0.5098 0.60668 0.51198 0.60776 0.51198 0.60884 0.51307 0.61099 0.51307 0.61207 0.51416 0.6153 0.51416 0.61746 0.51634 0.61853 0.51634 0.62177 0.51961 0.62284 0.51961 0.62392 0.5207 0.625 0.5207 0.62608 0.52179 0.64655 0.52179 0.64763 0.5207 0.65086 0.5207 0.65194 0.51961 0.65302 0.51961 0.65409 0.51852 0.65625 0.51852 0.65733 0.51743 0.65948 0.51743 0.66056 0.51634 0.66272 0.51634 0.66379 0.51525 0.66487 0.51525 0.66595 0.51416 0.66703 0.51416 0.67134 0.5098 0.67134 0.50871 0.67349 0.50654 0.67349 0.50545 0.67565 0.50327 0.67565 0.50218 0.67672 0.50109 0.67672 0.5 0.6778 0.49891 0.6778 0.49782 0.67888 0.49673 0.67888 0.48584 0.6778 0.48475 0.6778 0.47386 0.67672 0.47277 0.67672 0.4695 0.67565 0.46841 0.67565 0.46514 0.67457 0.46405 0.67457 0.46078 0.67349 0.45969 0.67349 0.45752 0.67241 0.45643 0.67241 0.45425 0.67134 0.45316 0.67134 0.45098 0.67026 0.44989 0.67026 0.44771 0.66918 0.44662 0.66918 0.44553 0.6681 0.44444 0.6681 0.44336 0.66703 0.44227 0.66703 0.44118 0.66595 0.44009 0.66595 0.43464 0.66487 0.43355 0.66487 0.42919 0.66379 0.4281 0.66379 0.42702 0.66272 0.42593 0.66272 0.42484 0.66056 0.42266 0.66056 0.42157 0.65409 0.41503 0.65302 0.41503 0.65194 0.41394 0.65302 0.41285 0.65517 0.41285 0.65625 0.41176 0.65625 0.40741 0.66056 0.40305 0.66272 0.40305 0.66379 0.40196 0.67026 0.40196 0.67134 0.40305 0.6778 0.40305 0.67996 0.40087 0.67996 0.39978 0.68103 0.39869 0.68103 0.3976 0.68319 0.39542 0.68319 0.39434 0.68534 0.39216 0.68858 0.39216 0.68966 0.39107 0.69181 0.39107 0.69397 0.38889 0.69612 0.38889 0.69828 0.38671 0.69828 0.38453 0.6972 0.38344 0.69504 0.38344 0.69397 0.38235 0.69289 0.38235 0.69073 0.38017 0.69073 0.378 0.69181 0.37691 0.69181 0.37582 0.69289 0.37473 0.69397 0.37473 0.69612 0.37255 0.6972 0.37255 0.69935 0.37037 0.70043 0.37037 0.70043 0.36601 0.69935 0.36601 0.69828 0.36492 0.70043 0.36275 0.70043 0.36057 0.70151 0.35948 0.70151 0.35839 0.70259 0.3573 0.70259 0.35621 0.70366 0.35512 0.70366 0.35403 0.70474 0.35294 0.70366 0.35294 0.70043 0.34967 0.70043 0.34532 0.70474 0.34096 0.70582 0.34096 0.7069 0.33987 0.70797 0.33987 0.70905 0.33878 0.71228 0.33878 0.71336 0.33769 0.71336 0.33333 0.71444 0.33224 0.71444 0.33115 0.71659 0.32898 0.71659 0.32789 0.71767 0.3268 0.71767 0.32571 0.71983 0.32353 0.71983 0.32244 0.72522 0.31699 0.72629 0.31699 0.73168 0.31155 0.73168 0.31046 0.73384 0.30828 0.73384 0.30719 0.73491 0.3061 0.73491 0.30501 0.74677 0.29303 0.74677 0.29194 0.74784 0.29085 0.74784 0.28322 0.74892 0.28214 0.74892 0.28105 0.75 0.27996 0.75 0.27778 0.75108 0.27669 0.75323 0.27669 0.75431 0.2756 0.75431 0.27451 0.75647 0.27233 0.75647 0.27124 0.75754 0.27015 0.75754 0.26906 0.75862 0.26797 0.75862 0.26688 0.7597 0.2658 0.7597 0.26144 0.76078 0.26035 0.76078 0.25708 0.7597 0.25599 0.7597 0.24837 0.75862 0.24728 0.75862 0.24401 0.7597 0.24292 0.7597 0.23965 0.76185 0.23747 0.76185 0.23312 0.76078 0.23203 0.76078 0.22222 0.75862 0.22004 0.75862 0.21895 0.75754 0.21786 0.75754 0.21678 0.75539 0.2146 0.75323 0.2146 0.75216 0.21351 0.74784 0.21351 0.74246 0.20806 0.74246 0.20697 0.73922 0.2037 0.73815 0.2037 0.73707 0.20261
