0 0.52478 0.54684 0.52371 0.54793 0.52047 0.54793 0.52047 0.54902 0.5194 0.55011 0.5194 0.5512 0.51616 0.55447 0.51724 0.55556 0.51724 0.55773 0.51616 0.55882 0.51616 0.55991 0.51724 0.561 0.51724 0.56209 0.51616 0.56318 0.51616 0.56427 0.51724 0.56536 0.51832 0.56536 0.5194 0.56645 0.52047 0.56645 0.52371 0.56972 0.52586 0.56972 0.52586 0.56863 0.52694 0.56754 0.52909 0.56754 0.53017 0.56645 0.53125 0.56645 0.53125 0.56536 0.53233 0.56427 0.53341 0.56427 0.53341 0.56318 0.53448 0.56209 0.53448 0.55991 0.53556 0.55882 0.53448 0.55773 0.53448 0.55556 0.53556 0.55447 0.53556 0.55338 0.53233 0.55011 0.53233 0.54902 0.53125 0.54793 0.52586 0.54793
0 0.23168 0.53704 0.2306 0.53813 0.22953 0.53813 0.22845 0.53922 0.22737 0.53922 0.22629 0.54031 0.22414 0.54031 0.22414 0.54139 0.22306 0.54248 0.22091 0.54248 0.21983 0.54357 0.21767 0.54357 0.21552 0.54575 0.21228 0.54575 0.21228 0.54684 0.21121 0.54793 0.21013 0.54793 0.20905 0.54902 0.2069 0.54902 0.20474 0.5512 0.20151 0.5512 0.20151 0.55229 0.20043 0.55338 0.19828 0.55338 0.1972 0.55447 0.19504 0.55447 0.19504 0.55556 0.19397 0.55664 0.19289 0.55664 0.19181 0.55773 0.18966 0.55773 0.18966 0.55882 0.18858 0.55991 0.1875 0.55991 0.18642 0.561 0.18427 0.561 0.18427 0.56209 0.18319 0.56318 0.18211 0.56318 0.18103 0.56427 0.17888 0.56427 0.17888 0.56536 0.1778 0.56645 0.17672 0.56645 0.17565 0.56754 0.17349 0.56754 0.17349 0.56863 0.17241 0.56972 0.17134 0.56972 0.17026 0.57081 0.1681 0.57081 0.1681 0.5719 0.16703 0.57298 0.16487 0.57298 0.16379 0.57407 0.16272 0.57407 0.15948 0.57734 0.15733 0.57734 0.15409 0.58061 0.15194 0.58061 0.15086 0.5817 0.15086 0.58279 0.14978 0.58388 0.14763 0.58388 0.14655 0.58497 0.14547 0.58497 0.14547 0.58606 0.1444 0.58715 0.14332 0.58715 0.14224 0.58824 0.14116 0.58824 0.13793 0.5915 0.13578 0.5915 0.1347 0.59259 0.13362 0.59259 0.13362 0.59368 0.13254 0.59477 0.13147 0.59477 0.13039 0.59586 0.12823 0.59586 0.12823 0.59695 0.12608 0.59913 0.12392 0.59913 0.12069 0.6024 0.12069 0.60349 0.11746 0.60675 0.11746 0.60784 0.11638 0.60893 0.11638 0.61002 0.11207 0.61438 0.11207 0.61983 0.11099 0.62092 0.11099 0.622 0.11207 0.62309 0.11099 0.62418 0.11099 0.63072 0.10991 0.63181 0.10991 0.63399 0.11099 0.63508 0.10991 0.63617 0.10991 0.6427 0.10884 0.64379 0.10884 0.64597 0.10991 0.64706 0.10991 0.64815 0.11099 0.64924 0.11099 0.65142 0.11315 0.65359 0.11315 0.65577 0.1153 0.65795 0.1153 0.66013 0.11638 0.66122 0.11638 0.66231 0.11853 0.66449 0.11853 0.66776 0.12069 0.66993 0.12069 0.67211 0.12177 0.6732 0.12177 0.67429 0.12392 0.67647 0.12392 0.67865 0.12608 0.68083 0.12608 0.68301 0.12716 0.6841 0.12716 0.68519 0.12823 0.68627 0.12823 0.68736 0.12931 0.68845 0.12931 0.69063 0.13254 0.6939 0.13254 0.69608 0.1347 0.69826 0.1347 0.69935 0.13578 0.70044 0.13578 0.70261 0.13685 0.70261 0.13793 0.7037 0.13793 0.70588 0.13901 0.70697 0.13901 0.70806 0.14009 0.70806 0.14116 0.70915 0.14116 0.71133 0.14224 0.71242 0.14224 0.71351 0.1444 0.71569 0.1444 0.71786 0.14547 0.71895 0.14547 0.72004 0.14655 0.72004 0.14763 0.72113 0.14763 0.72331 0.14871 0.7244 0.14871 0.72549 0.15086 0.72767 0.15086 0.72876 0.15302 0.73094 0.15409 0.73094 0.15517 0.73203 0.15517 0.73312 0.15733 0.73529 0.15733 0.73638 0.15948 0.73638 0.16056 0.73747 0.16056 0.73856 0.16272 0.74074 0.16272 0.74183 0.16379 0.74183 0.17134 0.74946 0.17134 0.75054 0.17241 0.75054 0.17349 0.75163 0.17349 0.75272 0.17457 0.75272 0.17672 0.7549 0.17888 0.7549 0.17996 0.75599 0.18103 0.75599 0.18319 0.75817 0.18642 0.75817 0.18966 0.76144 0.19073 0.76035 0.19289 0.76253 0.19504 0.76253 0.19612 0.76362 0.1972 0.76362 0.19828 0.76471 0.19935 0.76471 0.20151 0.76688 0.20259 0.7658 0.20474 0.76797 0.2069 0.76797 0.20797 0.76906 0.20905 0.76797 0.21013 0.76797 0.21121 0.76906 0.21444 0.76906 0.21552 0.76797 0.21983 0.76797 0.22091 0.76688 0.22198 0.76797 0.22522 0.76797 0.22629 0.76688 0.23707 0.76688 0.23815 0.7658 0.24246 0.7658 0.24353 0.76688 0.24461 0.7658 0.24892 0.7658 0.25 0.76471 0.25108 0.76471 0.25216 0.7658 0.25539 0.7658 0.25647 0.76471 0.25754 0.76471 0.25862 0.7658 0.26078 0.7658 0.26185 0.76471 0.26401 0.76471 0.26509 0.7658 0.26724 0.7658 0.26832 0.76471 0.27047 0.76471 0.27155 0.7658 0.27263 0.7658 0.27371 0.76471 0.28987 0.76471 0.28987 0.76362 0.29095 0.76253 0.29203 0.76253 0.2931 0.76144 0.29418 0.76144 0.29526 0.76035 0.29526 0.75926 0.29634 0.75817 0.29741 0.75817 0.29849 0.75708 0.29957 0.75708 0.30065 0.75599 0.30172 0.75599 0.30172 0.7549 0.3028 0.75381 0.30496 0.75381 0.30927 0.74946 0.31034 0.74946 0.31142 0.74837 0.3125 0.74837 0.3125 0.74728 0.31358 0.74619 0.31466 0.74619 0.31681 0.74401 0.31789 0.74401 0.31789 0.74292 0.31897 0.74183 0.31897 0.73856 0.32004 0.73747 0.32004 0.73638 0.3222 0.7342 0.32112 0.73312 0.3222 0.73203 0.3222 0.72985 0.32328 0.72876 0.32328 0.72549 0.32543 0.72331 0.32543 0.72004 0.32651 0.71895 0.32651 0.71024 0.32543 0.70915 0.32543 0.70806 0.32651 0.70697 0.32651 0.7037 0.32543 0.70261 0.32543 0.70044 0.32651 0.69935 0.32651 0.69826 0.32543 0.69717 0.32543 0.6939 0.32651 0.69281 0.32651 0.69172 0.32543 0.69063 0.32543 0.66885 0.32651 0.66776 0.32543 0.66667 0.32543 0.66449 0.32651 0.6634 0.32651 0.66231 0.32543 0.66122 0.32543 0.65577 0.32435 0.65468 0.32435 0.65251 0.32543 0.65142 0.32543 0.65033 0.32435 0.64924 0.32435 0.64488 0.32328 0.64379 0.32328 0.64161 0.3222 0.64052 0.3222 0.63834 0.32112 0.63725 0.32112 0.63617 0.32004 0.63508 0.32004 0.6329 0.31897 0.6329 0.31789 0.63181 0.31789 0.62854 0.31573 0.62636 0.31573 0.62418 0.31466 0.62309 0.31466 0.622 0.31358 0.62092 0.31358 0.61874 0.31681 0.61547 0.31573 0.61438 0.31789 0.6122 0.31789 0.61111 0.31897 0.61002 0.31897 0.60784 0.32112 0.60566 0.32112 0.60349 0.32004 0.6024 0.32112 0.60131 0.32112 0.58715 0.3222 0.58606 0.3222 0.58497 0.32112 0.58388 0.32112 0.58279 0.32004 0.5817 0.32004 0.58061 0.31681 0.57734 0.31681 0.57516 0.31466 0.57298 0.31466 0.5719 0.3125 0.56972 0.3125 0.56863 0.31142 0.56863 0.31034 0.56754 0.31034 0.56645 0.30927 0.56536 0.30496 0.56536 0.30388 0.56427 0.29957 0.56427 0.29849 0.56318 0.2931 0.56318 0.29203 0.56209 0.29095 0.56209 0.28987 0.561 0.28879 0.56209 0.28772 0.56209 0.28448 0.55882 0.28233 0.55882 0.28125 0.55773 0.28125 0.55664 0.27802 0.55338 0.27694 0.55338 0.27155 0.54793 0.27047 0.54793 0.26509 0.54248 0.26401 0.54248 0.2597 0.53813 0.25862 0.53813 0.25754 0.53922 0.25647 0.53813 0.24784 0.53813 0.24677 0.53704 0.24569 0.53813 0.24246 0.53813 0.24138 0.53704 0.2403 0.53813 0.23815 0.53813 0.23707 0.53704 0.23491 0.53704 0.23384 0.53813 0.23276 0.53704
0 0.56466 0.52505 0.56466 0.52832 0.56358 0.52941 0.56358 0.53813 0.56466 0.53813 0.56573 0.53922 0.56573 0.54031 0.56681 0.54139 0.56681 0.54248 0.56789 0.54248 0.56897 0.54357 0.57112 0.54357 0.5722 0.54248 0.57435 0.54248 0.57543 0.54357 0.57651 0.54357 0.57651 0.54139 0.57866 0.53922 0.57866 0.53813 0.57974 0.53704 0.57974 0.53486 0.57866 0.53377 0.57866 0.53159 0.57759 0.53159 0.57651 0.5305 0.57651 0.52832 0.57543 0.52941 0.5722 0.52614 0.57112 0.52614 0.57004 0.52505
0 0.48707 0.51634 0.48599 0.51743 0.47629 0.51743 0.47414 0.51961 0.47306 0.51961 0.47198 0.5207 0.46983 0.5207 0.46983 0.52179 0.46875 0.52288 0.46659 0.52288 0.46552 0.52397 0.46552 0.52941 0.46659 0.5305 0.46552 0.53159 0.46552 0.53268 0.46767 0.53486 0.47198 0.53486 0.47306 0.53595 0.47414 0.53595 0.47629 0.53813 0.47737 0.53704 0.47845 0.53813 0.47953 0.53813 0.4806 0.53922 0.48276 0.53922 0.48491 0.54139 0.48491 0.54248 0.48707 0.54466 0.48815 0.54466 0.48922 0.54575 0.49461 0.54575 0.49569 0.54466 0.49892 0.54466 0.50323 0.54031 0.50323 0.53922 0.50431 0.53813 0.50323 0.53704 0.50539 0.53486 0.50539 0.53268 0.50647 0.53159 0.50539 0.5305 0.50539 0.52614 0.50431 0.52505 0.50431 0.52288 0.50216 0.5207 0.5 0.5207 0.49892 0.51961 0.49784 0.5207 0.49677 0.51961 0.49569 0.51961 0.49461 0.51852 0.49353 0.51852 0.49246 0.51743 0.49138 0.51852 0.4903 0.51743 0.48922 0.51743 0.48815 0.51634
0 0.37931 0.50327 0.37823 0.50436 0.36746 0.50436 0.36638 0.50545 0.36207 0.50545 0.36207 0.50654 0.36099 0.50763 0.35884 0.50763 0.35776 0.50871 0.35668 0.50871 0.3556 0.5098 0.35453 0.5098 0.35345 0.51089 0.35237 0.51089 0.35022 0.51307 0.34914 0.51307 0.34806 0.51416 0.34591 0.51416 0.34375 0.51634 0.34375 0.51743 0.34159 0.51961 0.34052 0.51961 0.33944 0.5207 0.33944 0.52179 0.33836 0.52288 0.33836 0.52397 0.33728 0.52505 0.33621 0.52505 0.33405 0.52723 0.33405 0.52832 0.3319 0.5305 0.3319 0.53377 0.33082 0.53486 0.33082 0.53595 0.3319 0.53704 0.33082 0.53813 0.33082 0.54031 0.32974 0.54139 0.33082 0.54248 0.33082 0.54357 0.32974 0.54466 0.32974 0.54684 0.32866 0.54793 0.32974 0.54902 0.32974 0.55011 0.32866 0.5512 0.32866 0.55664 0.32759 0.55773 0.32759 0.55991 0.32866 0.55991 0.32974 0.561 0.32974 0.56318 0.33082 0.56427 0.33082 0.56536 0.3319 0.56536 0.33297 0.56645 0.33297 0.56863 0.33405 0.56972 0.33405 0.57081 0.33621 0.57298 0.33621 0.57625 0.33728 0.57625 0.33836 0.57734 0.33836 0.57952 0.34052 0.5817 0.34052 0.58279 0.34267 0.58497 0.34267 0.58606 0.34375 0.58715 0.34375 0.58824 0.34591 0.59041 0.34591 0.5915 0.34698 0.59259 0.34698 0.59368 0.34806 0.59368 0.34914 0.59477 0.34914 0.59695 0.35022 0.59804 0.35022 0.59913 0.35129 0.59913 0.35237 0.60022 0.35237 0.6024 0.35453 0.60458 0.3556 0.60458 0.35884 0.60784 0.35991 0.60784 0.36099 0.60893 0.36099 0.61002 0.36207 0.61002 0.3653 0.61329 0.36638 0.61329 0.36853 0.61547 0.37069 0.61547 0.37284 0.61329 0.37716 0.61329 0.37823 0.61438 0.37823 0.61547 0.37608 0.61765 0.375 0.61765 0.37392 0.61874 0.37284 0.61874 0.37069 0.62092 0.36961 0.62092 0.36853 0.622 0.36746 0.622 0.36422 0.62527 0.36315 0.62527 0.36207 0.62636 0.36099 0.62636 0.36099 0.62745 0.35991 0.62854 0.35776 0.62854 0.35345 0.6329 0.35129 0.6329 0.34698 0.63725 0.34591 0.63725 0.34483 0.63834 0.34483 0.64597 0.34375 0.64706 0.34483 0.64815 0.34483 0.64924 0.34375 0.65033 0.34375 0.65686 0.34267 0.65795 0.34267 0.65904 0.34375 0.66013 0.34267 0.66122 0.34267 0.66449 0.34159 0.66558 0.34267 0.66667 0.34267 0.66776 0.34159 0.66885 0.34159 0.67647 0.34052 0.67756 0.34159 0.67865 0.34159 0.68301 0.34267 0.6841 0.34267 0.68954 0.34375 0.69063 0.34375 0.69499 0.34483 0.69608 0.34483 0.70153 0.34591 0.70261 0.34591 0.70697 0.34698 0.70806 0.34698 0.71242 0.34806 0.71351 0.34806 0.71895 0.34914 0.72004 0.34914 0.7244 0.35022 0.72549 0.34698 0.72876 0.34698 0.72985 0.34591 0.73094 0.34591 0.73203 0.34159 0.73638 0.34159 0.73856 0.33621 0.74401 0.33621 0.74619 0.33297 0.74946 0.33297 0.75054 0.3319 0.75163 0.3319 0.75272 0.32974 0.7549 0.32866 0.7549 0.32651 0.75708 0.32651 0.75817 0.32435 0.76035 0.32328 0.76035 0.3222 0.76144 0.32112 0.76144 0.32004 0.76253 0.32112 0.76362 0.32004 0.76471 0.31897 0.76471 0.31681 0.76688 0.31573 0.76688 0.31466 0.76797 0.31466 0.76906 0.31358 0.77015 0.3125 0.77015 0.30603 0.77669 0.30496 0.77669 0.30496 0.77778 0.30065 0.78214 0.29957 0.78214 0.29849 0.78322 0.29849 0.78431 0.29634 0.78649 0.29526 0.78649 0.2931 0.78867 0.2931 0.78976 0.28772 0.79521 0.28772 0.79739 0.28664 0.79847 0.28556 0.79847 0.28341 0.80065 0.28341 0.80283 0.28125 0.80501 0.28017 0.80501 0.27802 0.80719 0.27802 0.80937 0.27586 0.81155 0.27478 0.81155 0.27263 0.81373 0.27263 0.8159 0.2694 0.81917 0.27155 0.82135 0.27478 0.82135 0.27694 0.82353 0.27909 0.82353 0.28125 0.82571 0.28341 0.82571 0.28448 0.8268 0.28664 0.8268 0.28987 0.83007 0.29095 0.82898 0.2931 0.83115 0.29418 0.83115 0.29526 0.83224 0.29741 0.83224 0.29849 0.83333 0.29957 0.83333 0.30065 0.83442 0.3028 0.83442 0.30388 0.83333 0.30496 0.83333 0.30603 0.83224 0.30819 0.83224 0.31034 0.83007 0.31358 0.83007 0.31358 0.82898 0.31466 0.82789 0.31573 0.82789 0.31681 0.8268 0.31897 0.8268 0.32112 0.82462 0.32328 0.82462 0.32435 0.82353 0.32543 0.82353 0.32651 0.82244 0.32759 0.82244 0.32866 0.82135 0.32974 0.82135 0.3319 0.81917 0.33405 0.81917 0.33513 0.81808 0.33621 0.81808 0.33728 0.81699 0.33836 0.81699 0.33944 0.8159 0.34159 0.8159 0.34159 0.81481 0.34267 0.81373 0.34483 0.81373 0.34591 0.81264 0.34806 0.81264 0.34806 0.81155 0.34914 0.81046 0.35022 0.81046 0.35237 0.80828 0.35345 0.80828 0.35345 0.80719 0.35668 0.80392 0.35776 0.80392 0.35884 0.80283 0.35884 0.80174 0.36207 0.79847 0.36315 0.79847 0.36422 0.79739 0.36422 0.7963 0.3653 0.79521 0.36638 0.79521 0.36638 0.79412 0.36746 0.79303 0.36853 0.79303 0.36961 0.79194 0.36961 0.79085 0.37069 0.78976 0.37177 0.78976 0.375 0.78649 0.375 0.7854 0.37608 0.78431 0.37716 0.78431 0.37931 0.78214 0.38039 0.78214 0.38039 0.77996 0.38147 0.77887 0.38254 0.77887 0.3847 0.77669 0.3847 0.7756 0.38362 0.77451 0.3847 0.77342 0.3847 0.76471 0.38578 0.76362 0.3847 0.76253 0.3847 0.76035 0.38578 0.75926 0.38578 0.75817 0.3847 0.75708 0.3847 0.75599 0.38578 0.7549 0.38578 0.74728 0.38685 0.74619 0.38578 0.7451 0.38578 0.74292 0.38685 0.74183 0.38685 0.7342 0.38578 0.73312 0.38578 0.73203 0.38685 0.73094 0.38685 0.72767 0.38578 0.72658 0.38578 0.72222 0.3847 0.72113 0.3847 0.71678 0.38362 0.71569 0.38362 0.70479 0.38254 0.7037 0.38254 0.69826 0.38147 0.69717 0.38147 0.69281 0.38039 0.69172 0.38039 0.68954 0.38254 0.68736 0.38254 0.68519 0.38362 0.6841 0.38362 0.68301 0.3847 0.68192 0.3847 0.67974 0.38578 0.67865 0.38578 0.67756 0.38793 0.67538 0.38793 0.67211 0.39009 0.66993 0.39009 0.66885 0.39116 0.66776 0.39116 0.66667 0.39224 0.66558 0.39224 0.66449 0.39332 0.6634 0.39332 0.66013 0.39547 0.65795 0.39547 0.65686 0.39655 0.65577 0.39655 0.65468 0.39763 0.65359 0.39763 0.65142 0.39978 0.64924 0.39871 0.64815 0.40194 0.64488 0.40194 0.64379 0.40302 0.6427 0.40302 0.63943 0.40517 0.63725 0.40517 0.63508 0.40733 0.6329 0.40733 0.62963 0.40948 0.62745 0.40948 0.62636 0.41164 0.62418 0.41056 0.62309 0.41272 0.62092 0.41272 0.61983 0.41379 0.61874 0.41487 0.61874 0.4181 0.61547 0.4181 0.61438 0.42026 0.6122 0.42134 0.6122 0.42349 0.61002 0.42349 0.60893 0.42565 0.60675 0.42672 0.60675 0.42888 0.60458 0.42888 0.60349 0.43427 0.59804 0.43427 0.59586 0.4375 0.59259 0.4375 0.5915 0.43966 0.58932 0.43966 0.58824 0.44073 0.58715 0.44073 0.58497 0.44181 0.58388 0.44289 0.58388 0.44397 0.58279 0.44504 0.58279 0.44504 0.5817 0.44612 0.58061 0.4472 0.58061 0.44828 0.57952 0.44935 0.57952 0.45043 0.57843 0.45043 0.57734 0.45151 0.57625 0.45259 0.57625 0.45366 0.57516 0.45474 0.57516 0.45797 0.5719 0.45797 0.57081 0.4569 0.57081 0.45582 0.5719 0.45043 0.5719 0.44935 0.57298 0.4472 0.57298 0.44612 0.57407 0.44504 0.57407 0.44397 0.57516 0.43858 0.57516 0.4375 0.57625 0.43319 0.57625 0.43103 0.57843 0.42996 0.57843 0.42888 0.57952 0.4278 0.57952 0.42457 0.58279 0.42349 0.58279 0.42026 0.58606 0.41918 0.58606 0.4181 0.58715 0.41703 0.58715 0.41703 0.58824 0.41487 0.59041 0.41379 0.59041 0.41272 0.5915 0.41164 0.5915 0.40948 0.59368 0.40841 0.59368 0.40625 0.59586 0.40517 0.59586 0.40409 0.59477 0.40409 0.59368 0.40625 0.5915 0.40733 0.5915 0.40841 0.59041 0.40948 0.59041 0.40948 0.58932 0.41056 0.58824 0.40948 0.58715 0.41056 0.58606 0.41056 0.58388 0.41164 0.58279 0.41056 0.5817 0.41056 0.58061 0.41164 0.57952 0.41164 0.57843 0.41272 0.57734 0.41272 0.57625 0.41164 0.57516 0.41272 0.57407 0.41272 0.57298 0.41379 0.5719 0.41379 0.57081 0.41272 0.56972 0.41379 0.56863 0.41379 0.56645 0.41487 0.56536 0.41487 0.56427 0.41379 0.56318 0.41379 0.55882 0.41272 0.55773 0.41272 0.55664 0.41379 0.55556 0.41379 0.55229 0.41272 0.5512 0.41272 0.54684 0.41164 0.54575 0.41164 0.54466 0.41272 0.54357 0.41272 0.54139 0.41164 0.54031 0.41164 0.53486 0.41056 0.53377 0.41056 0.53268 0.40948 0.53159 0.40948 0.52941 0.40841 0.52941 0.40733 0.52832 0.40733 0.52723 0.40625 0.52614 0.40625 0.52397 0.40517 0.52397 0.40302 0.52179 0.40302 0.51961 0.40086 0.51743 0.40086 0.51634 0.39763 0.51307 0.39547 0.51307 0.39332 0.51089 0.39332 0.5098 0.39116 0.50763 0.38901 0.50763 0.38685 0.50545 0.38685 0.50436 0.38578 0.50327
0 0.54849 0.47712 0.54741 0.47821 0.54634 0.47821 0.54526 0.4793 0.54418 0.4793 0.5431 0.48039 0.54203 0.48039 0.5431 0.48148 0.5431 0.48584 0.54418 0.48693 0.54418 0.49129 0.54957 0.49673 0.55065 0.49673 0.55172 0.49782 0.5528 0.49782 0.5528 0.49564 0.55388 0.49455 0.55388 0.49346 0.55603 0.49129 0.55603 0.4902 0.55927 0.48693 0.55927 0.48584 0.55819 0.48584 0.55711 0.48475 0.55711 0.48257 0.55603 0.48148 0.55603 0.4793 0.55496 0.4793 0.55388 0.47821 0.55065 0.47821 0.54957 0.47712
0 0.47091 0.44662 0.46983 0.44771 0.46875 0.44771 0.46659 0.44989 0.46552 0.44989 0.46444 0.45098 0.46336 0.45098 0.46336 0.45316 0.46228 0.45425 0.46121 0.45425 0.46013 0.45534 0.45905 0.45534 0.45797 0.45643 0.45797 0.45752 0.4569 0.45861 0.45582 0.45861 0.45582 0.45969 0.45259 0.46296 0.45259 0.46405 0.45151 0.46514 0.45151 0.46732 0.44828 0.47059 0.44828 0.47168 0.4472 0.47277 0.4472 0.49455 0.44828 0.49564 0.44828 0.49673 0.4472 0.49782 0.4472 0.50109 0.44828 0.50218 0.44828 0.50327 0.4472 0.50436 0.4472 0.50545 0.44828 0.50654 0.45043 0.50654 0.45582 0.51198 0.45797 0.51198 0.45905 0.51307 0.46013 0.51307 0.46121 0.51416 0.46228 0.51416 0.46228 0.51307 0.46336 0.51198 0.46336 0.51089 0.46444 0.5098 0.46444 0.50654 0.46228 0.50436 0.46228 0.5 0.46121 0.49891 0.46121 0.49455 0.46013 0.49346 0.46013 0.48911 0.45905 0.48802 0.45905 0.48257 0.45797 0.48148 0.45905 0.48039 0.45905 0.47821 0.46013 0.47712 0.45905 0.47603 0.45905 0.47495 0.46013 0.47386 0.46013 0.47277 0.46121 0.47168 0.46121 0.46841 0.46336 0.46623 0.46336 0.46514 0.46444 0.46405 0.46552 0.46405 0.46552 0.46296 0.47091 0.45752 0.47091 0.45643 0.47198 0.45534 0.47306 0.45534 0.47306 0.45425 0.47414 0.45316 0.47198 0.45098 0.47198 0.44662
0 0.56466 0.41939 0.56142 0.42266 0.56142 0.42375 0.56034 0.42484 0.56034 0.42593 0.55711 0.42919 0.55711 0.43137 0.55819 0.43137 0.56034 0.43355 0.56142 0.43355 0.56358 0.43573 0.56466 0.43573 0.56681 0.43791 0.56789 0.43682 0.57112 0.43682 0.5722 0.43573 0.5722 0.43464 0.57328 0.43355 0.57435 0.43355 0.57435 0.43028 0.57328 0.42919 0.57328 0.42484 0.5722 0.42484 0.57112 0.42375 0.57112 0.42266 0.56789 0.41939
0 0.17888 0.37364 0.1778 0.37473 0.17349 0.37473 0.17241 0.37582 0.16703 0.37582 0.16595 0.37691 0.16164 0.37691 0.16056 0.378 0.15625 0.378 0.15517 0.37908 0.14978 0.37908 0.14871 0.38017 0.1444 0.38017 0.1444 0.38126 0.14332 0.38235 0.13901 0.38235 0.13793 0.38344 0.13254 0.38344 0.13039 0.38562 0.12716 0.38562 0.12608 0.38671 0.12069 0.38671 0.11961 0.3878 0.11746 0.3878 0.11638 0.38889 0.1153 0.38889 0.11422 0.38998 0.10991 0.38998 0.10884 0.39107 0.10345 0.39107 0.10237 0.39216 0.09806 0.39216 0.09698 0.39325 0.09267 0.39325 0.09159 0.39434 0.08621 0.39434 0.08513 0.39542 0.08405 0.39542 0.0819 0.3976 0.08297 0.39869 0.08297 0.39978 0.0819 0.40087 0.0819 0.40305 0.08082 0.40414 0.0819 0.40523 0.08082 0.40632 0.08082 0.40741 0.07974 0.4085 0.07974 0.41176 0.07866 0.41285 0.07866 0.41394 0.07759 0.41503 0.07759 0.42048 0.07651 0.42157 0.07759 0.42266 0.07651 0.42375 0.07651 0.42484 0.07543 0.42593 0.07543 0.42702 0.07435 0.4281 0.07543 0.42919 0.07435 0.43028 0.07435 0.43137 0.07328 0.43246 0.07328 0.43355 0.0722 0.43464 0.07328 0.43573 0.07328 0.43791 0.0722 0.439 0.0722 0.44009 0.07328 0.44118 0.07328 0.45207 0.07435 0.45316 0.07435 0.45534 0.07328 0.45643 0.07328 0.45861 0.07435 0.45969 0.07435 0.4695 0.07543 0.47059 0.07543 0.47277 0.07435 0.47386 0.07435 0.47603 0.07543 0.47712 0.07543 0.48148 0.07651 0.48257 0.07543 0.48366 0.07543 0.48802 0.07651 0.48911 0.07651 0.49129 0.07543 0.49237 0.07543 0.49346 0.07651 0.49455 0.07651 0.5 0.07759 0.50109 0.07759 0.50545 0.07866 0.50654 0.07866 0.5098 0.08082 0.51198 0.08082 0.51743 0.0819 0.51852 0.0819 0.52179 0.08405 0.52397 0.08405 0.52832 0.08513 0.52941 0.08513 0.53486 0.08728 0.53704 0.08728 0.54031 0.08836 0.54139 0.08836 0.54575 0.08944 0.54684 0.08944 0.54902 0.09052 0.55011 0.09052 0.55229 0.09159 0.55338 0.09159 0.55773 0.09267 0.55882 0.09267 0.561 0.09375 0.56209 0.09375 0.56318 0.09483 0.56427 0.09483 0.56972 0.09591 0.56972 0.09698 0.57081 0.09698 0.57516 0.09914 0.57734 0.09914 0.58061 0.10022 0.5817 0.10022 0.58606 0.10237 0.58824 0.10237 0.59259 0.10345 0.59368 0.10345 0.59477 0.10453 0.59586 0.10991 0.59586 0.11099 0.59477 0.1153 0.59477 0.11746 0.59259 0.12069 0.59259 0.12177 0.5915 0.125 0.5915 0.125 0.59041 0.12716 0.58824 0.12716 0.58715 0.12931 0.58497 0.12931 0.58388 0.13147 0.5817 0.13147 0.58061 0.13362 0.57843 0.13362 0.57625 0.13578 0.57407 0.13578 0.5719 0.13685 0.57081 0.13685 0.56972 0.13793 0.56863 0.13793 0.56754 0.13901 0.56645 0.13901 0.56427 0.14116 0.56209 0.14116 0.561 0.14224 0.55991 0.14224 0.55664 0.14871 0.55011 0.15302 0.55011 0.15409 0.54902 0.15841 0.54902 0.15948 0.54793 0.16379 0.54793 0.16595 0.54575 0.17026 0.54575 0.17241 0.54357 0.17565 0.54357 0.1778 0.54139 0.18103 0.54139 0.18319 0.53922 0.1875 0.53922 0.1875 0.53813 0.18858 0.53704 0.19073 0.53704 0.19181 0.53595 0.19289 0.53595 0.19397 0.53486 0.19612 0.53486 0.1972 0.53377 0.19828 0.53377 0.19935 0.53268 0.20151 0.53268 0.20259 0.53159 0.20366 0.53159 0.20474 0.5305 0.20582 0.5305 0.2069 0.52941 0.21013 0.52941 0.21121 0.52832 0.21228 0.52941 0.21552 0.52941 0.21659 0.52832 0.21875 0.52832 0.21983 0.52941 0.22198 0.52941 0.22306 0.52832 0.22522 0.52832 0.22629 0.52941 0.22737 0.52941 0.22845 0.52832 0.23168 0.52832 0.23276 0.52941 0.23384 0.52941 0.23491 0.52832 0.23815 0.52832 0.23922 0.52941 0.2403 0.52832 0.24461 0.52832 0.24569 0.52941 0.24677 0.52832 0.25647 0.52832 0.25754 0.52723 0.25862 0.52832 0.26293 0.52832 0.26401 0.52723 0.26509 0.52832 0.26832 0.52832 0.2694 0.52723 0.27047 0.52723 0.27155 0.52832 0.27263 0.52832 0.27371 0.52941 0.27478 0.52941 0.27586 0.52832 0.27694 0.52941 0.27802 0.52941 0.27909 0.5305 0.28017 0.5305 0.28125 0.52941 0.28341 0.53159 0.28448 0.53159 0.28556 0.53268 0.28879 0.53268 0.28987 0.53377 0.29203 0.53377 0.2931 0.53486 0.29418 0.53377 0.29526 0.53377 0.29634 0.53486 0.29741 0.53486 0.29849 0.53595 0.29957 0.53486 0.30065 0.53595 0.30172 0.53595 0.3028 0.53704 0.30388 0.53704 0.30496 0.53813 0.30603 0.53704 0.30711 0.53813 0.30819 0.53704 0.30927 0.53704 0.3125 0.53377 0.31358 0.53377 0.31573 0.53159 0.31573 0.5305 0.31681 0.52941 0.31789 0.52941 0.31897 0.52832 0.32004 0.52832 0.32651 0.52179 0.32651 0.5207 0.32866 0.51852 0.32866 0.51743 0.3319 0.51416 0.3319 0.51198 0.33405 0.5098 0.33405 0.50871 0.33621 0.50654 0.33621 0.50545 0.33728 0.50436 0.33728 0.50327 0.34052 0.5 0.34267 0.5 0.34375 0.49891 0.34698 0.49891 0.34914 0.49673 0.35453 0.49673 0.35668 0.49455 0.35991 0.49455 0.36099 0.49346 0.3653 0.49346 0.3653 0.49237 0.36638 0.49129 0.37177 0.49129 0.37392 0.48911 0.37716 0.48911 0.37823 0.48802 0.38039 0.48802 0.38147 0.48693 0.38254 0.48693 0.38362 0.48584 0.38901 0.48584 0.38901 0.48475 0.39009 0.48366 0.3944 0.48366 0.39547 0.48257 0.39978 0.48257 0.40086 0.48148 0.40625 0.48148 0.40733 0.48039 0.41164 0.48039 0.41272 0.4793 0.41703 0.4793 0.4181 0.47821 0.42349 0.47821 0.42349 0.47712 0.42457 0.47603 0.42457 0.47495 0.42565 0.47386 0.42565 0.47277 0.42888 0.4695 0.42996 0.47059 0.42996 0.47603 0.42888 0.47712 0.42888 0.47821 0.42996 0.4793 0.42888 0.48039 0.42888 0.48148 0.4278 0.48257 0.4278 0.48584 0.42672 0.48693 0.42565 0.48693 0.42565 0.48911 0.42457 0.4902 0.42457 0.49455 0.42349 0.49564 0.42349 0.49673 0.42457 0.49782 0.42349 0.49891 0.42349 0.50109 0.42241 0.50218 0.42241 0.50327 0.42349 0.50436 0.42349 0.50654 0.42241 0.50763 0.42241 0.50871 0.42349 0.5098 0.42349 0.5207 0.42457 0.52179 0.42457 0.52723 0.42565 0.52832 0.42565 0.53268 0.42672 0.53377 0.42672 0.53813 0.4278 0.53922 0.4278 0.54466 0.42888 0.54575 0.42888 0.54793 0.43103 0.55011 0.43211 0.55011 0.43319 0.5512 0.43319 0.55229 0.43534 0.55447 0.43534 0.55556 0.43642 0.55556 0.43858 0.55773 0.44181 0.55773 0.44289 0.55882 0.44397 0.55773 0.44612 0.55991 0.4472 0.55991 0.44828 0.561 0.44935 0.561 0.45043 0.56209 0.45151 0.56209 0.45474 0.56536 0.4569 0.56536 0.46013 0.56863 0.46013 0.56972 0.46121 0.57081 0.46228 0.57081 0.46659 0.57516 0.46659 0.57625 0.46875 0.57625 0.47414 0.5817 0.47629 0.5817 0.4806 0.58606 0.48276 0.58606 0.48384 0.58715 0.48491 0.58715 0.48599 0.58824 0.48815 0.58824 0.48922 0.58932 0.4903 0.58932 0.49138 0.59041 0.49461 0.59041 0.49569 0.5915 0.49784 0.5915 0.49892 0.59259 0.5 0.5915 0.50108 0.59259 0.50216 0.59259 0.50323 0.59368 0.50647 0.59368 0.50754 0.59477 0.50862 0.59477 0.5097 0.59586 0.51293 0.59586 0.51401 0.59695 0.51509 0.59695 0.51616 0.59804 0.51724 0.59804 0.51832 0.59695 0.5194 0.59804 0.52047 0.59804 0.52155 0.59913 0.53448 0.59913 0.53556 0.59804 0.53987 0.59804 0.54095 0.59695 0.54634 0.59695 0.54634 0.59586 0.54741 0.59477 0.55172 0.59477 0.5528 0.59368 0.55711 0.59368 0.55819 0.59259 0.55927 0.59259 0.56034 0.5915 0.56358 0.5915 0.56466 0.59041 0.56897 0.59041 0.57112 0.58824 0.57435 0.58824 0.57543 0.58715 0.57759 0.58715 0.57866 0.58606 0.58082 0.58606 0.58082 0.58497 0.5819 0.58388 0.58297 0.58388 0.58405 0.58279 0.58513 0.58279 0.58728 0.58061 0.58836 0.58061 0.58944 0.57952 0.59052 0.57952 0.59267 0.57734 0.59375 0.57734 0.59591 0.57516 0.59698 0.57516 0.59914 0.57298 0.60022 0.57298 0.60129 0.5719 0.60237 0.5719 0.60237 0.56972 0.60453 0.56754 0.6056 0.56754 0.60776 0.56536 0.60776 0.56427 0.61099 0.561 0.61207 0.561 0.61315 0.55991 0.61315 0.55882 0.61422 0.55773 0.61422 0.55664 0.61746 0.55338 0.61853 0.55338 0.61853 0.55229 0.61961 0.5512 0.61961 0.55011 0.62392 0.54575 0.62392 0.54357 0.62608 0.54139 0.62608 0.54031 0.62716 0.53922 0.62608 0.53813 0.62716 0.53704 0.62716 0.53595 0.62823 0.53486 0.62823 0.5305 0.62931 0.52941 0.62931 0.52832 0.63039 0.52723 0.63039 0.52397 0.63147 0.52288 0.63147 0.52179 0.63254 0.5207 0.63147 0.51961 0.63254 0.51852 0.63254 0.51743 0.63362 0.51634 0.63362 0.51525 0.6347 0.51416 0.63362 0.51307 0.6347 0.51198 0.6347 0.5098 0.63578 0.50871 0.63578 0.50763 0.6347 0.50654 0.6347 0.50545 0.63578 0.50436 0.63578 0.49673 0.6347 0.49564 0.6347 0.49237 0.63578 0.49129 0.63578 0.4902 0.6347 0.48911 0.6347 0.48475 0.63362 0.48366 0.63362 0.4793 0.6347 0.47821 0.63362 0.47712 0.63362 0.47277 0.63254 0.47168 0.63254 0.47059 0.63362 0.4695 0.63362 0.46623 0.63254 0.46623 0.63147 0.46514 0.63147 0.46078 0.63039 0.45969 0.63039 0.45643 0.63147 0.45534 0.62931 0.45316 0.62931 0.4488 0.62823 0.4488 0.62716 0.44771 0.62716 0.44336 0.62608 0.44336 0.625 0.44227 0.625 0.439 0.62284 0.43682 0.62284 0.43355 0.62069 0.43137 0.62069 0.42593 0.61961 0.42484 0.61961 0.42157 0.61853 0.42048 0.61746 0.42048 0.61638 0.41939 0.61638 0.4183 0.6153 0.41721 0.6153 0.41612 0.61099 0.41176 0.61099 0.41068 0.60991 0.40959 0.60884 0.40959 0.60776 0.4085 0.60776 0.40741 0.60668 0.40632 0.6056 0.40632 0.60345 0.40414 0.60237 0.40414 0.60022 0.40196 0.59914 0.40196 0.59806 0.40087 0.59806 0.39978 0.59698 0.39869 0.59591 0.39869 0.59052 0.39325 0.58944 0.39325 0.58728 0.39107 0.58728 0.38998 0.58621 0.38998 0.58405 0.3878 0.5819 0.3878 0.58082 0.38889 0.58082 0.38998 0.57974 0.39107 0.57974 0.39216 0.57866 0.39325 0.57866 0.39434 0.57759 0.39542 0.57759 0.39978 0.57866 0.40087 0.57866 0.40523 0.57974 0.40632 0.57974 0.4085 0.58082 0.40959 0.58082 0.41068 0.58297 0.41285 0.58297 0.41394 0.58621 0.41721 0.58621 0.4183 0.58836 0.42048 0.58836 0.42157 0.58944 0.42157 0.59267 0.42484 0.59267 0.42593 0.59591 0.42919 0.59591 0.43028 0.60129 0.43573 0.60129 0.43682 0.60237 0.43791 0.60237 0.439 0.60345 0.439 0.60453 0.44009 0.60453 0.44227 0.6056 0.44336 0.6056 0.44444 0.60668 0.44553 0.60668 0.44771 0.60776 0.4488 0.60776 0.44989 0.60884 0.45098 0.60884 0.45425 0.61099 0.45643 0.60991 0.45752 0.60776 0.45752 0.60668 0.45643 0.6056 0.45643 0.60453 0.45752 0.60345 0.45643 0.59914 0.45643 0.59914 0.45861 0.59806 0.45969 0.59698 0.45969 0.59591 0.46078 0.59483 0.46078 0.59267 0.46296 0.59267 0.46405 0.59159 0.46514 0.59052 0.46514 0.58621 0.4695 0.58728 0.47059 0.58836 0.47059 0.58944 0.47168 0.59052 0.47168 0.59375 0.47495 0.59483 0.47386 0.59591 0.47495 0.59914 0.47495 0.60022 0.47603 0.60129 0.47495 0.60237 0.47603 0.60345 0.47603 0.60453 0.47712 0.6056 0.47712 0.60668 0.47603 0.60776 0.47712 0.60776 0.48039 0.60991 0.48257 0.60991 0.48366 0.60884 0.48475 0.60776 0.48475 0.60776 0.48584 0.60668 0.48693 0.59914 0.48693 0.59806 0.48584 0.59591 0.48584 0.59591 0.48693 0.59375 0.48911 0.59267 0.48911 0.59267 0.49346 0.59483 0.49564 0.59483 0.49891 0.59591 0.5 0.59806 0.5 0.59914 0.50109 0.60022 0.50109 0.60129 0.50218 0.60237 0.50218 0.60345 0.50109 0.60453 0.50218 0.6056 0.50218 0.60668 0.50327 0.60776 0.50327 0.60884 0.50436 0.60884 0.50545 0.60991 0.50545 0.61099 0.50654 0.61099 0.5098 0.61207 0.51089 0.61207 0.51307 0.61315 0.51416 0.61315 0.51525 0.61422 0.51634 0.61422 0.52179 0.61315 0.52288 0.61315 0.52397 0.61099 0.52614 0.61099 0.52723 0.61207 0.52832 0.60884 0.53159 0.60884 0.53268 0.60776 0.53377 0.60776 0.53486 0.60237 0.54031 0.60237 0.54139 0.60129 0.54248 0.60129 0.54357 0.59806 0.54684 0.59698 0.54684 0.59698 0.54793 0.59591 0.54902 0.59591 0.55011 0.59375 0.55229 0.59267 0.55229 0.59159 0.55338 0.59159 0.55447 0.59052 0.55556 0.59052 0.55664 0.58836 0.55882 0.58728 0.55882 0.58513 0.561 0.58513 0.56209 0.58405 0.56318 0.58297 0.56318 0.5819 0.56427 0.58082 0.56427 0.57866 0.56645 0.57651 0.56645 0.57543 0.56754 0.57435 0.56754 0.5722 0.56972 0.56897 0.56972 0.56681 0.5719 0.56466 0.5719 0.56358 0.57298 0.5625 0.57298 0.56142 0.57407 0.55711 0.57407 0.55496 0.57625 0.55172 0.57625 0.55065 0.57734 0.54526 0.57734 0.54418 0.57843 0.53987 0.57843 0.53879 0.57952 0.53664 0.57952 0.53556 0.57843 0.53341 0.57843 0.53233 0.57952 0.52909 0.57952 0.52802 0.57843 0.52694 0.57952 0.52586 0.57843 0.52371 0.57843 0.52263 0.57734 0.5194 0.57734 0.51724 0.57516 0.51401 0.57516 0.51293 0.57407 0.51185 0.57407 0.51078 0.57298 0.5097 0.57298 0.50862 0.57407 0.50754 0.57298 0.50647 0.57298 0.50431 0.57081 0.50216 0.57081 0.50108 0.56972 0.5 0.56972 0.49892 0.56863 0.49569 0.56863 0.49461 0.56754 0.49353 0.56754 0.49138 0.56536 0.4903 0.56645 0.48815 0.56427 0.48707 0.56427 0.48491 0.56209 0.48384 0.56318 0.47953 0.55882 0.47737 0.55882 0.47629 0.55773 0.47522 0.55773 0.47306 0.55556 0.47198 0.55556 0.47091 0.55447 0.47091 0.55338 0.46983 0.55338 0.46767 0.5512 0.46767 0.55011 0.46659 0.54902 0.46659 0.54793 0.46552 0.54793 0.46228 0.54466 0.46228 0.54357 0.45905 0.54031 0.45905 0.53922 0.45797 0.53813 0.45797 0.53704 0.4569 0.53704 0.45582 0.53595 0.45582 0.53377 0.45474 0.53268 0.45474 0.53159 0.45366 0.53159 0.45259 0.5305 0.45259 0.52723 0.45151 0.52614 0.45151 0.52505 0.45043 0.52397 0.45043 0.52179 0.44935 0.5207 0.44935 0.51961 0.44828 0.51852 0.44828 0.51525 0.44612 0.51307 0.44612 0.5098 0.44504 0.50871 0.44504 0.50763 0.44289 0.50545 0.44289 0.50218 0.44073 0.5 0.44073 0.49673 0.43966 0.49564 0.43966 0.49455 0.43858 0.49346 0.43858 0.49129 0.4375 0.4902 0.4375 0.48693 0.43858 0.48584 0.43858 0.48475 0.4375 0.48366 0.43858 0.48257 0.43858 0.48039 0.43966 0.4793 0.43966 0.47821 0.43858 0.47712 0.43966 0.47603 0.43966 0.46841 0.44073 0.46732 0.44073 0.46623 0.43966 0.46514 0.44073 0.46405 0.44073 0.46187 0.44181 0.46078 0.44073 0.45969 0.44073 0.45861 0.44181 0.45752 0.44181 0.45534 0.44289 0.45425 0.44289 0.45316 0.44397 0.45207 0.44397 0.45098 0.44612 0.4488 0.44504 0.44771 0.44935 0.44336 0.44935 0.44009 0.45043 0.439 0.45151 0.439 0.45474 0.43573 0.45474 0.43464 0.46013 0.42919 0.46013 0.42702 0.46121 0.42593 0.46228 0.42593 0.46552 0.42266 0.46552 0.42048 0.46659 0.41939 0.46767 0.41939 0.46875 0.4183 0.47091 0.4183 0.47091 0.41721 0.47198 0.41612 0.47306 0.41612 0.47414 0.41503 0.47522 0.41503 0.47737 0.41285 0.47845 0.41285 0.47953 0.41176 0.4806 0.41176 0.48276 0.40959 0.48384 0.40959 0.48491 0.4085 0.48707 0.4085 0.48707 0.40741 0.48815 0.40632 0.49353 0.40632 0.49461 0.40523 0.49892 0.40523 0.5 0.40414 0.50539 0.40414 0.50754 0.40196 0.51078 0.40196 0.51185 0.40087 0.51401 0.40087 0.51509 0.39978 0.51616 0.39978 0.51724 0.39869 0.5194 0.39869 0.52047 0.3976 0.52155 0.3976 0.52263 0.39651 0.52694 0.39651 0.52694 0.39542 0.52802 0.39434 0.52802 0.39325 0.52694 0.39216 0.52694 0.38998 0.52802 0.38889 0.52802 0.38344 0.52909 0.38235 0.52909 0.37908 0.53017 0.378 0.53017 0.37691 0.53125 0.37582 0.53125 0.37473 0.52694 0.37473 0.52694 0.37582 0.52586 0.37691 0.52155 0.37691 0.52047 0.378 0.51509 0.378 0.51401 0.37908 0.5097 0.37908 0.50862 0.38017 0.50431 0.38017 0.50431 0.38126 0.50323 0.38235 0.49784 0.38235 0.49677 0.38344 0.49569 0.38344 0.49461 0.38453 0.49246 0.38453 0.4903 0.38671 0.48815 0.38671 0.48599 0.38889 0.48491 0.38889 0.48384 0.38998 0.48168 0.38998 0.48168 0.39107 0.4806 0.39216 0.47953 0.39216 0.47845 0.39325 0.47629 0.39325 0.47414 0.39542 0.47306 0.39542 0.47198 0.39651 0.47091 0.39651 0.46983 0.3976 0.46983 0.39869 0.46875 0.39978 0.46767 0.39978 0.46659 0.40087 0.46552 0.40087 0.46228 0.40414 0.46121 0.40414 0.45582 0.40959 0.45474 0.40959 0.45366 0.41068 0.45366 0.41176 0.45259 0.41285 0.45151 0.41285 0.45043 0.41394 0.45043 0.41503 0.44828 0.41721 0.44935 0.4183 0.44828 0.41939 0.44828 0.42157 0.44612 0.42375 0.4472 0.42484 0.44504 0.42702 0.44504 0.4281 0.44397 0.42919 0.44504 0.43028 0.44397 0.43137 0.44397 0.43246 0.44289 0.43355 0.44289 0.43464 0.44181 0.43573 0.44181 0.43682 0.43858 0.44009 0.43642 0.43791 0.43534 0.43791 0.43427 0.43682 0.43427 0.43573 0.43211 0.43355 0.43103 0.43355 0.42565 0.4281 0.42457 0.42919 0.42349 0.4281 0.42026 0.4281 0.41918 0.42919 0.41703 0.42919 0.41595 0.4281 0.41379 0.4281 0.41272 0.42919 0.41056 0.42919 0.40948 0.4281 0.40841 0.4281 0.40733 0.42919 0.40409 0.42919 0.40302 0.4281 0.40194 0.4281 0.40086 0.42919 0.39009 0.42919 0.38901 0.43028 0.38793 0.43028 0.38685 0.42919 0.3847 0.42919 0.38362 0.43028 0.37823 0.43028 0.37716 0.43137 0.37284 0.43137 0.37177 0.43246 0.37069 0.43246 0.36961 0.43137 0.36746 0.43137 0.36638 0.43246 0.36099 0.43246 0.35991 0.43355 0.3556 0.43355 0.35453 0.43464 0.35129 0.43464 0.35022 0.43355 0.34914 0.43355 0.34806 0.43464 0.34375 0.43464 0.34267 0.43573 0.34159 0.43573 0.34052 0.43682 0.33836 0.43682 0.33728 0.43791 0.3319 0.43791 0.33082 0.439 0.32651 0.439 0.32543 0.44009 0.32112 0.44009 0.32004 0.44118 0.31466 0.44118 0.31466 0.44227 0.31358 0.44336 0.30927 0.44336 0.30819 0.44444 0.30711 0.44336 0.29957 0.44336 0.29849 0.44227 0.29741 0.44227 0.29634 0.44336 0.29526 0.44336 0.29418 0.44227 0.28772 0.44227 0.28664 0.44118 0.28556 0.44118 0.28448 0.44227 0.28341 0.44227 0.28233 0.44118 0.27478 0.44118 0.27371 0.44009 0.27263 0.44118 0.27047 0.44118 0.2694 0.44009 0.2694 0.439 0.26724 0.43682 0.26724 0.43573 0.26509 0.43573 0.26401 0.43464 0.26401 0.43355 0.26185 0.43137 0.26185 0.43028 0.2597 0.43028 0.25862 0.42919 0.25862 0.4281 0.25754 0.42702 0.25754 0.42593 0.25647 0.42484 0.25539 0.42484 0.25431 0.42375 0.25431 0.42266 0.25323 0.42266 0.25216 0.42157 0.25216 0.42048 0.25108 0.41939 0.25 0.41939 0.24892 0.4183 0.24892 0.41721 0.24784 0.41612 0.24677 0.41612 0.24461 0.41394 0.24353 0.41394 0.24138 0.41176 0.2403 0.41176 0.23707 0.4085 0.23599 0.4085 0.23491 0.40741 0.23384 0.40741 0.22953 0.40305 0.22737 0.40305 0.22198 0.3976 0.21983 0.3976 0.21659 0.39434 0.21552 0.39434 0.21336 0.39216 0.21228 0.39216 0.21013 0.38998 0.20905 0.38998 0.2069 0.3878 0.20582 0.3878 0.20474 0.38671 0.20259 0.38671 0.19828 0.38235 0.19612 0.38235 0.19397 0.38017 0.19289 0.38017 0.19073 0.378 0.18966 0.378 0.18858 0.37691 0.1875 0.37691 0.18534 0.37473 0.18319 0.37473 0.18211 0.37364
0 0.55603 0.36492 0.55496 0.36601 0.54957 0.36601 0.54849 0.3671 0.54418 0.3671 0.5431 0.36819 0.5431 0.37037 0.54634 0.37364 0.54634 0.37473 0.54741 0.37582 0.54741 0.378 0.54849 0.37908 0.54849 0.38453 0.54957 0.38562 0.54849 0.38671 0.54849 0.3878 0.54741 0.38889 0.54741 0.39434 0.54634 0.39542 0.54634 0.39651 0.54741 0.3976 0.54634 0.39869 0.54634 0.40196 0.54741 0.40305 0.54634 0.40414 0.54634 0.40741 0.54741 0.40632 0.54849 0.40741 0.55603 0.40741 0.55711 0.4085 0.56034 0.4085 0.56466 0.41285 0.56681 0.41068 0.56681 0.4085 0.56789 0.40741 0.56681 0.40632 0.56789 0.40523 0.56789 0.40305 0.57004 0.40087 0.56897 0.39978 0.56897 0.3976 0.57004 0.39651 0.57004 0.39542 0.56897 0.39434 0.57004 0.39325 0.57004 0.39216 0.57112 0.39107 0.57112 0.38671 0.57328 0.38453 0.57435 0.38453 0.57651 0.38235 0.57759 0.38235 0.57974 0.38017 0.57974 0.37908 0.58297 0.37582 0.57974 0.37255 0.57866 0.37255 0.57651 0.37037 0.57543 0.37037 0.57328 0.36819 0.57112 0.36819 0.56897 0.36601 0.56358 0.36601 0.5625 0.36492 0.56142 0.36492 0.56034 0.36601 0.55927 0.36492
