0 0.48276 0.5512 0.48168 0.55229 0.47845 0.55229 0.47629 0.55447 0.47629 0.55556 0.47414 0.55773 0.47414 0.55991 0.47522 0.561 0.47522 0.56427 0.47629 0.56536 0.47629 0.56754 0.47737 0.56863 0.47737 0.56972 0.47953 0.56972 0.4806 0.57081 0.48168 0.57081 0.48276 0.5719 0.48491 0.5719 0.48599 0.57298 0.48815 0.57298 0.49461 0.56645 0.49461 0.56536 0.49353 0.56427 0.49353 0.561 0.49246 0.55991 0.49246 0.55664 0.48707 0.5512
0 0.43534 0.53704 0.42996 0.54248 0.42888 0.54248 0.42888 0.54466 0.4278 0.54575 0.4278 0.54793 0.42672 0.54902 0.42672 0.55011 0.42888 0.55229 0.42888 0.55338 0.43103 0.55556 0.43103 0.55664 0.43319 0.55664 0.43427 0.55556 0.43858 0.55556 0.43966 0.55447 0.44073 0.55447 0.44073 0.55338 0.44181 0.55229 0.44181 0.55011 0.44289 0.54902 0.44289 0.54357 0.44181 0.54248 0.44181 0.54031 0.44073 0.53922 0.44073 0.53813 0.43966 0.53704
0 0.52263 0.51307 0.52155 0.51416 0.51401 0.51416 0.51293 0.51525 0.51185 0.51525 0.51078 0.51634 0.5097 0.51634 0.50862 0.51743 0.50754 0.51743 0.50647 0.51852 0.50539 0.51852 0.50431 0.51961 0.50323 0.51961 0.50216 0.5207 0.50108 0.5207 0.49892 0.52288 0.49892 0.53268 0.5 0.53377 0.5 0.53486 0.50216 0.53704 0.50216 0.53813 0.50323 0.53922 0.50323 0.54031 0.50539 0.54248 0.50754 0.54248 0.50862 0.54357 0.51832 0.54357 0.51832 0.54248 0.52155 0.53922 0.52155 0.53813 0.52586 0.53377 0.52694 0.53377 0.52802 0.53268 0.52909 0.53268 0.53125 0.5305 0.53233 0.5305 0.53341 0.52941 0.53448 0.52941 0.53556 0.52832 0.53664 0.52832 0.53879 0.52614 0.53879 0.52505 0.53772 0.52397 0.53772 0.51743 0.53664 0.51743 0.53556 0.51634 0.53341 0.51634 0.53233 0.51525 0.53017 0.51525 0.52909 0.51416 0.52694 0.51416 0.52586 0.51307
0 0.76832 0.48693 0.76724 0.48802 0.76401 0.48802 0.76293 0.48911 0.7597 0.48911 0.75862 0.4902 0.75431 0.4902 0.75323 0.49129 0.75 0.49129 0.74892 0.49237 0.74569 0.49237 0.74461 0.49346 0.74246 0.49346 0.73815 0.49782 0.73815 0.49891 0.73384 0.50327 0.73384 0.50436 0.72845 0.5098 0.72845 0.51089 0.72414 0.51525 0.72414 0.51634 0.71875 0.52179 0.71659 0.52179 0.71552 0.52288 0.71444 0.52288 0.71336 0.52397 0.71121 0.52397 0.71013 0.52505 0.70905 0.52505 0.70797 0.52614 0.70582 0.52614 0.70474 0.52723 0.70366 0.52723 0.70259 0.52832 0.70043 0.52832 0.69935 0.52941 0.69828 0.52941 0.6972 0.5305 0.6972 0.53159 0.69612 0.53268 0.69612 0.53377 0.69504 0.53486 0.69504 0.53595 0.69397 0.53704 0.69397 0.53922 0.69289 0.54031 0.69289 0.54248 0.69181 0.54357 0.69181 0.54466 0.69073 0.54575 0.69073 0.54684 0.68966 0.54793 0.68966 0.55229 0.69073 0.55338 0.69073 0.55664 0.69181 0.55773 0.69181 0.561 0.69289 0.56209 0.69289 0.56645 0.69397 0.56754 0.69397 0.57081 0.6972 0.57407 0.6972 0.57516 0.70043 0.57843 0.70043 0.57952 0.70366 0.58279 0.70366 0.58715 0.70259 0.58824 0.70259 0.5915 0.70151 0.59259 0.70151 0.59586 0.70043 0.59695 0.70043 0.60022 0.69935 0.60131 0.69935 0.60566 0.69828 0.60675 0.69828 0.61656 0.69935 0.61765 0.69935 0.62854 0.70043 0.62963 0.70043 0.6329 0.70151 0.63399 0.70151 0.63834 0.70259 0.63943 0.70259 0.64379 0.70366 0.64488 0.70366 0.65033 0.70474 0.65142 0.70474 0.65795 0.70582 0.65904 0.70582 0.66449 0.7069 0.66558 0.7069 0.67102 0.70797 0.67211 0.70797 0.67865 0.70905 0.67974 0.70905 0.68301 0.71013 0.6841 0.71013 0.68519 0.71121 0.68627 0.71121 0.68736 0.71336 0.68954 0.71336 0.69063 0.71444 0.69172 0.71444 0.69281 0.71552 0.6939 0.71552 0.69499 0.71659 0.69608 0.71659 0.69717 0.71875 0.69935 0.71875 0.70044 0.71983 0.70153 0.71983 0.70261 0.72091 0.7037 0.72091 0.70479 0.72198 0.70588 0.72306 0.70588 0.72414 0.70697 0.72522 0.70697 0.72629 0.70806 0.72737 0.70806 0.72845 0.70915 0.72953 0.70915 0.7306 0.71024 0.73168 0.71024 0.73276 0.71133 0.73384 0.71133 0.73491 0.71242 0.73599 0.71242 0.73707 0.71351 0.73922 0.71351 0.7403 0.7146 0.74138 0.7146 0.74246 0.71569 0.74353 0.71569 0.74461 0.71678 0.74569 0.71678 0.74677 0.71786 0.74784 0.71786 0.74892 0.71895 0.75 0.71895 0.75108 0.72004 0.75216 0.72004 0.75323 0.72113 0.75754 0.72113 0.75862 0.72004 0.76401 0.72004 0.76509 0.71895 0.77155 0.71895 0.77263 0.71786 0.77802 0.71786 0.77909 0.71678 0.78448 0.71678 0.78556 0.71569 0.79095 0.71569 0.79203 0.7146 0.79957 0.7146 0.80065 0.71351 0.81034 0.71351 0.81142 0.71242 0.82112 0.71242 0.8222 0.71133 0.8319 0.71133 0.83297 0.71024 0.83513 0.71024 0.83621 0.70915 0.83728 0.70915 0.83944 0.70697 0.84052 0.70697 0.84267 0.70479 0.84375 0.70479 0.84698 0.70153 0.84806 0.70153 0.85022 0.69935 0.85129 0.69935 0.85453 0.69608 0.8556 0.69608 0.85884 0.69281 0.85991 0.69281 0.86207 0.69063 0.86315 0.69063 0.8653 0.68845 0.8653 0.68736 0.86746 0.68519 0.86746 0.6841 0.86853 0.68301 0.86853 0.68192 0.87177 0.67865 0.87177 0.67756 0.87392 0.67538 0.87392 0.67429 0.87608 0.67211 0.87608 0.67102 0.87823 0.66885 0.87823 0.66776 0.88039 0.66558 0.88039 0.66449 0.88147 0.6634 0.88147 0.66231 0.88362 0.66013 0.88362 0.65904 0.8847 0.65795 0.8847 0.65577 0.88578 0.65468 0.88578 0.65251 0.88685 0.65142 0.88685 0.64924 0.88793 0.64815 0.88793 0.64597 0.88901 0.64488 0.88901 0.6427 0.89009 0.64161 0.89009 0.63943 0.89116 0.63834 0.89116 0.63617 0.89224 0.63508 0.89224 0.6329 0.89332 0.63181 0.89332 0.62963 0.8944 0.62854 0.8944 0.62636 0.89547 0.62527 0.89547 0.62309 0.89655 0.622 0.89655 0.61983 0.89763 0.61874 0.89763 0.61656 0.89871 0.61547 0.89871 0.6122 0.89978 0.61111 0.89978 0.60784 0.90086 0.60675 0.90086 0.60349 0.90194 0.6024 0.90194 0.60022 0.90302 0.59913 0.90302 0.59586 0.90409 0.59477 0.90409 0.5915 0.90517 0.59041 0.90517 0.58715 0.90625 0.58606 0.90625 0.58279 0.90733 0.5817 0.90733 0.57952 0.90841 0.57843 0.90841 0.57516 0.90948 0.57407 0.90948 0.56972 0.90841 0.56863 0.90841 0.56645 0.90733 0.56536 0.90733 0.56209 0.90625 0.561 0.90625 0.55773 0.90517 0.55664 0.90517 0.55447 0.90409 0.55338 0.90409 0.55011 0.90302 0.54902 0.90302 0.54684 0.90194 0.54575 0.90194 0.54248 0.88901 0.52941 0.88793 0.52941 0.88685 0.52832 0.8847 0.52832 0.88362 0.52723 0.88254 0.52723 0.88147 0.52614 0.87931 0.52614 0.87823 0.52505 0.87716 0.52505 0.87608 0.52397 0.875 0.52397 0.87392 0.52288 0.87177 0.52288 0.87069 0.52179 0.86853 0.52179 0.86746 0.5207 0.86638 0.5207 0.8653 0.51961 0.86422 0.51961 0.86315 0.51852 0.86207 0.51852 0.86099 0.51743 0.85884 0.51743 0.85776 0.51634 0.85668 0.51634 0.8556 0.51525 0.85345 0.51525 0.85237 0.51416 0.85129 0.51416 0.85022 0.51307 0.84806 0.51307 0.84698 0.51198 0.84483 0.51198 0.84375 0.51089 0.84267 0.51089 0.84159 0.5098 0.83944 0.5098 0.83836 0.50871 0.83621 0.50871 0.83513 0.50763 0.83297 0.50763 0.8319 0.50654 0.82974 0.50654 0.82866 0.50545 0.82759 0.50545 0.82651 0.50436 0.82435 0.50436 0.82328 0.50327 0.82112 0.50327 0.82004 0.50218 0.81789 0.50218 0.81681 0.50109 0.81573 0.50109 0.81466 0.5 0.8125 0.5 0.81142 0.49891 0.80927 0.49891 0.80819 0.49782 0.80603 0.49782 0.80496 0.49673 0.8028 0.49673 0.80172 0.49564 0.79849 0.49564 0.79741 0.49455 0.79418 0.49455 0.7931 0.49346 0.79095 0.49346 0.78987 0.49237 0.78664 0.49237 0.78556 0.49129 0.78233 0.49129 0.78125 0.4902 0.77909 0.4902 0.77802 0.48911 0.77478 0.48911 0.77371 0.48802 0.77047 0.48802 0.7694 0.48693
0 0.44612 0.48693 0.44504 0.48802 0.44289 0.48802 0.44073 0.4902 0.44073 0.49237 0.43966 0.49346 0.43966 0.49564 0.43858 0.49673 0.43858 0.49782 0.44612 0.50545 0.44612 0.50654 0.4472 0.50763 0.44828 0.50763 0.44935 0.50654 0.44935 0.50545 0.45366 0.50109 0.45366 0.48911 0.45259 0.48911 0.45151 0.48802 0.45043 0.48802 0.44935 0.48693
0 0.625 0.48039 0.62392 0.48148 0.61315 0.48148 0.61099 0.48366 0.61099 0.48475 0.6056 0.4902 0.6056 0.49129 0.59914 0.49782 0.59914 0.5 0.59806 0.50109 0.59806 0.50327 0.59698 0.50436 0.59698 0.50545 0.59591 0.50654 0.59591 0.50871 0.59483 0.5098 0.59483 0.51089 0.59375 0.51198 0.59375 0.51416 0.59267 0.51525 0.59267 0.52723 0.59375 0.52832 0.59375 0.53922 0.59483 0.54031 0.59483 0.54902 0.59591 0.55011 0.59591 0.5512 0.59698 0.55229 0.59698 0.55447 0.59806 0.55556 0.59806 0.55664 0.59914 0.55773 0.59914 0.55991 0.60022 0.561 0.60022 0.56209 0.60129 0.56318 0.60129 0.56536 0.60237 0.56645 0.60237 0.56863 0.60345 0.56972 0.60345 0.57081 0.60453 0.5719 0.6056 0.5719 0.60668 0.57298 0.60776 0.57298 0.60991 0.57516 0.61099 0.57516 0.61207 0.57625 0.61315 0.57625 0.61422 0.57734 0.6153 0.57734 0.61746 0.57952 0.61638 0.58061 0.6153 0.58061 0.61422 0.57952 0.61315 0.57952 0.61207 0.57843 0.61099 0.57843 0.60991 0.57734 0.60884 0.57734 0.60776 0.57625 0.60668 0.57625 0.6056 0.57516 0.60453 0.57516 0.60345 0.57407 0.60129 0.57407 0.60022 0.57298 0.59914 0.57298 0.59806 0.5719 0.59698 0.5719 0.59591 0.57081 0.59483 0.57081 0.59375 0.56972 0.59267 0.56972 0.59159 0.56863 0.59052 0.56863 0.58944 0.56754 0.58836 0.56754 0.58728 0.56645 0.58621 0.56645 0.58513 0.56536 0.58297 0.56536 0.5819 0.56427 0.58082 0.56427 0.57974 0.56318 0.56573 0.56318 0.56466 0.56209 0.5528 0.56209 0.55496 0.56427 0.55603 0.56427 0.55711 0.56536 0.55819 0.56536 0.55927 0.56645 0.56034 0.56645 0.56142 0.56754 0.5625 0.56754 0.56358 0.56863 0.56466 0.56863 0.56573 0.56972 0.56681 0.56972 0.56789 0.57081 0.56897 0.57081 0.57004 0.5719 0.57112 0.5719 0.57328 0.57407 0.57328 0.57516 0.58728 0.58932 0.58836 0.58932 0.59052 0.5915 0.59159 0.5915 0.59375 0.59368 0.59483 0.59368 0.59698 0.59586 0.59806 0.59586 0.60129 0.59913 0.60237 0.59913 0.60453 0.60131 0.6056 0.60131 0.60884 0.60458 0.60884 0.60566 0.61099 0.60784 0.61099 0.60893 0.61422 0.6122 0.61422 0.61329 0.61638 0.61547 0.61638 0.61656 0.61961 0.61983 0.61961 0.62092 0.62177 0.62309 0.62177 0.62418 0.625 0.62745 0.625 0.62854 0.62716 0.63072 0.62716 0.63181 0.63039 0.63508 0.63039 0.63617 0.63254 0.63834 0.63254 0.63943 0.6347 0.64161 0.6347 0.6427 0.63793 0.64597 0.63793 0.64706 0.64009 0.64924 0.64009 0.65033 0.64332 0.65359 0.64332 0.65468 0.64547 0.65686 0.64547 0.65795 0.64871 0.66122 0.64871 0.66231 0.65086 0.66449 0.65086 0.6841 0.65194 0.68519 0.65194 0.70588 0.65302 0.70697 0.65302 0.71351 0.65409 0.7146 0.65409 0.71678 0.65517 0.71786 0.65517 0.72113 0.65625 0.72222 0.65625 0.72549 0.65733 0.72658 0.65733 0.72985 0.65841 0.73094 0.65841 0.7342 0.65948 0.73529 0.65948 0.73856 0.66056 0.73965 0.66056 0.74292 0.66164 0.74401 0.66164 0.74728 0.66272 0.74837 0.66272 0.75054 0.66487 0.75272 0.66595 0.75272 0.6681 0.7549 0.66918 0.7549 0.67134 0.75708 0.67241 0.75708 0.67457 0.75926 0.67565 0.75926 0.6778 0.76144 0.67888 0.76144 0.68103 0.76362 0.68211 0.76362 0.68427 0.7658 0.68534 0.7658 0.6875 0.76797 0.68858 0.76797 0.69073 0.77015 0.69181 0.77015 0.69397 0.77233 0.69504 0.77233 0.6972 0.77451 0.69828 0.77451 0.69935 0.7756 0.70043 0.7756 0.70259 0.77778 0.70366 0.77778 0.70474 0.77887 0.7069 0.77887 0.70797 0.77996 0.71121 0.77996 0.71228 0.78105 0.71444 0.78105 0.71552 0.78214 0.71875 0.78214 0.71983 0.78322 0.72306 0.78322 0.72414 0.78431 0.72629 0.78431 0.72737 0.7854 0.7306 0.7854 0.73168 0.78649 0.73384 0.78649 0.73491 0.78758 0.73815 0.78758 0.73922 0.78867 0.74138 0.78867 0.74246 0.78976 0.74569 0.78976 0.74677 0.79085 0.75 0.79085 0.75108 0.79194 0.75539 0.79194 0.75647 0.79085 0.75754 0.79085 0.7597 0.78867 0.76078 0.78867 0.76401 0.7854 0.76509 0.7854 0.76832 0.78214 0.7694 0.78214 0.77155 0.77996 0.77263 0.77996 0.77586 0.77669 0.77694 0.77669 0.77909 0.77451 0.78017 0.77451 0.78341 0.77124 0.77694 0.76471 0.77586 0.76471 0.77047 0.75926 0.7694 0.75926 0.76401 0.75381 0.76293 0.75381 0.75647 0.74728 0.75539 0.74728 0.75216 0.74401 0.75108 0.74401 0.74892 0.74183 0.74784 0.74183 0.74677 0.74074 0.74569 0.74074 0.74353 0.73856 0.74246 0.73856 0.7403 0.73638 0.73922 0.73638 0.73707 0.7342 0.73599 0.7342 0.73384 0.73203 0.73276 0.73203 0.73168 0.73094 0.7306 0.73094 0.72845 0.72876 0.72737 0.72876 0.72522 0.72658 0.72414 0.72658 0.72198 0.7244 0.72091 0.7244 0.71983 0.72331 0.71875 0.72331 0.71659 0.72113 0.71552 0.72113 0.71336 0.71895 0.71228 0.71895 0.6875 0.6939 0.6875 0.64488 0.68642 0.64379 0.68642 0.64161 0.68534 0.64052 0.68534 0.63725 0.68427 0.63617 0.68427 0.63399 0.68319 0.6329 0.68319 0.62963 0.68211 0.62854 0.68211 0.62636 0.68103 0.62527 0.68103 0.62309 0.67996 0.622 0.67996 0.61874 0.67888 0.61765 0.67888 0.61547 0.6778 0.61438 0.6778 0.61111 0.67672 0.61002 0.67672 0.60784 0.67565 0.60675 0.67457 0.60675 0.67349 0.60566 0.67241 0.60566 0.67134 0.60458 0.67026 0.60458 0.66918 0.60349 0.66703 0.60349 0.66595 0.6024 0.66487 0.6024 0.66379 0.60131 0.66272 0.60131 0.66164 0.60022 0.65948 0.60022 0.65841 0.59913 0.65733 0.59913 0.65625 0.59804 0.65517 0.59804 0.65409 0.59695 0.65194 0.59695 0.65086 0.59586 0.64978 0.59586 0.64871 0.59477 0.64763 0.59477 0.64655 0.59368 0.6444 0.59368 0.64332 0.59259 0.64224 0.59259 0.64116 0.5915 0.64009 0.5915 0.63901 0.59041 0.63685 0.59041 0.63578 0.58932 0.6347 0.58932 0.63362 0.58824 0.6347 0.58715 0.63901 0.58715 0.64009 0.58824 0.6444 0.58824 0.64547 0.58932 0.64871 0.58932 0.65517 0.58279 0.65517 0.5817 0.66164 0.57516 0.66164 0.57407 0.66272 0.57298 0.66272 0.57081 0.66379 0.56972 0.66379 0.56863 0.66487 0.56754 0.66487 0.56536 0.66595 0.56427 0.66595 0.56318 0.66703 0.56209 0.66703 0.55991 0.6681 0.55882 0.6681 0.55664 0.66918 0.55556 0.66918 0.55447 0.67026 0.55338 0.67026 0.5512 0.67134 0.55011 0.67134 0.54902 0.67241 0.54793 0.67241 0.54575 0.67349 0.54466 0.67349 0.54139 0.67457 0.54031 0.67457 0.53813 0.67565 0.53704 0.67565 0.53486 0.67672 0.53377 0.67672 0.53159 0.6778 0.5305 0.6778 0.52832 0.67888 0.52723 0.67888 0.52505 0.6778 0.52397 0.6778 0.52179 0.67672 0.5207 0.67672 0.51852 0.67565 0.51743 0.67565 0.51525 0.67457 0.51416 0.67457 0.51307 0.67349 0.51198 0.67349 0.5098 0.67241 0.50871 0.67241 0.50654 0.67134 0.50545 0.67134 0.50327 0.67026 0.50218 0.67026 0.49891 0.66918 0.49891 0.66487 0.49455 0.66379 0.49455 0.65948 0.4902 0.65841 0.4902 0.65517 0.48693 0.65409 0.48693 0.65302 0.48584 0.65086 0.48584 0.64978 0.48475 0.64763 0.48475 0.64655 0.48366 0.6444 0.48366 0.64332 0.48257 0.64009 0.48257 0.63901 0.48148 0.63685 0.48148 0.63578 0.48039
0 0.51724 0.44227 0.51724 0.44771 0.51616 0.4488 0.51724 0.44989 0.51724 0.45098 0.51832 0.45098 0.52155 0.45425 0.52263 0.45425 0.52694 0.45861 0.52802 0.45861 0.53125 0.46187 0.53125 0.46296 0.53233 0.46405 0.53233 0.46514 0.53341 0.46623 0.53341 0.46732 0.53448 0.46841 0.53448 0.47059 0.53556 0.47168 0.53556 0.47277 0.53664 0.47386 0.53664 0.49782 0.53556 0.49891 0.53556 0.50327 0.53879 0.50654 0.53987 0.50654 0.54095 0.50545 0.54203 0.50545 0.55172 0.49564 0.55172 0.49455 0.55065 0.49346 0.55065 0.48802 0.54957 0.48693 0.54957 0.48039 0.54849 0.4793 0.54849 0.47386 0.54741 0.47277 0.54741 0.46841 0.54634 0.46732 0.54634 0.46405 0.54095 0.45861 0.54095 0.45752 0.53448 0.45098 0.53341 0.45098 0.53125 0.4488 0.53017 0.4488 0.52909 0.44771 0.52802 0.44771 0.52586 0.44553 0.52478 0.44553 0.52371 0.44444 0.52263 0.44444 0.52155 0.44336 0.5194 0.44336 0.51832 0.44227
0
0 0.41595 0.378 0.41487 0.37908 0.41272 0.37908 0.41164 0.38017 0.40948 0.38017 0.40841 0.38126 0.40733 0.38126 0.40517 0.38344 0.40409 0.38344 0.39547 0.39216 0.39547 0.39325 0.39978 0.3976 0.40086 0.3976 0.40194 0.39869 0.40302 0.39869 0.40409 0.39978 0.40625 0.39978 0.40841 0.40196 0.40841 0.40305 0.40948 0.40414 0.40948 0.40632 0.41056 0.40741 0.41056 0.4085 0.41164 0.40959 0.41164 0.41176 0.41272 0.41285 0.41272 0.41503 0.41487 0.41721 0.41487 0.41939 0.41595 0.42048 0.41595 0.42157 0.41703 0.42266 0.41703 0.42484 0.4181 0.42593 0.41918 0.42593 0.42349 0.42157 0.42457 0.42157 0.42565 0.42048 0.42672 0.42048 0.4278 0.41939 0.42888 0.41939 0.42996 0.4183 0.43427 0.4183 0.43534 0.41721 0.43642 0.41721 0.43642 0.41394 0.43534 0.41285 0.43534 0.40959 0.43427 0.4085 0.43427 0.40632 0.43319 0.40523 0.43319 0.40196 0.43211 0.40087 0.43211 0.39978 0.43103 0.39869 0.43103 0.3976 0.42996 0.39651 0.42996 0.38671 0.43103 0.38562 0.43103 0.38344 0.43211 0.38235 0.43211 0.38126 0.43319 0.38017 0.43319 0.378
0 0.78879 0.31699 0.78772 0.31808 0.78664 0.31808 0.77909 0.32571 0.77802 0.32571 0.7694 0.33442 0.76832 0.33442 0.7306 0.37255 0.7306 0.37364 0.72845 0.37582 0.72845 0.37691 0.72629 0.37908 0.72629 0.38017 0.72414 0.38235 0.72414 0.38344 0.72306 0.38453 0.72306 0.38562 0.72091 0.3878 0.72091 0.38889 0.71875 0.39107 0.71875 0.39216 0.71659 0.39434 0.71659 0.39542 0.71444 0.3976 0.71444 0.39869 0.71336 0.39978 0.71121 0.39978 0.71013 0.40087 0.7069 0.40087 0.70582 0.40196 0.70259 0.40196 0.70151 0.40305 0.69828 0.40305 0.6972 0.40414 0.69504 0.40414 0.69397 0.40523 0.69073 0.40523 0.68966 0.40632 0.68642 0.40632 0.68534 0.40741 0.68319 0.40741 0.68211 0.4085 0.67888 0.4085 0.6778 0.40959 0.67134 0.40959 0.67026 0.4085 0.6444 0.4085 0.64332 0.40741 0.6347 0.40741 0.63362 0.4085 0.6153 0.4085 0.61422 0.40959 0.59698 0.40959 0.59591 0.41068 0.58944 0.41068 0.58836 0.41176 0.5819 0.41176 0.58082 0.41285 0.57543 0.41285 0.57435 0.41394 0.56897 0.41394 0.56789 0.41503 0.56142 0.41503 0.56034 0.41612 0.55927 0.41612 0.55603 0.41939 0.55603 0.42048 0.55172 0.42484 0.55172 0.42593 0.54957 0.4281 0.54957 0.42919 0.54849 0.43028 0.5431 0.42484 0.5431 0.42375 0.54095 0.42157 0.54095 0.42048 0.53987 0.41939 0.53987 0.4183 0.53772 0.41612 0.53772 0.41503 0.53556 0.41285 0.53556 0.41176 0.53448 0.41068 0.53448 0.40959 0.53233 0.40741 0.53233 0.40632 0.53125 0.40523 0.53017 0.40523 0.52909 0.40414 0.52802 0.40414 0.52694 0.40305 0.52586 0.40305 0.52371 0.40087 0.52263 0.40087 0.52155 0.39978 0.52047 0.39978 0.5194 0.39869 0.51832 0.39869 0.51724 0.3976 0.51616 0.3976 0.51509 0.39651 0.51401 0.39651 0.51293 0.39542 0.51078 0.39542 0.50862 0.39325 0.50754 0.39325 0.50647 0.39216 0.50431 0.39216 0.50323 0.39107 0.50108 0.39107 0.5 0.38998 0.49784 0.38998 0.49677 0.38889 0.49461 0.38889 0.49353 0.3878 0.49138 0.3878 0.4903 0.38671 0.48815 0.38671 0.48707 0.38562 0.48276 0.38562 0.48168 0.38453 0.47414 0.38453 0.47306 0.38344 0.45151 0.38344 0.45043 0.38235 0.44612 0.38235 0.44612 0.38344 0.4472 0.38453 0.4472 0.38562 0.44828 0.38671 0.44828 0.3878 0.44935 0.38889 0.44935 0.38998 0.45043 0.39107 0.45043 0.39325 0.45151 0.39434 0.45151 0.39651 0.45259 0.3976 0.45259 0.40087 0.45366 0.40196 0.45366 0.40305 0.46013 0.40305 0.46121 0.40414 0.46659 0.40414 0.46767 0.40523 0.47414 0.40523 0.47522 0.40632 0.49461 0.40632 0.49569 0.40741 0.49784 0.40741 0.49892 0.4085 0.50108 0.4085 0.50216 0.40959 0.50323 0.40959 0.50431 0.41068 0.50647 0.41068 0.50754 0.41176 0.5097 0.41176 0.51078 0.41285 0.51185 0.41285 0.51293 0.41394 0.51509 0.41394 0.51616 0.41503 0.51724 0.41503 0.52263 0.42048 0.52371 0.42048 0.53017 0.42702 0.53125 0.42702 0.53556 0.43137 0.53664 0.43137 0.53772 0.43246 0.53772 0.43355 0.5431 0.439 0.5431 0.44009 0.54849 0.44553 0.54849 0.44771 0.54957 0.4488 0.54957 0.45098 0.55065 0.45207 0.55065 0.45425 0.55172 0.45534 0.55172 0.45752 0.5528 0.45861 0.5528 0.46078 0.55388 0.46187 0.55388 0.46514 0.55496 0.46623 0.55496 0.46841 0.55603 0.4695 0.55603 0.47168 0.55711 0.47277 0.55711 0.47495 0.55819 0.47603 0.55819 0.48257 0.55711 0.48366 0.55711 0.48911 0.55603 0.4902 0.55603 0.49455 0.55496 0.49564 0.55496 0.49891 0.55388 0.5 0.55388 0.50436 0.5528 0.50545 0.5528 0.51089 0.55172 0.51198 0.55172 0.51743 0.55065 0.51852 0.55065 0.52179 0.54957 0.52288 0.54957 0.52397 0.54849 0.52505 0.54849 0.52723 0.54741 0.52832 0.54741 0.5305 0.54634 0.53159 0.54634 0.53268 0.54526 0.53377 0.54526 0.53486 0.54418 0.53595 0.54418 0.53704 0.54203 0.53922 0.54203 0.54031 0.54095 0.54139 0.54095 0.54248 0.53987 0.54357 0.53987 0.54466 0.53772 0.54684 0.53772 0.54793 0.53341 0.55229 0.53233 0.55229 0.52586 0.55882 0.52478 0.55882 0.52047 0.56318 0.5194 0.56318 0.51724 0.56536 0.51616 0.56536 0.51509 0.56645 0.51401 0.56645 0.51185 0.56863 0.51078 0.56863 0.50862 0.57081 0.50754 0.57081 0.50539 0.57298 0.50431 0.57298 0.50323 0.57407 0.50216 0.57407 0.50108 0.57516 0.5 0.57516 0.49892 0.57625 0.49784 0.57625 0.49677 0.57734 0.49569 0.57734 0.49353 0.57952 0.49246 0.57952 0.49138 0.58061 0.4903 0.58061 0.48922 0.5817 0.48815 0.5817 0.48707 0.58279 0.48599 0.58279 0.48491 0.58388 0.47845 0.58388 0.47737 0.58497 0.45905 0.58497 0.45797 0.58388 0.44935 0.58388 0.44828 0.58279 0.44504 0.58279 0.44397 0.5817 0.44073 0.5817 0.43966 0.58061 0.43642 0.58061 0.43534 0.57952 0.43211 0.57952 0.43103 0.57843 0.42996 0.57843 0.42888 0.57734 0.4278 0.57734 0.42672 0.57625 0.42565 0.57625 0.42349 0.57407 0.42241 0.57407 0.41703 0.56863 0.41595 0.56863 0.41164 0.56427 0.41056 0.56427 0.40194 0.55556 0.40086 0.55556 0.39763 0.55229 0.39763 0.5512 0.3944 0.54793 0.3944 0.54684 0.39224 0.54466 0.39224 0.54357 0.39009 0.54139 0.39009 0.53486 0.39116 0.53377 0.39116 0.52723 0.39332 0.52505 0.39332 0.52397 0.39547 0.52179 0.39655 0.52179 0.39763 0.5207 0.39978 0.5207 0.40086 0.51961 0.40194 0.51961 0.40302 0.51852 0.40409 0.51852 0.40517 0.51743 0.40517 0.51307 0.40625 0.51198 0.40625 0.50654 0.40517 0.50654 0.40409 0.50545 0.40302 0.50545 0.40194 0.50436 0.39978 0.50436 0.39871 0.50545 0.39655 0.50545 0.39547 0.50654 0.39116 0.50654 0.39009 0.50545 0.38901 0.50545 0.38793 0.50436 0.38793 0.50327 0.38901 0.50218 0.38901 0.49782 0.39009 0.49673 0.39224 0.49673 0.39332 0.49564 0.3944 0.49564 0.39547 0.49455 0.39655 0.49455 0.39763 0.49346 0.39978 0.49346 0.40086 0.49237 0.40194 0.49237 0.40517 0.48911 0.40625 0.48911 0.40841 0.48693 0.40841 0.48584 0.40733 0.48475 0.40625 0.48475 0.40409 0.48257 0.40302 0.48257 0.40086 0.48039 0.39978 0.48039 0.39871 0.4793 0.39763 0.4793 0.39655 0.47821 0.39547 0.47821 0.39332 0.47603 0.38901 0.47603 0.38793 0.47712 0.38578 0.47712 0.3847 0.47821 0.38362 0.47821 0.38254 0.47712 0.38254 0.47603 0.38362 0.47495 0.38362 0.4695 0.3847 0.46841 0.3847 0.46405 0.38578 0.46296 0.38578 0.45969 0.38685 0.45861 0.38685 0.45752 0.38793 0.45643 0.38793 0.45534 0.38901 0.45425 0.38901 0.45316 0.39116 0.45098 0.39116 0.44989 0.39224 0.4488 0.39224 0.44771 0.39332 0.44662 0.39332 0.44553 0.3944 0.44444 0.3944 0.44336 0.39655 0.44118 0.39655 0.44009 0.39763 0.439 0.39763 0.43791 0.39978 0.43573 0.39978 0.43355 0.40086 0.43246 0.40086 0.43137 0.40194 0.43028 0.40194 0.42919 0.40302 0.4281 0.40302 0.42593 0.40409 0.42484 0.40409 0.41176 0.40086 0.4085 0.40086 0.40741 0.39871 0.40523 0.39655 0.40523 0.39332 0.4085 0.39332 0.40959 0.38901 0.41394 0.38901 0.41503 0.3847 0.41939 0.3847 0.42048 0.37608 0.42919 0.37608 0.43028 0.37392 0.43246 0.37392 0.43355 0.37284 0.43464 0.37284 0.43573 0.37177 0.43682 0.37177 0.43791 0.37069 0.439 0.37069 0.44009 0.36961 0.44118 0.36961 0.44227 0.36853 0.44336 0.36853 0.44444 0.36746 0.44553 0.36746 0.45643 0.36638 0.45752 0.36638 0.46187 0.3653 0.46296 0.3653 0.46732 0.36422 0.46841 0.36422 0.47277 0.36315 0.47386 0.36315 0.47821 0.36207 0.4793 0.36207 0.48039 0.36315 0.48148 0.36315 0.4902 0.36207 0.49129 0.36207 0.49455 0.36315 0.49564 0.36315 0.50327 0.36422 0.50436 0.36422 0.51634 0.3653 0.51743 0.3653 0.52614 0.36638 0.52723 0.36638 0.52941 0.36746 0.5305 0.36746 0.53377 0.36853 0.53486 0.36853 0.53704 0.36961 0.53813 0.36961 0.53922 0.37177 0.54139 0.37177 0.54248 0.37284 0.54357 0.37284 0.54466 0.37392 0.54575 0.37392 0.54684 0.375 0.54793 0.375 0.54902 0.37608 0.55011 0.37608 0.5512 0.37716 0.55229 0.37716 0.55338 0.37823 0.55447 0.37823 0.55556 0.37931 0.55664 0.37931 0.55773 0.38039 0.55882 0.38039 0.55991 0.38147 0.561 0.38147 0.56209 0.38254 0.56318 0.38254 0.56427 0.39224 0.57407 0.39332 0.57407 0.39978 0.58061 0.40086 0.58061 0.40302 0.58279 0.40409 0.58279 0.40733 0.58606 0.40841 0.58606 0.41164 0.58932 0.41272 0.58932 0.41379 0.59041 0.41487 0.59041 0.41595 0.5915 0.4181 0.5915 0.41918 0.59259 0.42026 0.59259 0.42134 0.59368 0.42349 0.59368 0.42457 0.59477 0.42565 0.59477 0.42672 0.59586 0.42888 0.59586 0.42996 0.59695 0.43103 0.59695 0.43211 0.59804 0.43427 0.59804 0.43534 0.59913 0.4375 0.59913 0.43858 0.60022 0.44504 0.60022 0.44612 0.60131 0.4569 0.60131 0.45797 0.6024 0.46983 0.6024 0.47091 0.60349 0.48707 0.60349 0.48815 0.6024 0.49353 0.6024 0.49461 0.60131 0.49569 0.60131 0.49677 0.60022 0.49784 0.60022 0.49892 0.59913 0.50108 0.59913 0.50216 0.59804 0.50323 0.59804 0.50431 0.59695 0.50539 0.59695 0.50754 0.59477 0.50862 0.59477 0.5097 0.59368 0.51078 0.59368 0.51185 0.59259 0.51293 0.59259 0.51401 0.5915 0.51509 0.5915 0.51616 0.59041 0.51724 0.59041 0.51832 0.58932 0.5194 0.58932 0.52047 0.58824 0.52155 0.58824 0.52263 0.58715 0.52371 0.58715 0.52478 0.58606 0.52586 0.58606 0.52694 0.58497 0.52802 0.58497 0.53125 0.5817 0.53233 0.5817 0.54526 0.56863 0.54526 0.56754 0.54849 0.56427 0.54849 0.56318 0.55065 0.561 0.55065 0.55991 0.55819 0.55229 0.55927 0.55229 0.56466 0.54684 0.56573 0.54684 0.56681 0.54575 0.57004 0.54575 0.57112 0.54466 0.57112 0.54357 0.5722 0.54248 0.5722 0.54139 0.57435 0.53922 0.57435 0.53813 0.57543 0.53704 0.57543 0.53595 0.57759 0.53377 0.57759 0.50218 0.57651 0.50109 0.57651 0.49346 0.57543 0.49237 0.57543 0.48802 0.57435 0.48693 0.57435 0.48475 0.57328 0.48366 0.57328 0.48148 0.5722 0.48039 0.5722 0.47821 0.57112 0.47712 0.57112 0.47603 0.57004 0.47495 0.57004 0.47386 0.56897 0.47386 0.56681 0.47168 0.56681 0.4695 0.56573 0.46841 0.56573 0.46732 0.56466 0.46623 0.56466 0.46405 0.56358 0.46296 0.56358 0.46187 0.5625 0.46078 0.5625 0.45861 0.56142 0.45752 0.56142 0.45643 0.5625 0.45534 0.56897 0.46187 0.56897 0.46296 0.57004 0.46405 0.60453 0.46405 0.6056 0.46514 0.61315 0.46514 0.61422 0.46623 0.62069 0.46623 0.62177 0.46732 0.62931 0.46732 0.63039 0.46841 0.63901 0.46841 0.64009 0.4695 0.64871 0.4695 0.64978 0.47059 0.65625 0.47059 0.66379 0.47821 0.66379 0.4793 0.67565 0.49129 0.67672 0.49129 0.67888 0.49346 0.67996 0.49346 0.68103 0.49455 0.68211 0.49455 0.68319 0.49564 0.68427 0.49564 0.68534 0.49673 0.68642 0.49673 0.68858 0.49891 0.68966 0.49891 0.69073 0.5 0.69181 0.5 0.69289 0.50109 0.69397 0.50109 0.69504 0.50218 0.69612 0.50109 0.6972 0.50109 0.69828 0.5 0.69935 0.5 0.70043 0.49891 0.70151 0.49891 0.70259 0.49782 0.70366 0.49782 0.70474 0.49673 0.70582 0.49673 0.7069 0.49564 0.70905 0.49564 0.71013 0.49455 0.71121 0.49455 0.71228 0.49346 0.71336 0.49346 0.71444 0.49237 0.71552 0.49237 0.71659 0.49129 0.71767 0.49129 0.71983 0.48911 0.72198 0.48911 0.72306 0.48802 0.72414 0.48802 0.72522 0.48693 0.72629 0.48693 0.72737 0.48584 0.72845 0.48584 0.72953 0.48475 0.73491 0.48475 0.73599 0.48366 0.74138 0.48366 0.74246 0.48257 0.74784 0.48257 0.74892 0.48148 0.75431 0.48148 0.75539 0.48039 0.76078 0.48039 0.76185 0.4793 0.76724 0.4793 0.76832 0.47821 0.77371 0.47821 0.77478 0.47712 0.78017 0.47712 0.78125 0.47603 0.78772 0.47603 0.78879 0.47495 0.7931 0.47495 0.79418 0.47603 0.79741 0.47603 0.79849 0.47712 0.8028 0.47712 0.80388 0.47821 0.80819 0.47821 0.80927 0.4793 0.8125 0.4793 0.81358 0.48039 0.81789 0.48039 0.81897 0.48148 0.82328 0.48148 0.82435 0.48257 0.82866 0.48257 0.82974 0.48366 0.83621 0.48366 0.83728 0.48475 0.85345 0.48475 0.85453 0.48584 0.85668 0.48584 0.86099 0.4902 0.86099 0.49129 0.86315 0.49346 0.86315 0.49455 0.8653 0.49673 0.8653 0.49782 0.86746 0.5 0.86746 0.50109 0.87069 0.50436 0.87069 0.50545 0.87284 0.50763 0.87284 0.50871 0.8847 0.5207 0.89224 0.5207 0.89332 0.52179 0.90517 0.52179 0.90517 0.5207 0.90625 0.51961 0.90625 0.51198 0.90733 0.51089 0.90733 0.50218 0.90841 0.50109 0.90841 0.49455 0.90948 0.49346 0.90948 0.48584 0.91056 0.48475 0.91056 0.47386 0.91164 0.47277 0.91164 0.45969 0.91272 0.45861 0.91272 0.44553 0.91379 0.44444 0.91379 0.43246 0.91487 0.43137 0.91487 0.41394 0.91379 0.41285 0.91379 0.40523 0.91272 0.40414 0.91272 0.39542 0.91164 0.39434 0.91164 0.38671 0.91056 0.38562 0.91056 0.378 0.90948 0.37691 0.90948 0.36928 0.90841 0.36819 0.90841 0.36057 0.90733 0.35948 0.90733 0.3573 0.90625 0.35621 0.90625 0.35512 0.90517 0.35403 0.90517 0.35294 0.90409 0.35185 0.90409 0.35076 0.90302 0.34967 0.90302 0.34858 0.90194 0.34749 0.90194 0.34641 0.90086 0.34532 0.90086 0.34423 0.89978 0.34314 0.89978 0.34096 0.89871 0.33987 0.89871 0.33878 0.89763 0.33769 0.89763 0.3366 0.89655 0.33551 0.89655 0.33442 0.89547 0.33333 0.89547 0.33224 0.8944 0.33115 0.8944 0.33007 0.89332 0.32898 0.89332 0.32789 0.89224 0.3268 0.89224 0.32571 0.89116 0.32462 0.89116 0.32244 0.88901 0.32026 0.8556 0.32026 0.85453 0.31917 0.84159 0.31917 0.84052 0.31808 0.82759 0.31808 0.82651 0.31699
