0 0.50431 0.55773 0.50108 0.561 0.5 0.561 0.5 0.57081 0.49892 0.5719 0.5 0.5719 0.50108 0.57298 0.50323 0.57298 0.50539 0.57516 0.50647 0.57516 0.50754 0.57625 0.50862 0.57625 0.5097 0.57734 0.51078 0.57734 0.51185 0.57625 0.51401 0.57625 0.51509 0.57516 0.51616 0.57516 0.51724 0.57407 0.5194 0.57407 0.52047 0.57298 0.52155 0.57407 0.52155 0.57298 0.52371 0.57081 0.52371 0.56863 0.52478 0.56754 0.52478 0.56645 0.52586 0.56536 0.52586 0.56318 0.52478 0.56209 0.52263 0.56209 0.5194 0.55882 0.51832 0.55882 0.51724 0.55773
0 0.42349 0.55447 0.42241 0.55556 0.42134 0.55556 0.42026 0.55664 0.4181 0.55664 0.41703 0.55773 0.41595 0.55773 0.40517 0.56863 0.40409 0.56863 0.40086 0.5719 0.39978 0.5719 0.39871 0.57298 0.39763 0.57298 0.39655 0.57407 0.39547 0.57407 0.3944 0.57516 0.39332 0.57407 0.39224 0.57516 0.39009 0.57516 0.38901 0.57625 0.38793 0.57625 0.38685 0.57734 0.38578 0.57734 0.3847 0.57843 0.38362 0.57843 0.38254 0.57952 0.38147 0.57952 0.38039 0.58061 0.37608 0.58061 0.375 0.5817 0.37392 0.5817 0.37284 0.58279 0.37177 0.58279 0.37069 0.58388 0.36853 0.58388 0.36746 0.58497 0.36638 0.58497 0.3653 0.58606 0.36422 0.58606 0.36315 0.58715 0.36207 0.58606 0.36099 0.58715 0.35884 0.58715 0.35776 0.58824 0.35668 0.58824 0.3556 0.58932 0.35453 0.58932 0.35345 0.59041 0.35237 0.59041 0.35129 0.5915 0.35022 0.5915 0.34914 0.59259 0.34698 0.59259 0.34591 0.5915 0.32004 0.5915 0.31897 0.59259 0.31573 0.59259 0.31466 0.5915 0.3125 0.5915 0.31142 0.59259 0.30603 0.59259 0.30603 0.59586 0.30496 0.59695 0.30388 0.59695 0.30388 0.59913 0.3028 0.60022 0.3028 0.6024 0.30172 0.60349 0.30172 0.60675 0.30065 0.60784 0.30065 0.61002 0.29957 0.61111 0.29957 0.6122 0.29741 0.61438 0.29741 0.61983 0.29634 0.62092 0.29634 0.62745 0.29526 0.62854 0.29418 0.62854 0.29418 0.63508 0.2931 0.63617 0.2931 0.63834 0.28772 0.64379 0.28664 0.64379 0.28125 0.64924 0.28017 0.64924 0.27155 0.65795 0.27047 0.65795 0.26832 0.66013 0.26724 0.66013 0.26509 0.66231 0.26401 0.66231 0.25539 0.67102 0.25431 0.67102 0.25 0.67538 0.24677 0.67538 0.24138 0.68083 0.2403 0.68083 0.23491 0.68627 0.23384 0.68627 0.23276 0.68736 0.23168 0.68736 0.22845 0.69063 0.22629 0.69063 0.22198 0.69499 0.22091 0.69499 0.21983 0.69608 0.21875 0.69608 0.21767 0.69717 0.21444 0.69717 0.21336 0.69826 0.21121 0.69826 0.21013 0.69935 0.20905 0.69935 0.20797 0.70044 0.2069 0.70044 0.20582 0.70153 0.20474 0.70153 0.20366 0.70261 0.20259 0.70261 0.20151 0.7037 0.20043 0.70261 0.19935 0.7037 0.19828 0.7037 0.1972 0.70479 0.19504 0.70479 0.19397 0.70588 0.19289 0.70588 0.19181 0.70697 0.19073 0.70697 0.18966 0.70806 0.18858 0.70806 0.1875 0.70915 0.18642 0.70915 0.18534 0.71024 0.18427 0.70915 0.18319 0.71024 0.18211 0.71024 0.18103 0.71133 0.17996 0.71133 0.17888 0.71242 0.1778 0.71242 0.17672 0.71351 0.17565 0.71351 0.17457 0.7146 0.17888 0.71895 0.17888 0.72004 0.17996 0.72113 0.18103 0.72113 0.18427 0.7244 0.18427 0.72549 0.19397 0.73529 0.19504 0.73529 0.19612 0.73638 0.19612 0.73747 0.19935 0.74074 0.19935 0.74183 0.20259 0.7451 0.20366 0.7451 0.21013 0.75163 0.21121 0.75163 0.21228 0.75272 0.21228 0.75381 0.21444 0.75599 0.21444 0.75708 0.21552 0.75708 0.21659 0.75817 0.21767 0.75708 0.22091 0.75708 0.22198 0.75599 0.22522 0.75599 0.22629 0.7549 0.22845 0.7549 0.22953 0.75381 0.2306 0.7549 0.23276 0.7549 0.23384 0.75381 0.23815 0.75381 0.23922 0.75272 0.24246 0.75272 0.24353 0.75163 0.25 0.75163 0.25108 0.75054 0.25431 0.75054 0.25539 0.74946 0.25862 0.74946 0.2597 0.74837 0.26185 0.74837 0.26293 0.74946 0.26724 0.74946 0.26832 0.74837 0.27478 0.74837 0.27586 0.74728 0.27694 0.74728 0.27802 0.74837 0.28233 0.74837 0.28341 0.74728 0.29095 0.74728 0.29203 0.74619 0.2931 0.74619 0.29418 0.74728 0.29741 0.74728 0.29741 0.74619 0.29849 0.7451 0.29849 0.74401 0.30065 0.74183 0.30065 0.74074 0.30172 0.73965 0.3028 0.73965 0.3028 0.73856 0.30496 0.73638 0.30496 0.73529 0.30603 0.7342 0.30603 0.73312 0.30711 0.73203 0.30711 0.73094 0.31034 0.72767 0.31034 0.72658 0.31466 0.72222 0.31466 0.72113 0.31573 0.72004 0.31573 0.71895 0.31789 0.71678 0.31789 0.71569 0.31897 0.7146 0.31897 0.71351 0.32004 0.71242 0.32004 0.70915 0.32112 0.70806 0.32112 0.6939 0.3222 0.69281 0.3222 0.68845 0.32328 0.68736 0.32328 0.67756 0.32435 0.67647 0.32435 0.66885 0.32543 0.66776 0.32543 0.66231 0.32759 0.66013 0.32759 0.65686 0.32866 0.65577 0.32866 0.65359 0.32974 0.65251 0.33297 0.65251 0.33405 0.65142 0.33621 0.65142 0.33728 0.65033 0.33944 0.65033 0.34052 0.64924 0.34267 0.64924 0.34375 0.64815 0.34483 0.64924 0.34591 0.64924 0.34698 0.64815 0.35022 0.64815 0.35129 0.64706 0.35345 0.64706 0.35453 0.64597 0.35884 0.64597 0.35991 0.64488 0.36099 0.64597 0.36099 0.64488 0.36207 0.64379 0.36207 0.64161 0.36315 0.64052 0.36315 0.63834 0.36422 0.63725 0.36422 0.63508 0.3653 0.63399 0.3653 0.63072 0.36638 0.62963 0.36746 0.62963 0.36746 0.61983 0.36853 0.61874 0.36853 0.61547 0.36961 0.61438 0.36961 0.61111 0.37069 0.61002 0.37069 0.60893 0.37177 0.60784 0.37177 0.60675 0.37284 0.60566 0.37284 0.60349 0.37392 0.6024 0.37392 0.60131 0.375 0.60022 0.375 0.59913 0.37608 0.59804 0.37716 0.59804 0.37823 0.59695 0.37823 0.59586 0.38039 0.59368 0.38362 0.59368 0.3847 0.59259 0.38793 0.59259 0.38901 0.5915 0.39224 0.5915 0.39332 0.59041 0.3944 0.5915 0.39547 0.5915 0.39655 0.59041 0.39871 0.59041 0.39978 0.58932 0.40194 0.58932 0.40302 0.58824 0.40517 0.58824 0.40625 0.58715 0.40841 0.58715 0.40948 0.58606 0.41056 0.58715 0.41272 0.58497 0.41379 0.58497 0.41487 0.58388 0.41595 0.58388 0.42134 0.57843 0.42241 0.57843 0.42565 0.57516 0.42672 0.57516 0.42996 0.5719 0.42996 0.57081 0.43211 0.56863 0.43319 0.56863 0.43427 0.56754 0.43642 0.56754 0.4375 0.56645 0.44181 0.56645 0.44289 0.56754 0.44397 0.56645 0.44397 0.56536 0.44504 0.56427 0.44504 0.56318 0.44612 0.56209 0.44504 0.561 0.44289 0.561 0.44181 0.55991 0.44181 0.55882 0.43966 0.55882 0.43858 0.55773 0.43642 0.55773 0.43534 0.55664 0.43319 0.55664 0.43211 0.55556 0.42996 0.55556 0.42888 0.55447
0 0.55496 0.54357 0.55496 0.54575 0.5528 0.54793 0.5528 0.55011 0.55172 0.5512 0.55172 0.55556 0.5528 0.55664 0.55172 0.55773 0.5528 0.55882 0.5528 0.561 0.55388 0.56209 0.55496 0.56209 0.55603 0.561 0.55819 0.561 0.55927 0.55991 0.5625 0.55991 0.56358 0.55882 0.56466 0.55882 0.56681 0.55664 0.56681 0.55556 0.56789 0.55447 0.56789 0.55338 0.56897 0.55229 0.56897 0.55011 0.57004 0.54902 0.57004 0.54793 0.56897 0.54684 0.56897 0.54575 0.56681 0.54575 0.56573 0.54466 0.56466 0.54466 0.56358 0.54357
0 0.48491 0.51634 0.48384 0.51743 0.4806 0.51743 0.4806 0.51852 0.47953 0.51961 0.47953 0.5207 0.47737 0.52288 0.47737 0.53268 0.48276 0.53813 0.48599 0.53813 0.48707 0.53704 0.48815 0.53704 0.48922 0.53595 0.49353 0.53595 0.49461 0.53486 0.49569 0.53486 0.49569 0.5305 0.49677 0.52941 0.49677 0.52397 0.49784 0.52288 0.49784 0.5207 0.49677 0.51961 0.49569 0.51961 0.49461 0.51852 0.49353 0.51852 0.49246 0.51743 0.49138 0.51743 0.4903 0.51634
0 0.54741 0.49129 0.54741 0.49237 0.54634 0.49346 0.54634 0.49673 0.54526 0.49782 0.54526 0.50545 0.54634 0.50654 0.54634 0.50763 0.54741 0.50871 0.54741 0.5098 0.54849 0.5098 0.54957 0.50871 0.55065 0.50871 0.5528 0.50654 0.55496 0.50654 0.55711 0.50436 0.55711 0.50109 0.55819 0.5 0.55819 0.49564 0.55711 0.49564 0.55603 0.49455 0.55496 0.49455 0.55388 0.49346 0.55388 0.49237 0.54957 0.49237 0.54849 0.49129
0 0.36207 0.47603 0.36099 0.47712 0.3556 0.47712 0.35453 0.47821 0.34483 0.47821 0.34375 0.4793 0.34159 0.4793 0.34052 0.48039 0.33944 0.48039 0.33513 0.48475 0.33405 0.48366 0.3319 0.48584 0.33082 0.48584 0.32974 0.48693 0.32974 0.48911 0.32866 0.4902 0.32866 0.49237 0.32759 0.49346 0.32759 0.49564 0.32651 0.49673 0.32651 0.49891 0.32543 0.5 0.32543 0.50109 0.32328 0.50327 0.32328 0.50436 0.3222 0.50545 0.3222 0.50763 0.32112 0.50871 0.32112 0.51089 0.32004 0.51198 0.32004 0.51634 0.31897 0.51743 0.31897 0.51852 0.32004 0.51961 0.32004 0.52723 0.32112 0.52832 0.32112 0.53268 0.32004 0.53377 0.32004 0.53486 0.32112 0.53595 0.32112 0.54248 0.3222 0.54357 0.3222 0.54575 0.32328 0.54684 0.32328 0.54793 0.32435 0.54902 0.32435 0.55011 0.32543 0.5512 0.32543 0.55229 0.32866 0.55556 0.32866 0.55664 0.33082 0.55882 0.33082 0.55991 0.3319 0.561 0.3319 0.56209 0.33405 0.56427 0.33405 0.56645 0.33621 0.56863 0.33728 0.56863 0.33944 0.57081 0.34052 0.57081 0.34159 0.5719 0.34267 0.5719 0.34375 0.57298 0.34483 0.57298 0.34806 0.57625 0.34914 0.57625 0.35129 0.57843 0.35237 0.57843 0.35345 0.57952 0.35668 0.57952 0.35776 0.57843 0.35884 0.57843 0.36099 0.57625 0.36315 0.57625 0.36422 0.57516 0.3653 0.57516 0.36746 0.57298 0.36853 0.57298 0.37069 0.57081 0.37177 0.57081 0.37392 0.56863 0.375 0.56863 0.37716 0.56645 0.38039 0.56645 0.38254 0.56427 0.38362 0.56427 0.38578 0.56209 0.38685 0.56209 0.38901 0.55991 0.39009 0.55991 0.39332 0.55664 0.39332 0.55556 0.39547 0.55338 0.39547 0.55229 0.39655 0.5512 0.39763 0.5512 0.39763 0.55011 0.39871 0.54902 0.39871 0.54684 0.39978 0.54575 0.39978 0.54466 0.40086 0.54357 0.40086 0.54248 0.40194 0.54139 0.40194 0.54031 0.40302 0.53922 0.40302 0.53704 0.40409 0.53595 0.40517 0.53595 0.40517 0.53486 0.40625 0.53377 0.40625 0.5207 0.40733 0.51961 0.40733 0.51416 0.40625 0.51307 0.40625 0.50327 0.40409 0.50109 0.40409 0.5 0.39763 0.49346 0.39763 0.49237 0.39655 0.49129 0.39655 0.4902 0.3944 0.48802 0.3944 0.48693 0.39332 0.48584 0.39332 0.48475 0.39009 0.48148 0.38578 0.48148 0.3847 0.48039 0.38254 0.48039 0.38147 0.4793 0.37716 0.4793 0.37608 0.47821 0.36853 0.47821 0.36746 0.47712 0.36638 0.47712 0.3653 0.47603
0 0.24569 0.45861 0.24461 0.45969 0.24246 0.45969 0.24138 0.46078 0.23707 0.46078 0.23599 0.46187 0.23491 0.46187 0.23384 0.46296 0.23276 0.46296 0.23168 0.46405 0.2306 0.46405 0.22953 0.46514 0.22845 0.46514 0.22737 0.46623 0.22414 0.46623 0.22306 0.46732 0.22198 0.46732 0.22091 0.46841 0.21983 0.46841 0.21875 0.4695 0.21767 0.4695 0.21552 0.47168 0.21444 0.47168 0.21336 0.47277 0.21228 0.47277 0.21121 0.47386 0.21013 0.47386 0.20905 0.47495 0.2069 0.47495 0.20582 0.47603 0.20474 0.47603 0.20366 0.47712 0.20259 0.47712 0.20151 0.47821 0.20043 0.47821 0.19828 0.48039 0.19612 0.48039 0.19504 0.48148 0.1875 0.48148 0.18642 0.48257 0.18427 0.48257 0.18319 0.48366 0.18103 0.48366 0.17996 0.48475 0.1778 0.48475 0.17672 0.48584 0.17565 0.48475 0.17457 0.48475 0.17349 0.48584 0.17134 0.48584 0.17026 0.48693 0.16703 0.48693 0.16595 0.48802 0.16379 0.48802 0.16272 0.48911 0.16056 0.48911 0.15948 0.48802 0.14763 0.48802 0.14655 0.48911 0.14547 0.48911 0.1444 0.48802 0.12931 0.48802 0.12823 0.48693 0.11315 0.48693 0.11207 0.48584 0.10237 0.48584 0.10129 0.48693 0.10129 0.48802 0.09591 0.49346 0.09483 0.49346 0.09375 0.49455 0.09375 0.49564 0.09159 0.49782 0.09159 0.49891 0.08944 0.50109 0.08944 0.50763 0.08728 0.5098 0.08728 0.52505 0.08621 0.52614 0.08728 0.52723 0.08728 0.52941 0.08836 0.5305 0.08836 0.53268 0.08944 0.53377 0.08944 0.53486 0.09052 0.53595 0.09052 0.53813 0.09159 0.53922 0.09159 0.54031 0.09052 0.54139 0.09159 0.54248 0.09159 0.54357 0.09267 0.54466 0.09267 0.54684 0.09375 0.54793 0.09375 0.55011 0.09483 0.5512 0.09483 0.55447 0.09591 0.55556 0.09591 0.55664 0.09483 0.55773 0.09483 0.56318 0.09591 0.56427 0.09591 0.56972 0.09698 0.57081 0.09698 0.57298 0.09591 0.57407 0.09591 0.57734 0.09698 0.57843 0.09698 0.58388 0.09806 0.58497 0.09806 0.58715 0.09914 0.58824 0.09914 0.58932 0.09806 0.59041 0.09914 0.5915 0.09914 0.59368 0.10022 0.59477 0.10022 0.59695 0.10129 0.59804 0.10129 0.60022 0.10237 0.60131 0.10237 0.60349 0.10345 0.60458 0.10237 0.60566 0.10237 0.60675 0.10345 0.60784 0.10345 0.61002 0.10453 0.61111 0.10453 0.61329 0.1056 0.61438 0.1056 0.61656 0.10668 0.61765 0.10668 0.61874 0.10776 0.61983 0.10776 0.62309 0.10884 0.62418 0.10884 0.62527 0.10991 0.62636 0.10991 0.62745 0.11099 0.62854 0.11099 0.62963 0.11207 0.63072 0.11207 0.63181 0.11315 0.6329 0.11315 0.63399 0.11422 0.63508 0.11422 0.63617 0.1153 0.63725 0.1153 0.63943 0.12392 0.64815 0.12392 0.64924 0.12823 0.65359 0.12716 0.65468 0.13901 0.66667 0.13901 0.66776 0.14009 0.66885 0.14116 0.66885 0.14224 0.66993 0.14224 0.67102 0.15086 0.67974 0.15194 0.67974 0.15517 0.68301 0.15733 0.68301 0.15841 0.6841 0.16164 0.6841 0.16272 0.68519 0.16487 0.68519 0.16595 0.68627 0.1681 0.68627 0.17026 0.68845 0.17134 0.68845 0.17241 0.68954 0.17457 0.68954 0.17565 0.69063 0.1778 0.69063 0.17888 0.69172 0.18211 0.69172 0.18319 0.69063 0.18427 0.69063 0.18534 0.69172 0.18642 0.69172 0.1875 0.69063 0.19073 0.69063 0.19181 0.68954 0.19504 0.68954 0.19612 0.68845 0.20474 0.68845 0.20582 0.68736 0.20905 0.68736 0.21013 0.68627 0.21336 0.68627 0.21444 0.68519 0.21552 0.68519 0.21659 0.6841 0.21767 0.68519 0.21875 0.68519 0.21983 0.6841 0.22091 0.6841 0.22198 0.68301 0.22414 0.68301 0.22522 0.68192 0.22629 0.68192 0.22737 0.68083 0.22953 0.68083 0.2306 0.67974 0.23168 0.67974 0.23276 0.67865 0.23384 0.67974 0.23491 0.67974 0.23599 0.67865 0.23815 0.67865 0.23922 0.67756 0.2403 0.67756 0.24138 0.67647 0.24246 0.67647 0.24569 0.6732 0.24677 0.6732 0.24677 0.67211 0.24784 0.67102 0.24892 0.67102 0.25108 0.66885 0.25108 0.66776 0.25539 0.6634 0.25539 0.66231 0.26401 0.65359 0.26401 0.65251 0.26509 0.65142 0.26616 0.65142 0.26724 0.65033 0.26724 0.64924 0.27047 0.64597 0.27047 0.64488 0.27263 0.6427 0.27371 0.6427 0.27478 0.64161 0.27478 0.64052 0.27694 0.63834 0.27694 0.63725 0.28017 0.63399 0.28017 0.6329 0.28125 0.63181 0.28233 0.63181 0.28125 0.63072 0.28556 0.62636 0.28556 0.62527 0.28772 0.62309 0.28772 0.622 0.28879 0.62092 0.28879 0.6122 0.28987 0.61111 0.28987 0.59259 0.28879 0.5915 0.28879 0.58932 0.28772 0.58824 0.28772 0.58497 0.28664 0.58388 0.28664 0.57625 0.28556 0.57516 0.28556 0.5719 0.28448 0.57081 0.28448 0.56645 0.28341 0.56536 0.28341 0.56427 0.28448 0.56318 0.28448 0.56209 0.28341 0.561 0.28341 0.55773 0.28556 0.55556 0.28772 0.55556 0.28879 0.55447 0.29203 0.55447 0.2931 0.55338 0.29526 0.55338 0.29634 0.55229 0.29849 0.55229 0.29957 0.5512 0.30065 0.55229 0.30065 0.5512 0.30388 0.54793 0.30496 0.54793 0.30711 0.54575 0.30711 0.54466 0.31142 0.54031 0.31142 0.53922 0.3125 0.53813 0.3125 0.53377 0.31358 0.53268 0.31358 0.5305 0.3125 0.52941 0.3125 0.52288 0.31142 0.52179 0.31142 0.51525 0.31034 0.51416 0.31034 0.51307 0.30927 0.51198 0.30927 0.51089 0.30711 0.50871 0.30711 0.50763 0.30603 0.50654 0.30603 0.50545 0.30496 0.50436 0.30496 0.50327 0.3028 0.50109 0.30388 0.5 0.3028 0.49891 0.3028 0.49782 0.30172 0.49673 0.30172 0.49564 0.30065 0.49455 0.30065 0.49346 0.29957 0.49237 0.29634 0.49237 0.29526 0.49129 0.29095 0.49129 0.28987 0.4902 0.28664 0.4902 0.28448 0.48802 0.27909 0.48802 0.27802 0.48693 0.27478 0.48693 0.27371 0.48584 0.27155 0.48584 0.2694 0.48366 0.26616 0.48366 0.26509 0.48257 0.26078 0.48257 0.2597 0.48148 0.25862 0.48148 0.25754 0.48039 0.25754 0.4793 0.25539 0.47712 0.25539 0.47495 0.25323 0.47277 0.25323 0.47168 0.25216 0.47059 0.25216 0.4695 0.25 0.46732 0.25108 0.46623 0.24892 0.46405 0.24892 0.46296 0.24784 0.46187 0.24784 0.46078
0 0.55388 0.38344 0.5528 0.38453 0.54741 0.38453 0.54634 0.38562 0.5431 0.38562 0.54203 0.38453 0.54095 0.38453 0.53987 0.38562 0.53772 0.38562 0.53664 0.38671 0.53341 0.38671 0.53233 0.3878 0.52909 0.3878 0.52802 0.38889 0.52694 0.38889 0.52586 0.3878 0.52478 0.38889 0.52155 0.38889 0.52047 0.38998 0.51724 0.38998 0.51616 0.39107 0.51401 0.39107 0.51293 0.39216 0.51185 0.39216 0.51078 0.39107 0.5097 0.39107 0.50862 0.39216 0.50754 0.39216 0.50539 0.39434 0.50431 0.39434 0.50323 0.39542 0.50216 0.39542 0.50108 0.39651 0.5 0.39651 0.49892 0.3976 0.49784 0.3976 0.49677 0.39869 0.49353 0.39869 0.49138 0.40087 0.4903 0.40087 0.48815 0.40305 0.48707 0.40305 0.48491 0.40523 0.48384 0.40523 0.48168 0.40741 0.4806 0.40741 0.47953 0.4085 0.47737 0.4085 0.47522 0.41068 0.47414 0.41068 0.47306 0.41176 0.47198 0.41176 0.46983 0.41394 0.46875 0.41394 0.46659 0.41612 0.46552 0.41612 0.46336 0.4183 0.46228 0.4183 0.45797 0.42266 0.4569 0.42266 0.45259 0.42702 0.45151 0.42702 0.44612 0.43246 0.44612 0.43464 0.44504 0.43573 0.44504 0.43682 0.44397 0.43791 0.44397 0.439 0.44289 0.44009 0.44289 0.44118 0.44181 0.44227 0.44073 0.44227 0.44073 0.44444 0.43966 0.44553 0.43966 0.44662 0.43858 0.44771 0.43858 0.4488 0.4375 0.44989 0.4375 0.45098 0.43642 0.45207 0.43642 0.45316 0.43534 0.45425 0.43534 0.45643 0.43427 0.45752 0.43319 0.45752 0.43319 0.46078 0.43211 0.46187 0.43211 0.46514 0.43103 0.46623 0.43103 0.4695 0.42888 0.47168 0.42888 0.47277 0.42672 0.47495 0.42672 0.47603 0.42565 0.47712 0.42565 0.4793 0.42457 0.48039 0.42457 0.48257 0.42134 0.48584 0.42134 0.48693 0.41918 0.48911 0.4181 0.48911 0.41703 0.4902 0.41703 0.49129 0.41487 0.49346 0.41487 0.49455 0.41379 0.49564 0.41379 0.50436 0.41272 0.50545 0.41272 0.51307 0.41379 0.51416 0.41379 0.51525 0.41487 0.51634 0.41487 0.51743 0.41703 0.51961 0.41595 0.5207 0.4181 0.52288 0.4181 0.52397 0.42134 0.52723 0.42134 0.52832 0.42349 0.52832 0.42457 0.52941 0.42672 0.52941 0.4278 0.5305 0.42996 0.5305 0.43103 0.53159 0.43319 0.53159 0.43858 0.53704 0.43858 0.53813 0.44289 0.54248 0.44289 0.54357 0.44397 0.54466 0.44504 0.54466 0.44935 0.54902 0.44935 0.55882 0.45043 0.55991 0.45043 0.56318 0.45151 0.56427 0.45151 0.56972 0.45474 0.57298 0.45474 0.57407 0.4569 0.57625 0.4569 0.57734 0.45797 0.57843 0.45797 0.57952 0.46013 0.5817 0.46013 0.58279 0.46228 0.58497 0.46228 0.58606 0.46552 0.58932 0.46659 0.58932 0.46875 0.5915 0.46983 0.5915 0.47629 0.59804 0.47737 0.59804 0.47953 0.60022 0.4806 0.60022 0.48491 0.60458 0.48707 0.60458 0.48815 0.60566 0.49138 0.60566 0.49246 0.60675 0.50216 0.60675 0.50431 0.60893 0.51724 0.60893 0.51832 0.60784 0.5194 0.60784 0.52047 0.60893 0.52802 0.60893 0.52909 0.60784 0.53448 0.60784 0.53556 0.60893 0.53664 0.60893 0.53772 0.60784 0.54741 0.60784 0.54849 0.60675 0.55065 0.60675 0.55172 0.60784 0.55819 0.60784 0.55927 0.60675 0.56034 0.60675 0.56142 0.60566 0.56358 0.60566 0.56466 0.60458 0.57004 0.60458 0.57112 0.60349 0.5722 0.60349 0.57328 0.6024 0.57543 0.6024 0.57651 0.60131 0.57759 0.60131 0.57866 0.60022 0.57974 0.60022 0.58082 0.59913 0.5819 0.59913 0.58297 0.60022 0.58405 0.59913 0.58513 0.59913 0.58621 0.59804 0.58836 0.59804 0.58944 0.59695 0.59052 0.59695 0.59483 0.59259 0.59591 0.59259 0.59806 0.59041 0.60022 0.59041 0.60776 0.58279 0.60884 0.58279 0.61315 0.57843 0.61315 0.57734 0.6153 0.57516 0.61746 0.57516 0.62284 0.56972 0.62284 0.56863 0.62392 0.56754 0.62392 0.56536 0.625 0.56427 0.625 0.56209 0.62608 0.561 0.62608 0.55991 0.62716 0.55882 0.62823 0.55882 0.62823 0.55664 0.62931 0.55556 0.62931 0.55338 0.63039 0.55229 0.63039 0.55011 0.63147 0.54902 0.63147 0.54793 0.63254 0.54684 0.63254 0.54466 0.63362 0.54357 0.6347 0.54357 0.6347 0.54139 0.63578 0.54031 0.63578 0.53813 0.63685 0.53704 0.63685 0.53486 0.63793 0.53377 0.63793 0.53159 0.63901 0.5305 0.63901 0.52832 0.64009 0.52723 0.64009 0.52288 0.64116 0.52179 0.64116 0.51307 0.64224 0.51198 0.64332 0.51198 0.64332 0.49673 0.6444 0.49564 0.6444 0.48693 0.64332 0.48584 0.64332 0.48366 0.64224 0.48257 0.64224 0.48148 0.64332 0.48039 0.64332 0.4793 0.64224 0.47821 0.64224 0.47495 0.64116 0.47386 0.64116 0.47059 0.64009 0.4695 0.64009 0.46732 0.63901 0.46623 0.63901 0.46514 0.64009 0.46405 0.64009 0.46296 0.63901 0.46187 0.63901 0.45969 0.63793 0.45861 0.63793 0.45752 0.63685 0.45643 0.63685 0.45534 0.63578 0.45425 0.63578 0.45316 0.6347 0.45207 0.6347 0.44662 0.63362 0.44553 0.63362 0.44444 0.63147 0.44227 0.63147 0.44009 0.63039 0.439 0.63039 0.43791 0.62931 0.43682 0.62931 0.43573 0.62823 0.43464 0.62823 0.43355 0.62716 0.43246 0.62716 0.43028 0.62177 0.42484 0.62177 0.42375 0.61961 0.42157 0.61961 0.42048 0.61853 0.41939 0.61853 0.4183 0.61638 0.41612 0.61638 0.41394 0.61422 0.41176 0.6056 0.41176 0.60453 0.41068 0.60237 0.41068 0.60022 0.41285 0.60022 0.41394 0.59698 0.41721 0.59698 0.4183 0.59591 0.41939 0.59591 0.42048 0.59483 0.42157 0.59483 0.42266 0.59806 0.42593 0.59914 0.42593 0.60453 0.43137 0.60453 0.43355 0.61099 0.44009 0.61207 0.44009 0.61315 0.44118 0.61315 0.44227 0.61746 0.44662 0.61746 0.44771 0.61961 0.44989 0.61961 0.45207 0.61853 0.45316 0.61746 0.45316 0.61638 0.45207 0.61099 0.45207 0.60991 0.45098 0.60453 0.45098 0.60237 0.4488 0.59698 0.4488 0.59375 0.45207 0.59375 0.45425 0.59483 0.45425 0.60345 0.46296 0.60237 0.46405 0.60345 0.46514 0.60345 0.46841 0.60453 0.4695 0.60453 0.47168 0.6056 0.47277 0.6056 0.47603 0.60668 0.47712 0.60668 0.47821 0.6056 0.4793 0.60668 0.48039 0.60668 0.48148 0.60776 0.48257 0.61099 0.48257 0.61207 0.48366 0.61315 0.48366 0.61422 0.48257 0.61422 0.48039 0.6153 0.4793 0.6153 0.47821 0.61638 0.47712 0.61638 0.47168 0.61746 0.47059 0.61746 0.46841 0.61961 0.46623 0.61961 0.46405 0.62069 0.46296 0.62284 0.46514 0.62284 0.46841 0.62392 0.4695 0.62392 0.47603 0.625 0.47712 0.625 0.4793 0.62392 0.48039 0.62392 0.48475 0.625 0.48584 0.625 0.48911 0.62392 0.4902 0.62392 0.49129 0.62284 0.49237 0.62284 0.49455 0.62069 0.49673 0.62069 0.49782 0.61961 0.49891 0.61961 0.5 0.61853 0.50109 0.61853 0.50218 0.61746 0.50327 0.61746 0.50545 0.61638 0.50654 0.61638 0.50763 0.6153 0.50871 0.6153 0.51089 0.61422 0.51198 0.61315 0.51198 0.61315 0.51852 0.61207 0.51961 0.61207 0.52723 0.61099 0.52832 0.60991 0.52832 0.60991 0.53268 0.60884 0.53377 0.60884 0.53486 0.60776 0.53595 0.60776 0.53704 0.60668 0.53813 0.60668 0.53922 0.6056 0.54031 0.6056 0.54139 0.60345 0.54357 0.60237 0.54357 0.60237 0.54466 0.59914 0.54793 0.59914 0.54902 0.59806 0.55011 0.59806 0.5512 0.59698 0.55229 0.59698 0.55338 0.59591 0.55447 0.59591 0.55556 0.59267 0.55882 0.59159 0.55882 0.58836 0.56209 0.58836 0.56318 0.58513 0.56645 0.58405 0.56645 0.58297 0.56754 0.58297 0.56863 0.57543 0.57625 0.57435 0.57625 0.57328 0.57734 0.5722 0.57734 0.57004 0.57952 0.56897 0.57952 0.56789 0.58061 0.56681 0.58061 0.56573 0.5817 0.56466 0.5817 0.5625 0.58388 0.55711 0.58388 0.55603 0.58497 0.5528 0.58497 0.55172 0.58388 0.54634 0.58388 0.54526 0.58497 0.53664 0.58497 0.53556 0.58388 0.53448 0.58388 0.53341 0.58497 0.53125 0.58497 0.53017 0.58388 0.52694 0.58388 0.52586 0.58279 0.52155 0.58279 0.5194 0.58061 0.51724 0.58061 0.51616 0.57952 0.50862 0.57952 0.50754 0.57843 0.50539 0.57843 0.50431 0.57734 0.49892 0.57734 0.49784 0.57625 0.49569 0.57625 0.49461 0.57516 0.49353 0.57516 0.49138 0.57298 0.4903 0.57298 0.48922 0.5719 0.48922 0.57081 0.48707 0.56863 0.48599 0.56863 0.48384 0.56645 0.48276 0.56645 0.47737 0.561 0.47629 0.561 0.47306 0.55773 0.47306 0.55664 0.47091 0.55447 0.47091 0.55338 0.46875 0.5512 0.46767 0.5512 0.45797 0.54139 0.45797 0.54031 0.45582 0.53813 0.45582 0.53704 0.45474 0.53595 0.45474 0.53486 0.45366 0.53377 0.45366 0.53159 0.45259 0.5305 0.45259 0.52832 0.45151 0.52723 0.45151 0.52614 0.45043 0.52505 0.45043 0.52288 0.44935 0.52179 0.45043 0.5207 0.44935 0.51961 0.44935 0.51416 0.44828 0.51307 0.44828 0.50763 0.4472 0.50654 0.44828 0.50545 0.44828 0.50109 0.4472 0.5 0.4472 0.49455 0.44612 0.49346 0.44612 0.4902 0.4472 0.48911 0.4472 0.48475 0.44612 0.48366 0.44612 0.47603 0.44504 0.47495 0.4472 0.47277 0.4472 0.47059 0.44828 0.4695 0.44828 0.46623 0.44935 0.46514 0.44935 0.46187 0.45043 0.46078 0.45043 0.45861 0.45259 0.45643 0.45259 0.45316 0.45582 0.44989 0.45582 0.4488 0.45905 0.44553 0.45905 0.44444 0.46121 0.44227 0.46228 0.44227 0.47737 0.42702 0.47845 0.42702 0.47953 0.42593 0.4806 0.42593 0.48815 0.4183 0.48922 0.4183 0.48922 0.41721 0.4903 0.41612 0.49138 0.41612 0.49353 0.41394 0.49461 0.41394 0.49569 0.41285 0.49784 0.41285 0.49892 0.41176 0.50108 0.41176 0.50216 0.41068 0.50431 0.41068 0.50539 0.40959 0.50754 0.40959 0.50862 0.4085 0.51293 0.4085 0.51401 0.40741 0.51724 0.40741 0.51832 0.40632 0.52155 0.40632 0.52263 0.40523 0.52586 0.40523 0.52694 0.40632 0.53017 0.40632 0.53125 0.40523 0.54203 0.40523 0.5431 0.40632 0.54957 0.40632 0.55065 0.40523 0.55711 0.40523 0.55819 0.40632 0.56142 0.40632 0.5625 0.40523 0.56466 0.40523 0.56466 0.39869 0.56573 0.3976 0.56573 0.39542 0.56681 0.39434 0.56681 0.38998 0.56573 0.38889 0.56466 0.38889 0.56358 0.3878 0.5625 0.3878 0.56142 0.38671 0.56034 0.38671 0.55819 0.38453 0.55711 0.38453 0.55603 0.38344
0 0.57435 0.38017 0.57435 0.38126 0.57328 0.38235 0.57328 0.38671 0.5722 0.3878 0.5722 0.39107 0.57435 0.39325 0.57435 0.39434 0.57651 0.39651 0.57651 0.3976 0.57543 0.39869 0.57435 0.39869 0.57435 0.40087 0.57328 0.40196 0.57328 0.40523 0.5722 0.40632 0.5722 0.4085 0.57112 0.40959 0.57112 0.41176 0.57004 0.41285 0.57004 0.41394 0.56897 0.41503 0.56789 0.41503 0.56789 0.41721 0.56681 0.4183 0.56681 0.41939 0.56789 0.41939 0.57112 0.42266 0.5722 0.42266 0.57328 0.42375 0.57651 0.42375 0.57866 0.42593 0.57974 0.42593 0.5819 0.4281 0.58297 0.4281 0.58513 0.43028 0.58728 0.4281 0.58728 0.42702 0.58836 0.42593 0.58944 0.42593 0.58944 0.42375 0.59052 0.42266 0.59052 0.42157 0.59159 0.42048 0.59159 0.41939 0.59267 0.4183 0.59267 0.41612 0.59483 0.41394 0.59483 0.41176 0.59591 0.41068 0.59591 0.40959 0.59806 0.40741 0.59914 0.40741 0.60022 0.40632 0.60129 0.40632 0.60237 0.40523 0.60345 0.40523 0.60453 0.40414 0.6056 0.40414 0.61099 0.39869 0.61099 0.39651 0.60991 0.39651 0.60884 0.39542 0.60776 0.39542 0.6056 0.39325 0.6056 0.39216 0.60453 0.39216 0.60345 0.39107 0.60129 0.39107 0.60022 0.38998 0.59914 0.38998 0.59806 0.38889 0.59698 0.38889 0.59591 0.3878 0.59267 0.3878 0.59159 0.38671 0.59052 0.38671 0.58944 0.38562 0.58836 0.38562 0.58728 0.38453 0.58405 0.38453 0.58297 0.38344 0.57974 0.38344 0.57866 0.38235 0.57651 0.38235
0 0.1778 0.31373 0.17672 0.31481 0.17026 0.31481 0.16918 0.3159 0.16703 0.3159 0.16595 0.31481 0.16272 0.31481 0.16164 0.3159 0.15517 0.3159 0.15409 0.31699 0.14978 0.31699 0.14871 0.31808 0.14763 0.31808 0.14547 0.32026 0.1444 0.32026 0.14116 0.32353 0.14009 0.32353 0.1347 0.32898 0.13362 0.32789 0.12823 0.33333 0.12716 0.33333 0.125 0.33551 0.12392 0.33551 0.12069 0.33878 0.12069 0.33987 0.11961 0.34096 0.11961 0.34423 0.11853 0.34532 0.11853 0.34641 0.11746 0.34749 0.11746 0.34967 0.1153 0.35185 0.1153 0.35403 0.11422 0.35512 0.11422 0.3573 0.11315 0.35839 0.11315 0.36166 0.11207 0.36275 0.11207 0.36492 0.10991 0.3671 0.10991 0.36819 0.10884 0.36928 0.10884 0.37255 0.10776 0.37364 0.10776 0.37582 0.10668 0.37691 0.10668 0.38017 0.10453 0.38235 0.10453 0.38344 0.10345 0.38453 0.10345 0.38671 0.10237 0.3878 0.10237 0.39216 0.10129 0.39325 0.10129 0.39542 0.10022 0.39651 0.10022 0.3976 0.09914 0.39869 0.09914 0.40087 0.09806 0.40196 0.09806 0.40523 0.09698 0.40632 0.09698 0.41068 0.09591 0.41176 0.09591 0.41285 0.09483 0.41394 0.09483 0.41503 0.09375 0.41612 0.09375 0.42266 0.09483 0.42375 0.09483 0.42593 0.09591 0.42702 0.09591 0.4281 0.09698 0.42919 0.09591 0.43028 0.09591 0.43137 0.09698 0.43246 0.09698 0.43464 0.09806 0.43573 0.09806 0.43682 0.09914 0.43791 0.09914 0.44118 0.10022 0.44227 0.10022 0.44444 0.10129 0.44553 0.10022 0.44662 0.10129 0.44771 0.10129 0.44989 0.10237 0.45098 0.10237 0.45316 0.10345 0.45425 0.10345 0.45534 0.10453 0.45643 0.10453 0.45861 0.11315 0.45861 0.11422 0.45969 0.12931 0.45969 0.13039 0.46078 0.13254 0.46078 0.13362 0.45969 0.1444 0.45969 0.14547 0.46078 0.16487 0.46078 0.16595 0.45969 0.1681 0.45969 0.16918 0.45861 0.17026 0.45861 0.17134 0.45752 0.17457 0.45752 0.17565 0.45643 0.17672 0.45643 0.1778 0.45752 0.17888 0.45643 0.18103 0.45643 0.18211 0.45534 0.18427 0.45534 0.18534 0.45425 0.18642 0.45425 0.1875 0.45316 0.18966 0.45316 0.19073 0.45207 0.19289 0.45207 0.19397 0.45316 0.19504 0.45207 0.1972 0.45207 0.19828 0.45098 0.20043 0.45098 0.20151 0.44989 0.20366 0.44989 0.20474 0.4488 0.21121 0.4488 0.21228 0.44771 0.21444 0.44771 0.21552 0.44662 0.21875 0.44662 0.21983 0.44771 0.22414 0.44771 0.22629 0.44989 0.22953 0.44989 0.2306 0.45098 0.23491 0.45098 0.23599 0.45207 0.2403 0.45207 0.24246 0.45425 0.24784 0.45425 0.24892 0.45534 0.25323 0.45534 0.25431 0.45643 0.25539 0.45643 0.25647 0.45752 0.2597 0.45752 0.26078 0.45861 0.26616 0.45861 0.26724 0.45969 0.27155 0.45969 0.27371 0.46187 0.28017 0.46187 0.28125 0.46296 0.28664 0.46296 0.28879 0.46514 0.29526 0.46514 0.29634 0.46623 0.3028 0.46623 0.30496 0.46841 0.3125 0.46841 0.31358 0.46732 0.32328 0.46732 0.32435 0.46623 0.32759 0.46623 0.32866 0.46514 0.33297 0.46514 0.33405 0.46405 0.33513 0.46514 0.33728 0.46514 0.33836 0.46405 0.34914 0.46405 0.35022 0.46296 0.35129 0.46405 0.36638 0.46405 0.36746 0.46514 0.38147 0.46514 0.38254 0.46623 0.38578 0.46623 0.38685 0.46514 0.39547 0.46514 0.39655 0.46405 0.39763 0.46405 0.39871 0.46514 0.40302 0.46514 0.40409 0.46405 0.41164 0.46405 0.41272 0.46296 0.41379 0.46296 0.41487 0.46405 0.42026 0.46405 0.42134 0.46296 0.42241 0.46296 0.42134 0.46187 0.42134 0.45316 0.42026 0.45207 0.42026 0.4488 0.41918 0.44771 0.41703 0.44771 0.41595 0.44662 0.41487 0.44662 0.41379 0.44553 0.41272 0.44553 0.41164 0.44444 0.41056 0.44444 0.40733 0.44118 0.40841 0.44009 0.39871 0.43028 0.39871 0.4281 0.39547 0.42484 0.39547 0.42375 0.39116 0.41939 0.39009 0.42048 0.38578 0.42048 0.3847 0.42157 0.38362 0.42048 0.38147 0.42048 0.38039 0.42157 0.37716 0.42157 0.37608 0.42266 0.36853 0.42266 0.36746 0.42157 0.36422 0.42157 0.36315 0.42266 0.36099 0.42266 0.35991 0.42157 0.35776 0.42157 0.35668 0.42048 0.35453 0.42048 0.35345 0.41939 0.35237 0.41939 0.35022 0.41721 0.34806 0.41721 0.34698 0.41612 0.34483 0.41612 0.34375 0.41503 0.34159 0.41503 0.34052 0.41394 0.33836 0.41394 0.32651 0.40196 0.32543 0.40196 0.32112 0.3976 0.32112 0.39651 0.32004 0.39651 0.31466 0.39107 0.31358 0.39107 0.3125 0.38998 0.3125 0.38889 0.31034 0.38671 0.30927 0.38671 0.30496 0.38235 0.30496 0.38126 0.29741 0.37364 0.29741 0.37255 0.2931 0.36819 0.29203 0.36819 0.28987 0.36601 0.28987 0.36492 0.28233 0.3573 0.28233 0.35621 0.27586 0.35621 0.27478 0.35512 0.2597 0.35512 0.25862 0.35403 0.25754 0.35403 0.25647 0.35294 0.25 0.35294 0.24677 0.34967 0.24569 0.34967 0.24353 0.34749 0.24353 0.34641 0.23599 0.33878 0.23599 0.33769 0.23491 0.3366 0.23384 0.3366 0.22845 0.33115 0.22845 0.33007 0.22198 0.32353 0.22091 0.32353 0.21983 0.32244 0.21875 0.32244 0.21767 0.32135 0.21444 0.32135 0.21336 0.32026 0.21336 0.31917 0.20905 0.31917 0.20797 0.31808 0.20474 0.31808 0.20366 0.31699 0.20043 0.31699 0.19935 0.3159 0.19828 0.3159 0.1972 0.31481 0.19504 0.31481 0.19397 0.31373 0.18642 0.31373 0.18534 0.31481 0.18211 0.31481 0.18103 0.31373
