0 0.56466 0.59041 0.56358 0.5915 0.5625 0.5915 0.5625 0.59259 0.56142 0.59368 0.56034 0.59368 0.55927 0.59477 0.55819 0.59477 0.55711 0.59586 0.55711 0.59695 0.55603 0.59804 0.55496 0.59804 0.55388 0.59913 0.5528 0.59913 0.5528 0.60022 0.55172 0.60131 0.55065 0.60131 0.55065 0.60566 0.55172 0.60675 0.55172 0.61111 0.5528 0.6122 0.5528 0.61547 0.55711 0.61547 0.55819 0.61656 0.55927 0.61656 0.56034 0.61547 0.56142 0.61656 0.5625 0.61656 0.56358 0.61765 0.56466 0.61656 0.56573 0.61765 0.56789 0.61765 0.56897 0.61874 0.57004 0.61765 0.57112 0.61874 0.57328 0.61656 0.57328 0.61329 0.57435 0.6122 0.57435 0.61111 0.57651 0.60893 0.57543 0.60784 0.57759 0.60566 0.57759 0.60458 0.57866 0.60349 0.57759 0.6024 0.57759 0.60131 0.57651 0.60131 0.57004 0.59477 0.56897 0.59477 0.56789 0.59368 0.56789 0.59259 0.56573 0.59041
0 0.23276 0.57081 0.23168 0.5719 0.22845 0.5719 0.22845 0.57298 0.22737 0.57407 0.22306 0.57407 0.22198 0.57516 0.21875 0.57516 0.21875 0.57625 0.21767 0.57734 0.21336 0.57734 0.21228 0.57843 0.20905 0.57843 0.20905 0.57952 0.20797 0.58061 0.20366 0.58061 0.20259 0.5817 0.19935 0.5817 0.19935 0.58279 0.19828 0.58388 0.19504 0.58388 0.19397 0.58497 0.19181 0.58497 0.19073 0.58606 0.18966 0.58606 0.18966 0.58715 0.18858 0.58824 0.1875 0.58824 0.18642 0.58932 0.18534 0.58932 0.18534 0.59041 0.18427 0.5915 0.18319 0.5915 0.18211 0.59259 0.18103 0.59259 0.18103 0.59368 0.17996 0.59477 0.17888 0.59477 0.1778 0.59586 0.17672 0.59586 0.17672 0.59695 0.17565 0.59804 0.17349 0.59804 0.16918 0.6024 0.16703 0.6024 0.16703 0.60349 0.16487 0.60566 0.16379 0.60566 0.16164 0.60784 0.16056 0.60784 0.15948 0.60893 0.15841 0.60893 0.15733 0.61002 0.15733 0.61111 0.15625 0.6122 0.15409 0.6122 0.15086 0.61547 0.14978 0.61547 0.14655 0.61874 0.14547 0.61874 0.1444 0.61983 0.1444 0.62092 0.13901 0.62636 0.13901 0.62745 0.13685 0.62963 0.13578 0.62963 0.13578 0.63072 0.1347 0.63181 0.1347 0.6329 0.13362 0.63399 0.13254 0.63399 0.13039 0.63617 0.13039 0.63834 0.12931 0.63943 0.12823 0.63943 0.12608 0.64161 0.12608 0.6427 0.125 0.64379 0.12392 0.64379 0.12392 0.64488 0.11961 0.64924 0.11961 0.65033 0.11853 0.65142 0.11746 0.65142 0.11746 0.65251 0.11638 0.65359 0.11638 0.65468 0.11746 0.65577 0.11746 0.65904 0.11853 0.65904 0.11961 0.66013 0.11961 0.6634 0.12069 0.6634 0.12177 0.66449 0.12177 0.66885 0.12392 0.67102 0.12392 0.6732 0.125 0.67429 0.125 0.67538 0.12608 0.67647 0.12608 0.67865 0.12716 0.67974 0.12716 0.68192 0.12931 0.6841 0.12931 0.68736 0.13039 0.68736 0.13147 0.68845 0.13147 0.69281 0.13254 0.69281 0.13362 0.6939 0.13362 0.69717 0.1347 0.69826 0.1347 0.69935 0.13578 0.70044 0.13578 0.70261 0.13685 0.7037 0.13685 0.70479 0.13793 0.70588 0.13793 0.70697 0.13901 0.70697 0.14009 0.70806 0.14009 0.71024 0.14332 0.71351 0.14332 0.7146 0.14655 0.71786 0.14655 0.71895 0.14763 0.72004 0.14763 0.72113 0.14978 0.72331 0.14978 0.7244 0.15302 0.72767 0.15302 0.72876 0.15733 0.73312 0.15733 0.73529 0.15841 0.73529 0.15948 0.73638 0.15948 0.73747 0.16056 0.73856 0.16056 0.73965 0.16164 0.73965 0.16379 0.74183 0.16379 0.74401 0.16487 0.74401 0.16595 0.7451 0.16595 0.74619 0.16703 0.74728 0.16703 0.74837 0.1681 0.74837 0.17026 0.75054 0.17026 0.75272 0.17457 0.75708 0.17457 0.75817 0.17565 0.75817 0.17672 0.75926 0.17672 0.76144 0.18103 0.7658 0.18103 0.76688 0.18211 0.76688 0.18319 0.76797 0.18319 0.76906 0.18427 0.77015 0.18427 0.77124 0.18534 0.77124 0.1875 0.77342 0.1875 0.77451 0.18858 0.7756 0.18858 0.77669 0.18966 0.77669 0.19289 0.77996 0.19289 0.78105 0.19397 0.78105 0.19504 0.78214 0.19504 0.78322 0.19612 0.78431 0.19612 0.7854 0.1972 0.7854 0.19935 0.78758 0.19935 0.78867 0.20366 0.79303 0.20366 0.79412 0.20474 0.79412 0.2069 0.7963 0.2069 0.79739 0.20905 0.79956 0.21013 0.79956 0.21228 0.80174 0.21336 0.80065 0.21552 0.80283 0.21659 0.80283 0.21767 0.80392 0.21875 0.80392 0.22198 0.80719 0.22414 0.80719 0.22522 0.80828 0.22629 0.80828 0.22845 0.81046 0.22953 0.81046 0.2306 0.81155 0.23168 0.81155 0.23384 0.81373 0.23491 0.81373 0.23599 0.81481 0.23707 0.81481 0.23815 0.8159 0.2403 0.81373 0.24246 0.81373 0.24461 0.81155 0.24677 0.81155 0.25 0.80828 0.25216 0.80828 0.25216 0.80719 0.25323 0.8061 0.25539 0.8061 0.25647 0.80501 0.25754 0.80501 0.25754 0.80392 0.25862 0.80283 0.26185 0.80283 0.26185 0.80174 0.26401 0.79956 0.26509 0.79956 0.26616 0.79847 0.26616 0.79739 0.26832 0.79521 0.2694 0.79521 0.27155 0.79303 0.27155 0.79194 0.27263 0.79085 0.27371 0.79085 0.27478 0.78976 0.27586 0.78976 0.27586 0.78867 0.27694 0.78758 0.27802 0.78758 0.27802 0.78649 0.27909 0.7854 0.28017 0.7854 0.28017 0.78431 0.28125 0.78322 0.28233 0.78322 0.28448 0.78105 0.28448 0.77996 0.28556 0.77887 0.28664 0.77887 0.28879 0.77669 0.28879 0.7756 0.28987 0.77451 0.29095 0.77451 0.29526 0.77015 0.29634 0.77015 0.29741 0.76906 0.29741 0.76797 0.29957 0.7658 0.30065 0.7658 0.30172 0.76471 0.3028 0.76471 0.30172 0.76362 0.30388 0.76144 0.30496 0.76144 0.30711 0.75926 0.30711 0.75708 0.31034 0.75381 0.31034 0.75163 0.31358 0.74837 0.31358 0.74728 0.31466 0.74619 0.31466 0.7451 0.31681 0.74292 0.31681 0.74183 0.31789 0.74074 0.31789 0.73965 0.31897 0.73856 0.31897 0.73638 0.32328 0.73203 0.32328 0.72985 0.32435 0.72876 0.32543 0.72876 0.32651 0.72767 0.32759 0.72767 0.32759 0.72658 0.32974 0.7244 0.33082 0.7244 0.3319 0.72331 0.33297 0.72331 0.33297 0.72222 0.33405 0.72113 0.33513 0.72113 0.33944 0.71678 0.34052 0.71678 0.34159 0.71569 0.34159 0.7146 0.34267 0.71351 0.34375 0.71351 0.34483 0.71242 0.34591 0.71242 0.34591 0.71133 0.34698 0.71024 0.34806 0.71024 0.34914 0.70915 0.35022 0.70915 0.35022 0.70806 0.35237 0.70588 0.35345 0.70588 0.35453 0.70479 0.3556 0.70479 0.3556 0.69935 0.35453 0.69826 0.35453 0.6939 0.35345 0.69281 0.35345 0.69172 0.35453 0.69063 0.35453 0.68845 0.35345 0.68736 0.35345 0.6841 0.35237 0.68301 0.35237 0.67865 0.35129 0.67756 0.35237 0.67647 0.35237 0.67429 0.35129 0.6732 0.35129 0.67102 0.35237 0.66993 0.35237 0.66885 0.35129 0.66776 0.35129 0.66558 0.35237 0.66449 0.35129 0.6634 0.35129 0.65468 0.35022 0.65359 0.35129 0.65251 0.35129 0.64924 0.35022 0.64815 0.35129 0.64706 0.35129 0.64379 0.35022 0.6427 0.35129 0.64161 0.35129 0.63943 0.35022 0.63834 0.35022 0.63725 0.35129 0.63617 0.35129 0.63399 0.35022 0.6329 0.35022 0.63181 0.35129 0.63072 0.35129 0.62963 0.35022 0.62963 0.34914 0.62854 0.34914 0.62745 0.34698 0.62527 0.34591 0.62527 0.34375 0.62309 0.34375 0.622 0.34159 0.61983 0.34052 0.61983 0.33836 0.61765 0.33836 0.61656 0.33728 0.61547 0.33513 0.61547 0.33405 0.61438 0.33405 0.61329 0.33082 0.61002 0.32974 0.61002 0.32866 0.60893 0.32866 0.60784 0.32759 0.60675 0.32651 0.60675 0.32543 0.60566 0.32543 0.60458 0.32435 0.60458 0.32328 0.60349 0.32328 0.6024 0.3222 0.6024 0.31466 0.59477 0.31466 0.59368 0.3125 0.59368 0.31142 0.59259 0.31142 0.5915 0.30927 0.58932 0.30927 0.58824 0.30819 0.58932 0.30603 0.58715 0.30603 0.58606 0.30388 0.58388 0.3028 0.58388 0.30065 0.5817 0.30065 0.58061 0.29957 0.57952 0.29849 0.57952 0.29741 0.57843 0.29741 0.57734 0.29526 0.57516 0.2931 0.57516 0.29203 0.57625 0.29095 0.57625 0.28987 0.57734 0.28772 0.57734 0.28664 0.57843 0.28341 0.57843 0.28233 0.57952 0.28125 0.57952 0.28017 0.58061 0.27802 0.58061 0.27694 0.5817 0.27371 0.5817 0.27371 0.58279 0.27263 0.58388 0.2694 0.58388 0.26832 0.58497 0.26616 0.58497 0.26509 0.58388 0.26293 0.58388 0.26185 0.58279 0.26078 0.58279 0.25862 0.58061 0.25647 0.58061 0.25539 0.57952 0.25431 0.57952 0.25323 0.57843 0.25108 0.57843 0.24784 0.57516 0.24677 0.57625 0.24569 0.57625 0.24353 0.57407 0.24246 0.57516 0.23922 0.5719 0.23599 0.5719 0.23491 0.57081
0 0.50862 0.55229 0.50754 0.55338 0.50539 0.55338 0.50431 0.55447 0.50323 0.55447 0.50216 0.55556 0.50108 0.55556 0.5 0.55664 0.49892 0.55664 0.49677 0.55882 0.49461 0.55882 0.49353 0.55991 0.49353 0.56209 0.49461 0.56318 0.49461 0.5719 0.49569 0.57298 0.49569 0.57734 0.5 0.5817 0.50216 0.5817 0.50539 0.58497 0.50647 0.58497 0.50754 0.58606 0.51078 0.58606 0.5097 0.58497 0.51078 0.58388 0.51078 0.58279 0.51185 0.5817 0.51078 0.58061 0.51293 0.57843 0.51293 0.57734 0.51401 0.57625 0.51401 0.57298 0.51616 0.57081 0.51616 0.56863 0.51832 0.56645 0.51832 0.56318 0.5194 0.56209 0.5194 0.561 0.52047 0.55991 0.52047 0.55773 0.52263 0.55556 0.52155 0.55447 0.5194 0.55447 0.51832 0.55338 0.51724 0.55447 0.51616 0.55338 0.51401 0.55338 0.51293 0.55229 0.51185 0.55338 0.51078 0.55229
0 0.63147 0.54684 0.63039 0.54793 0.62716 0.54793 0.62608 0.54902 0.625 0.54902 0.625 0.5512 0.62392 0.55229 0.625 0.55338 0.625 0.55556 0.62392 0.55664 0.62392 0.55773 0.625 0.55882 0.625 0.55991 0.62392 0.561 0.62392 0.56318 0.625 0.56427 0.62608 0.56427 0.62716 0.56536 0.62823 0.56427 0.62931 0.56536 0.63039 0.56536 0.63147 0.56645 0.63254 0.56645 0.63362 0.56536 0.6347 0.56645 0.63685 0.56645 0.63793 0.56754 0.63901 0.56645 0.63901 0.56536 0.64009 0.56427 0.64009 0.56318 0.64116 0.56209 0.64009 0.561 0.64116 0.55991 0.64116 0.55882 0.64224 0.55773 0.64224 0.55447 0.64332 0.55338 0.64332 0.5512 0.64224 0.5512 0.64116 0.55229 0.63901 0.55011 0.63793 0.55011 0.63685 0.54902 0.6347 0.54902 0.63362 0.54793 0.63254 0.54793
0 0.38685 0.50109 0.38578 0.50218 0.38578 0.50327 0.3847 0.50436 0.3847 0.50654 0.38147 0.5098 0.38147 0.51089 0.38039 0.51198 0.38039 0.51416 0.37931 0.51525 0.37931 0.51634 0.37608 0.51961 0.37608 0.52179 0.37177 0.52614 0.37177 0.52832 0.36961 0.5305 0.36961 0.53159 0.36746 0.53377 0.36746 0.53486 0.36638 0.53595 0.36638 0.53704 0.36315 0.54031 0.36315 0.54357 0.35991 0.54684 0.35991 0.54793 0.35884 0.54902 0.35884 0.55011 0.35668 0.55229 0.35776 0.55338 0.35776 0.55664 0.35668 0.55773 0.35776 0.55882 0.35776 0.561 0.35668 0.56209 0.35776 0.56318 0.35776 0.56645 0.35668 0.56754 0.35776 0.56863 0.35776 0.58715 0.35884 0.58824 0.35884 0.58932 0.35776 0.59041 0.35776 0.59259 0.35884 0.59368 0.35884 0.59477 0.35776 0.59586 0.35776 0.59695 0.35884 0.59804 0.35884 0.60022 0.35776 0.60131 0.35776 0.6024 0.35884 0.60349 0.35884 0.60675 0.35991 0.60675 0.36099 0.60784 0.36099 0.60893 0.36207 0.61002 0.36207 0.6122 0.36315 0.6122 0.36422 0.61329 0.36422 0.61547 0.36746 0.61874 0.36746 0.61983 0.36961 0.622 0.36961 0.62309 0.37069 0.62418 0.37069 0.62636 0.37177 0.62636 0.37284 0.62527 0.37716 0.62963 0.37823 0.62854 0.37931 0.62963 0.38039 0.62963 0.38254 0.63181 0.3847 0.63181 0.38685 0.63399 0.39009 0.63399 0.39224 0.63617 0.39332 0.63617 0.3944 0.63725 0.39547 0.63725 0.39655 0.63834 0.39871 0.63834 0.39978 0.63943 0.40086 0.63943 0.40302 0.64161 0.40517 0.64161 0.40625 0.6427 0.40733 0.6427 0.40841 0.64379 0.40948 0.64379 0.41056 0.64488 0.41164 0.64488 0.41272 0.64597 0.41487 0.64597 0.41595 0.64706 0.41703 0.64706 0.4181 0.64815 0.42026 0.64597 0.42134 0.64597 0.42349 0.64379 0.42349 0.6427 0.42457 0.64161 0.42565 0.64161 0.4278 0.63943 0.4278 0.63834 0.42888 0.63725 0.42996 0.63725 0.43211 0.63508 0.43211 0.63399 0.43427 0.63181 0.43534 0.63181 0.4375 0.62963 0.4375 0.62854 0.43858 0.62745 0.43966 0.62745 0.44504 0.622 0.44504 0.62092 0.44612 0.61983 0.4472 0.61983 0.44828 0.61874 0.44935 0.61874 0.44935 0.61656 0.45043 0.61547 0.45151 0.61547 0.45366 0.61329 0.45474 0.61329 0.45474 0.6122 0.45797 0.60893 0.45905 0.60893 0.45905 0.60784 0.46013 0.60675 0.45905 0.60675 0.45797 0.60566 0.45797 0.60458 0.4569 0.60349 0.4569 0.6024 0.45582 0.6024 0.45474 0.60131 0.45474 0.60022 0.45366 0.59913 0.45366 0.59804 0.45259 0.59804 0.45043 0.59586 0.45043 0.59477 0.44828 0.59259 0.4472 0.59259 0.44612 0.5915 0.44612 0.59041 0.44504 0.58932 0.44504 0.58824 0.44397 0.58824 0.44289 0.58715 0.44289 0.58606 0.44181 0.58497 0.44181 0.58388 0.44073 0.58388 0.43858 0.5817 0.43858 0.58061 0.43534 0.57734 0.43534 0.57625 0.43319 0.57407 0.43319 0.56972 0.43103 0.56754 0.43103 0.56536 0.42996 0.56427 0.42996 0.55991 0.42888 0.55991 0.4278 0.55882 0.4278 0.55556 0.42672 0.55447 0.42672 0.55338 0.42565 0.55229 0.42565 0.5512 0.42457 0.55011 0.42457 0.54575 0.42241 0.54357 0.42241 0.54139 0.42134 0.54139 0.42026 0.54031 0.42026 0.53813 0.41918 0.53704 0.41918 0.53595 0.4181 0.53486 0.4181 0.53377 0.41703 0.53268 0.41703 0.53159 0.41595 0.53159 0.41487 0.5305 0.41487 0.52832 0.41272 0.52614 0.41272 0.52505 0.41164 0.52397 0.41164 0.52179 0.41056 0.52179 0.40948 0.5207 0.40948 0.51961 0.40841 0.51852 0.40841 0.51743 0.40625 0.51525 0.40625 0.51307 0.40517 0.51307 0.40409 0.51198 0.40409 0.5098 0.40302 0.5098 0.40194 0.50871 0.40086 0.50871 0.39871 0.50654 0.39763 0.50654 0.39655 0.50545 0.39547 0.50545 0.3944 0.50436 0.39224 0.50436 0.38901 0.50109 0.38793 0.50218
0 0.33728 0.47712 0.33405 0.48039 0.33297 0.48039 0.3319 0.48148 0.3319 0.48257 0.33082 0.48366 0.32974 0.48366 0.32866 0.48475 0.32759 0.48475 0.32759 0.48693 0.32651 0.48802 0.32543 0.48802 0.32435 0.48911 0.32328 0.48911 0.32328 0.4902 0.31681 0.49673 0.31681 0.49782 0.3125 0.50218 0.3125 0.50327 0.31142 0.50436 0.31034 0.50436 0.31034 0.50545 0.30711 0.50871 0.3028 0.50871 0.30172 0.50763 0.29957 0.50763 0.29849 0.50654 0.29741 0.50654 0.29634 0.50545 0.2931 0.50545 0.29203 0.50436 0.29095 0.50436 0.28987 0.50327 0.28879 0.50327 0.28448 0.49891 0.28341 0.49891 0.28233 0.49782 0.28233 0.49673 0.28125 0.49673 0.28017 0.49564 0.27909 0.49564 0.27802 0.49673 0.27478 0.49673 0.27478 0.49782 0.27371 0.49891 0.27047 0.49891 0.26832 0.50109 0.26616 0.50109 0.26401 0.50327 0.26078 0.50327 0.26078 0.50436 0.2597 0.50545 0.25754 0.50545 0.25647 0.50654 0.25539 0.50654 0.25431 0.50763 0.25323 0.50763 0.25216 0.50871 0.25108 0.50871 0.25 0.5098 0.24569 0.5098 0.24461 0.51089 0.24138 0.51089 0.2403 0.51198 0.23815 0.51198 0.23707 0.51089 0.23599 0.51089 0.23491 0.51198 0.23168 0.51198 0.2306 0.51307 0.22629 0.51307 0.22522 0.51416 0.22306 0.51416 0.22198 0.51307 0.21875 0.51307 0.21659 0.51089 0.21552 0.51198 0.21336 0.5098 0.21013 0.5098 0.20905 0.50871 0.20797 0.50871 0.2069 0.50763 0.20474 0.50763 0.20366 0.50654 0.20259 0.50654 0.20151 0.50545 0.19828 0.50545 0.19612 0.50327 0.19504 0.50436 0.19289 0.50218 0.18966 0.50218 0.18858 0.50109 0.1875 0.50109 0.18642 0.5 0.18427 0.5 0.18319 0.49891 0.18211 0.49891 0.18103 0.49782 0.17888 0.49782 0.1778 0.49673 0.17672 0.49673 0.17457 0.49455 0.17349 0.49564 0.17134 0.49346 0.17026 0.49346 0.16918 0.49455 0.16703 0.49237 0.16595 0.49237 0.16487 0.49129 0.16272 0.49129 0.16164 0.4902 0.16056 0.4902 0.15948 0.48911 0.15841 0.4902 0.15625 0.48802 0.15517 0.48802 0.15409 0.48693 0.15302 0.48802 0.15194 0.48693 0.15086 0.48693 0.14978 0.48584 0.14871 0.48584 0.14763 0.48693 0.14655 0.48584 0.14547 0.48584 0.1444 0.48475 0.14332 0.48584 0.14224 0.48584 0.14116 0.48475 0.14009 0.48475 0.13901 0.48366 0.13793 0.48475 0.13685 0.48366 0.1347 0.48366 0.13362 0.48257 0.13254 0.48366 0.13147 0.48366 0.13039 0.48257 0.12931 0.48257 0.12823 0.48366 0.12716 0.48257 0.125 0.48257 0.12177 0.48584 0.12069 0.48584 0.11853 0.48802 0.11746 0.48802 0.11638 0.48911 0.1153 0.48911 0.1153 0.4902 0.11422 0.49129 0.11207 0.49129 0.11099 0.49237 0.10991 0.49237 0.10776 0.49455 0.1056 0.49455 0.1056 0.49564 0.10453 0.49673 0.10345 0.49673 0.10129 0.49891 0.10129 0.5 0.10022 0.50109 0.10022 0.50218 0.09698 0.50545 0.09698 0.50763 0.09591 0.50871 0.09591 0.5098 0.09375 0.51198 0.09375 0.51307 0.09267 0.51416 0.09267 0.51525 0.09159 0.51634 0.09159 0.51743 0.09052 0.51852 0.09052 0.52179 0.09159 0.52288 0.09159 0.52723 0.09267 0.52832 0.09267 0.53159 0.09375 0.53268 0.09375 0.53704 0.09483 0.53813 0.09483 0.54139 0.09591 0.54248 0.09591 0.54466 0.09483 0.54575 0.09483 0.54684 0.09591 0.54793 0.09591 0.5512 0.09698 0.5512 0.09806 0.55229 0.09806 0.55338 0.09914 0.55447 0.09914 0.55556 0.10022 0.55556 0.10129 0.55664 0.10129 0.55773 0.10345 0.55991 0.10345 0.561 0.1056 0.56318 0.1056 0.56427 0.10991 0.56863 0.10991 0.56972 0.11207 0.5719 0.11207 0.57298 0.11315 0.57407 0.11422 0.57407 0.1153 0.57516 0.11638 0.57516 0.11746 0.57625 0.11853 0.57625 0.11961 0.57516 0.12284 0.57516 0.12392 0.57407 0.12823 0.57407 0.12931 0.57298 0.13254 0.57298 0.13362 0.5719 0.13793 0.5719 0.13901 0.57081 0.14224 0.57081 0.14332 0.56972 0.14763 0.56972 0.14871 0.56863 0.15194 0.56863 0.15302 0.56754 0.15409 0.56863 0.16164 0.56863 0.16272 0.56754 0.16379 0.56863 0.18427 0.56863 0.18534 0.56754 0.18534 0.56536 0.18642 0.56427 0.18642 0.55991 0.1875 0.55882 0.1875 0.55773 0.18858 0.55664 0.18858 0.55447 0.18966 0.55338 0.18966 0.54902 0.19073 0.54793 0.19073 0.54466 0.19289 0.54248 0.19397 0.54248 0.19504 0.54139 0.19828 0.54139 0.19935 0.54031 0.20366 0.54031 0.20582 0.53813 0.20797 0.53813 0.20905 0.53704 0.21336 0.53704 0.21444 0.53595 0.21767 0.53595 0.21767 0.53486 0.21875 0.53377 0.22306 0.53377 0.22414 0.53268 0.22522 0.53377 0.22737 0.53377 0.22845 0.53268 0.22953 0.53268 0.2306 0.53377 0.23276 0.53377 0.23384 0.53268 0.23599 0.53268 0.23707 0.53377 0.23815 0.53268 0.24138 0.53268 0.24246 0.53377 0.24353 0.53268 0.25216 0.53268 0.25323 0.53159 0.25431 0.53159 0.25539 0.53268 0.25647 0.53268 0.25862 0.5305 0.26185 0.5305 0.26185 0.52941 0.26293 0.52832 0.26616 0.52832 0.26616 0.52723 0.26724 0.52614 0.2694 0.52614 0.27047 0.52505 0.27155 0.52505 0.27263 0.52397 0.27371 0.52397 0.27478 0.52288 0.27586 0.52397 0.27694 0.52288 0.27802 0.52397 0.28017 0.52397 0.28125 0.52505 0.28233 0.52397 0.28341 0.52505 0.28879 0.52505 0.28987 0.52614 0.29418 0.52614 0.29526 0.52723 0.29741 0.52723 0.29849 0.52832 0.29957 0.52832 0.30172 0.5305 0.3028 0.5305 0.30496 0.53268 0.31142 0.53268 0.3125 0.53159 0.31573 0.53159 0.31789 0.52941 0.32112 0.52941 0.3222 0.52832 0.32543 0.52832 0.32651 0.52723 0.32543 0.52614 0.32866 0.52288 0.32974 0.52288 0.33082 0.52179 0.33082 0.51961 0.33405 0.51634 0.33513 0.51634 0.33513 0.51416 0.33836 0.51089 0.33944 0.51089 0.33944 0.5098 0.34052 0.50871 0.34698 0.50871 0.34806 0.5098 0.34914 0.5098 0.35022 0.50871 0.35129 0.5098 0.35345 0.5098 0.35453 0.51089 0.3556 0.5098 0.35668 0.5098 0.35776 0.51089 0.35884 0.51089 0.35991 0.5098 0.36099 0.51089 0.36315 0.51089 0.36422 0.51198 0.3653 0.51089 0.3653 0.50871 0.36315 0.50654 0.36315 0.50436 0.36099 0.50218 0.36099 0.5 0.35991 0.49891 0.35991 0.49782 0.35884 0.49673 0.35884 0.49455 0.35668 0.49237 0.35668 0.49129 0.3556 0.4902 0.3556 0.48802 0.35453 0.48693 0.35453 0.48584 0.35237 0.48366 0.35129 0.48475 0.35022 0.48366 0.34914 0.48366 0.34698 0.48148 0.34591 0.48148 0.34375 0.4793 0.34052 0.4793 0.33836 0.47712
0 0.57974 0.46623 0.57866 0.46732 0.57866 0.46841 0.57759 0.4695 0.57651 0.4695 0.57435 0.47168 0.57328 0.47168 0.57328 0.47386 0.5722 0.47495 0.57112 0.47495 0.57004 0.47603 0.57112 0.47712 0.57112 0.47821 0.5722 0.4793 0.5722 0.48039 0.57328 0.48148 0.57328 0.48366 0.57435 0.48366 0.57543 0.48475 0.57543 0.48584 0.57651 0.48693 0.57651 0.48802 0.57759 0.48911 0.57759 0.4902 0.57866 0.49129 0.57866 0.49237 0.58082 0.49455 0.58082 0.49673 0.5819 0.49673 0.58297 0.49782 0.58297 0.5 0.58405 0.50109 0.58405 0.50218 0.58513 0.50327 0.58621 0.50327 0.58728 0.50218 0.58836 0.50218 0.58944 0.50109 0.59052 0.50109 0.59052 0.5 0.59159 0.49891 0.59375 0.49891 0.59591 0.49673 0.59806 0.49673 0.59914 0.49564 0.60022 0.49564 0.60022 0.49455 0.60129 0.49346 0.60237 0.49346 0.60237 0.48148 0.60129 0.48039 0.60237 0.4793 0.60237 0.47603 0.60129 0.47495 0.60129 0.47386 0.59483 0.47386 0.59375 0.47277 0.59159 0.47277 0.58944 0.47059 0.58728 0.47059 0.58513 0.46841 0.58405 0.46841 0.58297 0.46732 0.58082 0.46732
0 0.44504 0.42702 0.44397 0.4281 0.44073 0.4281 0.44181 0.42919 0.44073 0.43028 0.44073 0.43137 0.43858 0.43355 0.43858 0.43464 0.4375 0.43573 0.4375 0.43682 0.43642 0.43791 0.43642 0.44009 0.43427 0.44227 0.43427 0.44444 0.43211 0.44662 0.43211 0.44771 0.43103 0.4488 0.43211 0.44989 0.4278 0.45425 0.42888 0.45534 0.42888 0.45643 0.42565 0.45969 0.42672 0.46078 0.42565 0.46187 0.42565 0.46296 0.42457 0.46405 0.42457 0.47168 0.42349 0.47277 0.42349 0.47386 0.42241 0.47495 0.42349 0.47603 0.42241 0.47712 0.42241 0.47821 0.42134 0.4793 0.42134 0.48366 0.42026 0.48475 0.42134 0.48584 0.42026 0.48693 0.42026 0.4902 0.42134 0.49129 0.42134 0.49455 0.42241 0.49564 0.42241 0.5 0.42349 0.5 0.42457 0.50109 0.42457 0.50436 0.42565 0.50545 0.42565 0.5098 0.42672 0.51089 0.42672 0.51416 0.4278 0.51525 0.4278 0.51743 0.42888 0.51852 0.42888 0.51961 0.42996 0.5207 0.42996 0.52397 0.43103 0.52397 0.43211 0.52505 0.43211 0.52941 0.43319 0.5305 0.43319 0.53159 0.43427 0.53268 0.43427 0.53377 0.43534 0.53486 0.43534 0.53813 0.43642 0.53813 0.4375 0.53922 0.4375 0.54357 0.43858 0.54357 0.43966 0.54466 0.43966 0.54575 0.44504 0.5512 0.44504 0.55229 0.44612 0.55229 0.4472 0.55338 0.4472 0.55447 0.44828 0.55556 0.44828 0.55664 0.44935 0.55664 0.45259 0.55991 0.45259 0.561 0.45366 0.56209 0.45582 0.56209 0.45582 0.55991 0.45797 0.55773 0.4569 0.55664 0.45797 0.55556 0.45797 0.55447 0.45905 0.55338 0.45905 0.5512 0.46013 0.55011 0.46013 0.54902 0.46228 0.54684 0.46121 0.54575 0.46121 0.54466 0.46336 0.54248 0.46336 0.54139 0.46228 0.54031 0.46228 0.53704 0.46121 0.53595 0.46121 0.53159 0.46013 0.5305 0.46013 0.52723 0.45905 0.52614 0.45905 0.52179 0.45797 0.5207 0.45797 0.51743 0.4569 0.51634 0.4569 0.51198 0.45582 0.51089 0.45582 0.5098 0.4569 0.50871 0.4569 0.50763 0.45582 0.50654 0.45582 0.50436 0.4569 0.50327 0.4569 0.50218 0.45582 0.50109 0.45582 0.5 0.4569 0.49891 0.4569 0.49673 0.45582 0.49564 0.45582 0.49346 0.4569 0.49237 0.45582 0.49129 0.45582 0.48911 0.4569 0.48802 0.4569 0.48693 0.45582 0.48584 0.45582 0.48366 0.4569 0.48257 0.45582 0.48148 0.45582 0.4793 0.4569 0.47821 0.4569 0.47386 0.45797 0.47277 0.45797 0.47168 0.4569 0.47059 0.45797 0.4695 0.45797 0.46405 0.45905 0.46296 0.45905 0.46187 0.45797 0.46078 0.45905 0.45969 0.45905 0.45752 0.46013 0.45643 0.45905 0.45534 0.46013 0.45425 0.46013 0.4488 0.46121 0.44771 0.46121 0.44662 0.46013 0.44553 0.46013 0.44227 0.45797 0.44009 0.45797 0.43682 0.4569 0.43573 0.4569 0.43246 0.45582 0.43137 0.45582 0.43028 0.45474 0.42919 0.45474 0.42702 0.45043 0.42702 0.44935 0.4281 0.44828 0.42702
0 0.59591 0.35403 0.59591 0.35512 0.59483 0.35621 0.59052 0.35621 0.58944 0.3573 0.58836 0.3573 0.58728 0.35839 0.58621 0.35839 0.58513 0.35948 0.58405 0.35948 0.58405 0.36057 0.58621 0.36275 0.58621 0.36492 0.58944 0.36819 0.58944 0.37037 0.59159 0.37255 0.59159 0.37364 0.59267 0.37473 0.59267 0.37582 0.59483 0.378 0.59483 0.38017 0.59591 0.38126 0.59591 0.38344 0.59698 0.38453 0.59698 0.38562 0.59806 0.38671 0.59806 0.38889 0.60022 0.39107 0.60022 0.39434 0.60237 0.39651 0.60345 0.39651 0.60453 0.3976 0.6056 0.39651 0.60776 0.39651 0.60884 0.3976 0.60991 0.39651 0.61099 0.39651 0.61207 0.3976 0.61422 0.3976 0.6153 0.39651 0.61638 0.3976 0.62716 0.3976 0.62823 0.39869 0.62931 0.39869 0.63039 0.3976 0.63147 0.3976 0.63254 0.39869 0.63362 0.39869 0.6347 0.3976 0.63578 0.3976 0.63685 0.39869 0.64332 0.39869 0.6444 0.39978 0.64547 0.39869 0.64763 0.39869 0.64871 0.39978 0.64978 0.39869 0.65086 0.39869 0.65194 0.39978 0.65409 0.39978 0.65517 0.39869 0.65625 0.39869 0.65733 0.39978 0.65733 0.40305 0.65948 0.40523 0.65948 0.40632 0.66056 0.40741 0.66056 0.4085 0.66272 0.41068 0.66272 0.41285 0.66379 0.41285 0.66487 0.41394 0.66487 0.41721 0.66703 0.41939 0.66703 0.42048 0.6681 0.42157 0.6681 0.42266 0.67026 0.42484 0.67026 0.42702 0.67134 0.4281 0.67134 0.43246 0.67241 0.43246 0.67349 0.43355 0.67349 0.43682 0.67457 0.43791 0.67457 0.44118 0.67672 0.44336 0.67672 0.44662 0.6778 0.44771 0.6778 0.4488 0.67888 0.44989 0.67888 0.45098 0.68103 0.45316 0.68103 0.45425 0.68211 0.45534 0.68211 0.45643 0.68427 0.45861 0.68427 0.46078 0.68534 0.46078 0.68642 0.46187 0.68642 0.46296 0.6875 0.46405 0.6875 0.46514 0.68966 0.46732 0.68966 0.47059 0.69073 0.47059 0.69181 0.47168 0.69181 0.47386 0.69504 0.47712 0.69612 0.47603 0.69612 0.47495 0.70151 0.4695 0.70151 0.46514 0.70043 0.46405 0.70043 0.46296 0.69935 0.46187 0.69935 0.45969 0.6972 0.45752 0.6972 0.45534 0.69612 0.45425 0.69612 0.45316 0.69504 0.45207 0.69504 0.45098 0.69289 0.4488 0.69289 0.44553 0.69181 0.44553 0.69073 0.44444 0.69073 0.44118 0.68966 0.44118 0.68858 0.44009 0.68858 0.43682 0.6875 0.43573 0.6875 0.43464 0.68642 0.43355 0.68642 0.43137 0.68534 0.43028 0.68534 0.4281 0.68319 0.42593 0.68319 0.42157 0.68211 0.42157 0.68103 0.42048 0.68103 0.41721 0.67888 0.41503 0.67888 0.41285 0.6778 0.41176 0.6778 0.40959 0.67672 0.4085 0.67672 0.40741 0.67565 0.40632 0.67565 0.40305 0.67457 0.40305 0.67241 0.40087 0.67241 0.39978 0.66918 0.39651 0.66918 0.39542 0.66487 0.39107 0.66487 0.38998 0.66379 0.38889 0.66272 0.38889 0.66164 0.3878 0.66164 0.38671 0.65948 0.38453 0.65841 0.38453 0.65733 0.38562 0.65409 0.38562 0.65302 0.38453 0.65194 0.38562 0.64978 0.38562 0.64871 0.38453 0.64763 0.38562 0.6444 0.38562 0.64332 0.38453 0.64224 0.38562 0.64009 0.38562 0.63901 0.38453 0.63793 0.38562 0.6347 0.38562 0.63362 0.38453 0.63254 0.38562 0.63147 0.38453 0.63147 0.38235 0.63039 0.38235 0.62931 0.38126 0.62931 0.378 0.62823 0.37691 0.62823 0.37582 0.62716 0.37473 0.62716 0.37364 0.62608 0.37255 0.62608 0.37037 0.625 0.36928 0.625 0.36819 0.62392 0.3671 0.62392 0.36601 0.62177 0.36383 0.61961 0.36383 0.61638 0.36057 0.6153 0.36057 0.61422 0.35948 0.61315 0.35948 0.61099 0.3573 0.60991 0.35839 0.60668 0.35512 0.60237 0.35512 0.60129 0.35403 0.60022 0.35403 0.59914 0.35512 0.59806 0.35512 0.59698 0.35403
0 0.55065 0.34749 0.55065 0.34858 0.54957 0.34967 0.54526 0.34967 0.54418 0.35076 0.5431 0.35076 0.54203 0.35185 0.54095 0.35185 0.53987 0.35294 0.53772 0.35294 0.53556 0.35512 0.53125 0.35512 0.53125 0.35621 0.53017 0.3573 0.52694 0.3573 0.52586 0.35839 0.52371 0.35839 0.52263 0.35948 0.52155 0.35948 0.52047 0.36057 0.51832 0.36057 0.51616 0.36275 0.51185 0.36275 0.5097 0.36492 0.50754 0.36492 0.50647 0.36601 0.50431 0.36601 0.50216 0.36819 0.49784 0.36819 0.49784 0.36928 0.49677 0.37037 0.49353 0.37037 0.49246 0.37146 0.49138 0.37146 0.4903 0.37255 0.48815 0.37255 0.48707 0.37364 0.48491 0.37364 0.48276 0.37582 0.4806 0.37582 0.47737 0.37908 0.47522 0.37908 0.47198 0.38235 0.47091 0.38235 0.46875 0.38453 0.46767 0.38453 0.46444 0.3878 0.46336 0.3878 0.46228 0.38889 0.46121 0.38889 0.45905 0.39107 0.45797 0.39107 0.4569 0.39216 0.45582 0.39216 0.45582 0.39325 0.45474 0.39434 0.45474 0.39542 0.45582 0.39651 0.4569 0.39651 0.45797 0.3976 0.45797 0.39869 0.45905 0.39978 0.45905 0.40087 0.46013 0.40087 0.46121 0.40196 0.46121 0.40305 0.46552 0.40741 0.46552 0.4085 0.46659 0.40959 0.46767 0.40959 0.46875 0.41068 0.46875 0.41176 0.47198 0.41503 0.47306 0.41503 0.47414 0.41612 0.47414 0.41721 0.47522 0.4183 0.47522 0.41939 0.47629 0.41939 0.47845 0.42157 0.47845 0.42266 0.47953 0.42266 0.48276 0.42593 0.48276 0.42702 0.48384 0.4281 0.48491 0.4281 0.48707 0.43028 0.48707 0.43137 0.48815 0.43246 0.48922 0.43246 0.49246 0.43573 0.49246 0.43682 0.49353 0.43682 0.49461 0.43791 0.49569 0.43791 0.5 0.44227 0.50108 0.44227 0.50431 0.44553 0.50647 0.44553 0.50862 0.44771 0.51078 0.44771 0.51185 0.44662 0.52047 0.44662 0.52155 0.44553 0.52371 0.44553 0.52478 0.44662 0.52586 0.44662 0.52694 0.44553 0.53017 0.44553 0.53125 0.44444 0.53556 0.44444 0.53664 0.44336 0.53772 0.44336 0.53879 0.44227 0.53987 0.44227 0.54095 0.44118 0.54418 0.44118 0.54634 0.439 0.54957 0.439 0.55065 0.43791 0.5528 0.43791 0.55496 0.43573 0.55927 0.43573 0.55927 0.43464 0.56034 0.43355 0.56358 0.43355 0.56466 0.43246 0.56681 0.43246 0.56897 0.43028 0.57328 0.43028 0.57974 0.42375 0.58082 0.42375 0.58082 0.42266 0.58405 0.41939 0.58513 0.41939 0.58621 0.4183 0.58621 0.41721 0.58836 0.41503 0.58944 0.41503 0.59052 0.41394 0.59159 0.41394 0.59159 0.41285 0.59267 0.41176 0.59267 0.40741 0.59159 0.40632 0.59159 0.40414 0.59267 0.40305 0.59267 0.40196 0.59159 0.40087 0.59159 0.3976 0.59052 0.39651 0.59052 0.38671 0.58944 0.38562 0.58944 0.38344 0.58836 0.38235 0.58728 0.38235 0.58621 0.38126 0.58621 0.37908 0.58405 0.37691 0.58405 0.37582 0.58297 0.37473 0.58297 0.37364 0.5819 0.37364 0.58082 0.37255 0.58082 0.37146 0.57974 0.37037 0.57974 0.36819 0.57866 0.36819 0.57759 0.3671 0.57759 0.36492 0.57651 0.36383 0.57543 0.36383 0.57435 0.36275 0.57435 0.36057 0.5722 0.35839 0.5722 0.3573 0.57112 0.35621 0.57004 0.35621 0.56897 0.35512 0.56789 0.35512 0.56681 0.35403 0.56466 0.35403 0.56358 0.35294 0.5625 0.35294 0.56034 0.35076 0.55711 0.35076 0.55496 0.34858 0.5528 0.34858 0.55172 0.34749
0 0.61961 0.29956 0.61961 0.30174 0.61853 0.30283 0.61961 0.30392 0.61746 0.3061 0.61746 0.30719 0.61638 0.30828 0.61638 0.31264 0.6153 0.31373 0.61638 0.31481 0.61638 0.3159 0.6153 0.31699 0.6153 0.31808 0.61638 0.31917 0.6153 0.32026 0.6153 0.32244 0.61422 0.32353 0.6153 0.32462 0.6153 0.3268 0.61422 0.32789 0.6153 0.32898 0.6153 0.33007 0.61422 0.33115 0.61422 0.33333 0.6153 0.33442 0.61422 0.33551 0.61422 0.34423 0.61746 0.34749 0.61961 0.34749 0.62392 0.35185 0.62608 0.35185 0.62931 0.35512 0.63039 0.35512 0.63147 0.35621 0.63254 0.35621 0.6347 0.35839 0.63578 0.35839 0.63685 0.35948 0.63793 0.35948 0.64009 0.36166 0.64116 0.36166 0.64547 0.36601 0.64655 0.36601 0.65086 0.37037 0.65194 0.37037 0.65625 0.37473 0.65733 0.37473 0.66056 0.378 0.66272 0.378 0.66703 0.38235 0.66918 0.38235 0.67241 0.38562 0.67241 0.38671 0.67349 0.38671 0.67457 0.3878 0.67457 0.38889 0.67565 0.38998 0.67565 0.39107 0.67672 0.39107 0.6778 0.39216 0.6778 0.39325 0.67888 0.39434 0.67888 0.39651 0.67996 0.39651 0.68211 0.39869 0.68211 0.39978 0.68427 0.40196 0.68427 0.40305 0.68858 0.40741 0.68858 0.4085 0.68966 0.40959 0.68966 0.41068 0.69073 0.41176 0.69073 0.41503 0.69181 0.41503 0.69289 0.41612 0.69289 0.41939 0.69397 0.42048 0.69397 0.42266 0.69504 0.42375 0.69504 0.42484 0.69612 0.42593 0.69612 0.42919 0.69828 0.43137 0.69828 0.43464 0.69935 0.43573 0.69935 0.43682 0.70043 0.43791 0.70043 0.439 0.70151 0.44009 0.70151 0.44336 0.70259 0.44444 0.70259 0.44771 0.70474 0.44989 0.70474 0.45316 0.70582 0.45425 0.70582 0.45861 0.7069 0.45969 0.7069 0.46078 0.70797 0.46187 0.70797 0.46296 0.70905 0.46405 0.70905 0.46623 0.70797 0.46732 0.70797 0.46841 0.70905 0.4695 0.70905 0.47059 0.70797 0.47168 0.70797 0.47277 0.70905 0.47386 0.70905 0.47495 0.70797 0.47603 0.70797 0.47821 0.70905 0.4793 0.70797 0.48039 0.70797 0.49237 0.7069 0.49346 0.70797 0.49455 0.70797 0.49673 0.7069 0.49782 0.7069 0.49891 0.70797 0.5 0.7069 0.50109 0.7069 0.50436 0.70582 0.50545 0.70582 0.50763 0.70474 0.50871 0.70582 0.5098 0.70366 0.51198 0.70366 0.51307 0.70259 0.51416 0.70259 0.51743 0.70043 0.51961 0.70151 0.5207 0.69935 0.52288 0.69935 0.52505 0.69828 0.52614 0.69828 0.52832 0.6972 0.52941 0.6972 0.53159 0.69612 0.53268 0.69612 0.53377 0.69504 0.53486 0.69504 0.53704 0.69181 0.54031 0.69181 0.54248 0.69073 0.54357 0.69073 0.54466 0.68966 0.54575 0.68966 0.54684 0.6875 0.54902 0.6875 0.55011 0.68642 0.5512 0.68642 0.55338 0.68319 0.55664 0.68427 0.55773 0.68211 0.55991 0.68211 0.56209 0.67996 0.56427 0.67996 0.56536 0.67888 0.56645 0.67888 0.56863 0.67565 0.5719 0.67565 0.57298 0.67026 0.57843 0.67026 0.57952 0.66703 0.58279 0.66595 0.58279 0.66595 0.58388 0.66487 0.58497 0.66487 0.58606 0.66379 0.58715 0.66272 0.58715 0.66164 0.58824 0.66164 0.58932 0.65733 0.59368 0.65733 0.59477 0.65194 0.60022 0.65194 0.60131 0.64978 0.60349 0.64871 0.60349 0.64655 0.60566 0.64547 0.60566 0.64224 0.60893 0.64116 0.60893 0.64009 0.61002 0.63793 0.61002 0.63793 0.61111 0.63685 0.6122 0.63578 0.6122 0.6347 0.61329 0.63362 0.61329 0.63362 0.61438 0.63254 0.61547 0.63039 0.61547 0.62716 0.61874 0.62608 0.61874 0.62392 0.62092 0.62284 0.62092 0.62177 0.622 0.61961 0.622 0.61853 0.62309 0.6153 0.62309 0.61422 0.62418 0.60991 0.62418 0.60884 0.62527 0.6056 0.62527 0.60453 0.62636 0.60345 0.62636 0.60237 0.62745 0.60022 0.62745 0.59914 0.62854 0.59591 0.62854 0.59483 0.62963 0.59052 0.62963 0.58944 0.63072 0.58621 0.63072 0.58513 0.63181 0.58297 0.63181 0.58082 0.63399 0.57651 0.63399 0.57543 0.63508 0.5722 0.63508 0.57112 0.63617 0.57004 0.63508 0.56358 0.63508 0.5625 0.63399 0.56142 0.63399 0.56034 0.63508 0.55927 0.63508 0.55819 0.63399 0.55711 0.63399 0.55603 0.63508 0.55496 0.63399 0.54849 0.63399 0.54741 0.6329 0.54634 0.6329 0.54526 0.63399 0.54418 0.6329 0.54203 0.6329 0.54095 0.63399 0.53987 0.6329 0.53233 0.6329 0.53125 0.63181 0.52909 0.63181 0.52802 0.63072 0.52909 0.62963 0.53556 0.62963 0.53664 0.62854 0.53987 0.62854 0.54095 0.62745 0.54418 0.62745 0.54526 0.62854 0.54634 0.62745 0.54741 0.62745 0.54634 0.62636 0.54634 0.62418 0.54741 0.62309 0.54741 0.622 0.54634 0.62092 0.54634 0.61765 0.54526 0.61656 0.54526 0.6122 0.54418 0.61111 0.54526 0.61002 0.54526 0.60784 0.54418 0.60675 0.54418 0.60349 0.5431 0.6024 0.54203 0.6024 0.53772 0.59804 0.53664 0.59804 0.53233 0.59368 0.53125 0.59368 0.52694 0.58932 0.52586 0.59041 0.52263 0.59041 0.52155 0.5915 0.51724 0.5915 0.51616 0.59259 0.51293 0.59259 0.51185 0.59368 0.51185 0.59477 0.51078 0.59586 0.51185 0.59695 0.51078 0.59804 0.51078 0.59913 0.5097 0.60022 0.51078 0.60131 0.5097 0.6024 0.5097 0.60349 0.50862 0.60458 0.50862 0.60566 0.5097 0.60675 0.50862 0.60784 0.50862 0.60893 0.50754 0.61002 0.50754 0.61329 0.50862 0.61438 0.50862 0.61547 0.51078 0.61547 0.51185 0.61656 0.51185 0.61765 0.51293 0.61874 0.51293 0.61983 0.51401 0.61983 0.51724 0.62309 0.51724 0.62418 0.51832 0.62418 0.5194 0.62527 0.51832 0.62636 0.51509 0.62636 0.51401 0.62527 0.51293 0.62527 0.51078 0.62309 0.50862 0.62309 0.50754 0.622 0.50647 0.622 0.50539 0.62092 0.50431 0.622 0.50216 0.61983 0.5 0.61983 0.49784 0.61765 0.49461 0.61765 0.49353 0.61656 0.49246 0.61656 0.4903 0.61438 0.48707 0.61438 0.48491 0.6122 0.48384 0.61329 0.48276 0.6122 0.48168 0.6122 0.4806 0.61111 0.47629 0.61111 0.47522 0.61002 0.47414 0.61111 0.47306 0.61111 0.47198 0.61002 0.47091 0.61002 0.46983 0.60893 0.46875 0.61002 0.46767 0.60893 0.46552 0.60893 0.46121 0.61329 0.46013 0.61329 0.46013 0.61438 0.45797 0.61656 0.4569 0.61656 0.45905 0.61874 0.45905 0.61983 0.46013 0.62092 0.46228 0.62092 0.46552 0.62418 0.46552 0.62527 0.46767 0.62527 0.47091 0.62854 0.46983 0.62963 0.46875 0.62963 0.46767 0.62854 0.46659 0.62854 0.46552 0.62963 0.4569 0.62963 0.45474 0.63181 0.45474 0.6329 0.45259 0.63508 0.45259 0.63617 0.45151 0.63725 0.45151 0.63943 0.44828 0.6427 0.44935 0.64379 0.44612 0.64706 0.4472 0.64815 0.44504 0.65033 0.44504 0.65142 0.44397 0.65251 0.44397 0.65359 0.44073 0.65686 0.44073 0.65904 0.43858 0.66122 0.43858 0.66231 0.4375 0.6634 0.43642 0.6634 0.43534 0.66449 0.43103 0.66449 0.42996 0.66558 0.42672 0.66558 0.42565 0.66667 0.42241 0.66667 0.42026 0.66885 0.41703 0.66885 0.41595 0.66993 0.41164 0.66993 0.41056 0.67102 0.40733 0.67102 0.40625 0.67211 0.40409 0.67211 0.40194 0.67429 0.39978 0.67429 0.39871 0.67538 0.39763 0.67538 0.39763 0.67647 0.39547 0.67865 0.39547 0.67974 0.3944 0.68083 0.39332 0.68083 0.39332 0.68192 0.38901 0.68627 0.38901 0.68736 0.38685 0.68954 0.38578 0.68954 0.38578 0.69063 0.3847 0.69172 0.3847 0.69281 0.38254 0.69499 0.38147 0.69499 0.38147 0.69608 0.38039 0.69717 0.38039 0.69826 0.37931 0.69935 0.37823 0.69935 0.37716 0.70044 0.37716 0.70153 0.375 0.7037 0.375 0.70806 0.37392 0.70915 0.37392 0.71024 0.37284 0.71133 0.37392 0.71242 0.37284 0.71351 0.37284 0.71786 0.37177 0.71895 0.37177 0.72331 0.37069 0.7244 0.37069 0.72549 0.36961 0.72658 0.37069 0.72767 0.36961 0.72876 0.36961 0.7342 0.36853 0.73529 0.36746 0.73529 0.36638 0.73638 0.36638 0.73747 0.3653 0.73856 0.3653 0.73965 0.36315 0.74183 0.36315 0.74292 0.35884 0.74728 0.35884 0.74837 0.35668 0.75054 0.35668 0.75163 0.3556 0.75272 0.3556 0.75381 0.35345 0.75599 0.35237 0.75599 0.35237 0.75708 0.35129 0.75817 0.35129 0.75926 0.34806 0.76253 0.34806 0.76471 0.34591 0.76688 0.34483 0.76688 0.34375 0.76797 0.34375 0.77015 0.34267 0.77124 0.34159 0.77124 0.34052 0.77233 0.33944 0.77233 0.33944 0.77342 0.33836 0.77451 0.33621 0.77451 0.33513 0.7756 0.33405 0.7756 0.33405 0.77669 0.3319 0.77887 0.32974 0.77887 0.32974 0.77996 0.32866 0.78105 0.32759 0.78105 0.32328 0.7854 0.32112 0.7854 0.32112 0.78649 0.31897 0.78867 0.31789 0.78867 0.31681 0.78976 0.31573 0.78976 0.31358 0.79194 0.3125 0.79194 0.31142 0.79303 0.31142 0.79412 0.31034 0.79521 0.30819 0.79521 0.30496 0.79847 0.30496 0.79956 0.3028 0.80174 0.3028 0.80283 0.30172 0.80392 0.3028 0.80501 0.29849 0.80937 0.29849 0.81264 0.29634 0.81481 0.29634 0.8159 0.29526 0.81699 0.29526 0.81808 0.29418 0.81917 0.29418 0.82135 0.29203 0.82353 0.29203 0.82571 0.29095 0.8268 0.29095 0.82789 0.28879 0.83007 0.28987 0.83115 0.28664 0.83442 0.28664 0.8366 0.28556 0.83769 0.28556 0.83878 0.28448 0.83987 0.28448 0.84096 0.28987 0.84096 0.29095 0.84205 0.29203 0.84096 0.2931 0.84205 0.29526 0.84205 0.29634 0.84314 0.29741 0.84205 0.29849 0.84314 0.3028 0.84314 0.30388 0.84423 0.30603 0.84423 0.30711 0.84314 0.30819 0.84423 0.31034 0.84423 0.31142 0.84314 0.31142 0.84205 0.3125 0.84096 0.31358 0.84096 0.31466 0.83987 0.31573 0.83987 0.31573 0.83769 0.31681 0.8366 0.31789 0.8366 0.31897 0.83551 0.32004 0.83551 0.32004 0.83442 0.3222 0.83224 0.32328 0.83224 0.32435 0.83115 0.32435 0.83007 0.32651 0.82789 0.32759 0.82789 0.32866 0.8268 0.32866 0.82571 0.33082 0.82353 0.3319 0.82353 0.33728 0.81808 0.33836 0.81808 0.33836 0.81699 0.33944 0.8159 0.34052 0.8159 0.34052 0.81481 0.34159 0.81373 0.34267 0.81373 0.34267 0.81264 0.34375 0.81155 0.34483 0.81155 0.34698 0.80937 0.34698 0.80828 0.34806 0.80719 0.34914 0.80719 0.35776 0.79847 0.35884 0.79847 0.35884 0.79739 0.36207 0.79412 0.36315 0.79412 0.36422 0.79303 0.3653 0.79303 0.3653 0.79085 0.36638 0.78976 0.36746 0.78976 0.36853 0.78867 0.36961 0.78867 0.36961 0.78649 0.37069 0.7854 0.37177 0.7854 0.37392 0.78322 0.37392 0.78214 0.37823 0.77778 0.37823 0.7756 0.38147 0.77233 0.38254 0.77233 0.38254 0.77015 0.38685 0.7658 0.38685 0.76362 0.38793 0.76253 0.38901 0.76253 0.39116 0.76035 0.39116 0.75817 0.39547 0.75381 0.39547 0.75272 0.39871 0.74946 0.39871 0.74837 0.39978 0.74728 0.39978 0.74619 0.40194 0.74401 0.40302 0.74401 0.40302 0.74292 0.40409 0.74183 0.40409 0.74074 0.40625 0.73856 0.40625 0.73747 0.41056 0.73312 0.40948 0.73203 0.41056 0.73094 0.41056 0.72876 0.41164 0.72767 0.41056 0.72658 0.41056 0.72549 0.41164 0.7244 0.41164 0.7146 0.41272 0.71351 0.41272 0.71242 0.41164 0.71133 0.41272 0.71024 0.41272 0.70806 0.41379 0.70697 0.41272 0.70588 0.41272 0.7037 0.41379 0.70261 0.41272 0.70153 0.41595 0.69826 0.41703 0.69826 0.41918 0.69608 0.41918 0.69499 0.42026 0.6939 0.42134 0.6939 0.42888 0.68627 0.43211 0.68627 0.43319 0.68519 0.4375 0.68519 0.43858 0.6841 0.44181 0.6841 0.44397 0.68192 0.4472 0.68192 0.44828 0.68083 0.45151 0.68083 0.45259 0.67974 0.4569 0.67974 0.45797 0.67865 0.46121 0.67865 0.46121 0.67756 0.46228 0.67647 0.46444 0.67647 0.46552 0.67538 0.46552 0.67429 0.46659 0.6732 0.46767 0.6732 0.46875 0.67211 0.46983 0.67211 0.47091 0.67102 0.47091 0.66993 0.47198 0.66885 0.47306 0.66885 0.47414 0.66776 0.47522 0.66776 0.47522 0.66667 0.47629 0.66558 0.47737 0.66558 0.47845 0.66449 0.47953 0.66449 0.47953 0.6634 0.48168 0.66122 0.48276 0.66122 0.48384 0.66013 0.48384 0.65904 0.48276 0.65795 0.48276 0.65468 0.48168 0.65468 0.4806 0.65359 0.4806 0.65033 0.47953 0.64924 0.47953 0.64488 0.47845 0.64379 0.47845 0.64052 0.47737 0.63943 0.47737 0.63508 0.47845 0.63399 0.48276 0.63834 0.48491 0.63834 0.48707 0.64052 0.48815 0.64052 0.4903 0.6427 0.49138 0.6427 0.49246 0.64379 0.49353 0.64379 0.49677 0.64706 0.49892 0.64706 0.5 0.64815 0.50108 0.64815 0.50323 0.65033 0.50431 0.65033 0.50539 0.65142 0.50647 0.65142 0.50862 0.65359 0.5097 0.65359 0.51185 0.65577 0.51293 0.65577 0.51401 0.65686 0.51509 0.65577 0.51724 0.65795 0.52047 0.65795 0.52155 0.65904 0.52263 0.65904 0.52371 0.66013 0.52478 0.65904 0.52694 0.66122 0.52802 0.66122 0.52909 0.66231 0.53017 0.66122 0.53233 0.6634 0.53664 0.6634 0.53879 0.66558 0.53987 0.66449 0.54095 0.66558 0.54203 0.66558 0.5431 0.66667 0.54634 0.66667 0.54741 0.66776 0.54849 0.66776 0.54957 0.66885 0.5528 0.66885 0.55388 0.66993 0.55496 0.66993 0.55603 0.66885 0.55711 0.66885 0.55819 0.66993 0.55927 0.66993 0.56034 0.66885 0.56142 0.66993 0.56466 0.66993 0.56573 0.66885 0.56681 0.66993 0.56897 0.66993 0.57004 0.67102 0.57112 0.66993 0.57328 0.66993 0.57435 0.67102 0.57543 0.66993 0.57759 0.66993 0.57866 0.67102 0.57974 0.67102 0.58082 0.66993 0.5819 0.67102 0.58405 0.67102 0.58513 0.66993 0.58944 0.66993 0.59052 0.66885 0.59375 0.66885 0.59483 0.66776 0.59914 0.66776 0.60022 0.66667 0.60345 0.66667 0.60453 0.66558 0.60668 0.66558 0.60776 0.66449 0.60884 0.66449 0.60991 0.6634 0.61315 0.6634 0.61422 0.66231 0.61853 0.66231 0.61961 0.66122 0.62177 0.66122 0.62392 0.65904 0.62608 0.65904 0.62931 0.65577 0.63254 0.65577 0.63254 0.65468 0.63362 0.65359 0.63578 0.65359 0.63793 0.65142 0.63901 0.65142 0.64009 0.65033 0.64116 0.65033 0.64332 0.64815 0.64655 0.64815 0.64655 0.64706 0.64763 0.64597 0.64978 0.64597 0.65194 0.64379 0.65302 0.64379 0.65409 0.6427 0.65625 0.6427 0.65841 0.64052 0.66056 0.64052 0.66056 0.63943 0.66164 0.63834 0.66379 0.63834 0.66595 0.63617 0.66703 0.63617 0.6681 0.63508 0.67026 0.63508 0.67134 0.63399 0.67134 0.6329 0.67241 0.63181 0.67349 0.63181 0.67457 0.63072 0.67457 0.62963 0.67565 0.62854 0.67672 0.62854 0.67888 0.62636 0.67888 0.62527 0.68211 0.622 0.68319 0.622 0.68319 0.61983 0.68534 0.61765 0.68642 0.61765 0.6875 0.61656 0.6875 0.61547 0.69181 0.61111 0.69181 0.61002 0.69504 0.60675 0.69612 0.60675 0.69612 0.60458 0.6972 0.60349 0.69828 0.60349 0.70151 0.60022 0.70151 0.59913 0.70366 0.59695 0.70474 0.59695 0.70474 0.59586 0.70905 0.5915 0.70905 0.59041 0.71013 0.58932 0.71121 0.58932 0.71121 0.58824 0.71336 0.58606 0.71444 0.58606 0.71444 0.58497 0.71875 0.58061 0.71875 0.57952 0.71983 0.57843 0.72091 0.57843 0.72091 0.57734 0.72306 0.57516 0.72306 0.57407 0.72414 0.57298 0.72306 0.5719 0.72522 0.56972 0.72522 0.56863 0.72629 0.56754 0.72629 0.56427 0.72737 0.56318 0.72737 0.561 0.72845 0.55991 0.72845 0.55882 0.7306 0.55664 0.72953 0.55556 0.7306 0.55447 0.7306 0.55338 0.73168 0.55229 0.7306 0.5512 0.73168 0.55011 0.73168 0.54902 0.73384 0.54684 0.73276 0.54575 0.73384 0.54466 0.73384 0.54357 0.73491 0.54248 0.73491 0.54031 0.73599 0.53922 0.73599 0.53813 0.73815 0.53595 0.73707 0.53486 0.73815 0.53377 0.73815 0.53159 0.73922 0.5305 0.73922 0.52832 0.74138 0.52614 0.7403 0.52505 0.74138 0.52397 0.74138 0.52288 0.74246 0.52179 0.74246 0.51852 0.74461 0.51634 0.74461 0.51307 0.74569 0.51198 0.74569 0.50654 0.74677 0.50545 0.74569 0.50436 0.74569 0.50327 0.74677 0.50218 0.74677 0.49782 0.74784 0.49673 0.74784 0.49129 0.74892 0.4902 0.74784 0.48911 0.74784 0.48802 0.74892 0.48693 0.74892 0.48584 0.75 0.48475 0.74892 0.48366 0.74892 0.48257 0.75 0.48148 0.75 0.48039 0.75108 0.4793 0.75 0.47821 0.75 0.47712 0.75108 0.47603 0.75108 0.47059 0.75216 0.4695 0.75108 0.46841 0.75108 0.46732 0.75216 0.46623 0.75216 0.46514 0.75323 0.46405 0.75216 0.46296 0.75216 0.46187 0.75323 0.46078 0.75323 0.45969 0.75431 0.45861 0.75323 0.45752 0.75323 0.45643 0.75431 0.45534 0.75431 0.45425 0.75323 0.45316 0.75323 0.4488 0.75216 0.44771 0.75216 0.44444 0.75 0.44227 0.75 0.44009 0.74892 0.439 0.74892 0.43464 0.74784 0.43355 0.74784 0.43028 0.74677 0.42919 0.74677 0.42593 0.74461 0.42375 0.74461 0.42048 0.74353 0.41939 0.74353 0.41503 0.74246 0.41394 0.74246 0.41068 0.7403 0.4085 0.7403 0.40523 0.73922 0.40414 0.73922 0.40087 0.73815 0.40087 0.73707 0.39978 0.73707 0.3976 0.73491 0.39542 0.73491 0.39434 0.73384 0.39325 0.73384 0.39107 0.73276 0.39107 0.73168 0.38998 0.73168 0.38889 0.7306 0.3878 0.7306 0.38671 0.72845 0.38453 0.72845 0.38235 0.72737 0.38235 0.72629 0.38126 0.72629 0.38017 0.72522 0.37908 0.72522 0.37691 0.72414 0.37691 0.72306 0.37582 0.72306 0.37364 0.72091 0.37146 0.72091 0.37037 0.71983 0.36928 0.71983 0.36819 0.71875 0.36819 0.71767 0.3671 0.71767 0.36383 0.71552 0.36166 0.71552 0.36057 0.71444 0.35948 0.71444 0.35839 0.71336 0.35839 0.71228 0.3573 0.71228 0.35512 0.71013 0.35294 0.71013 0.35185 0.70905 0.35076 0.70905 0.34858 0.70797 0.34858 0.7069 0.34749 0.7069 0.34641 0.70582 0.34532 0.70582 0.34423 0.70366 0.34205 0.70366 0.33987 0.70259 0.33987 0.70151 0.33878 0.70151 0.33769 0.70043 0.33769 0.69828 0.33551 0.69504 0.33551 0.69289 0.33333 0.69181 0.33442 0.68858 0.33115 0.68534 0.33115 0.68319 0.32898 0.68103 0.32898 0.67888 0.3268 0.67565 0.3268 0.67349 0.32462 0.67241 0.32462 0.67134 0.32353 0.6681 0.32353 0.66595 0.32135 0.66379 0.32135 0.66164 0.31917 0.65841 0.31917 0.65625 0.31699 0.65409 0.31699 0.65194 0.31481 0.64871 0.31481 0.64547 0.31155 0.64224 0.31155 0.64009 0.30937 0.63901 0.30937 0.63685 0.30719 0.63362 0.30719 0.62931 0.30283 0.62823 0.30392 0.62716 0.30283 0.62608 0.30283 0.625 0.30174 0.62392 0.30174 0.62284 0.30065 0.62177 0.30065 0.62069 0.29956
0 0.53879 0.2854 0.53772 0.28649 0.53341 0.28649 0.53233 0.28758 0.52909 0.28758 0.52802 0.28867 0.52371 0.28867 0.52371 0.28976 0.52263 0.29085 0.5194 0.29085 0.51832 0.29194 0.51509 0.29194 0.51401 0.29303 0.5097 0.29303 0.50862 0.29412 0.50539 0.29412 0.50431 0.29521 0.5 0.29521 0.49892 0.2963 0.49569 0.2963 0.49569 0.29739 0.49461 0.29847 0.4903 0.29847 0.48922 0.29956 0.48599 0.29956 0.48599 0.30065 0.48491 0.30174 0.4806 0.30174 0.47845 0.30392 0.47629 0.30392 0.47414 0.3061 0.47198 0.3061 0.47091 0.30719 0.46983 0.30719 0.46875 0.30828 0.46659 0.30828 0.46552 0.30937 0.46444 0.30937 0.46336 0.31046 0.46228 0.31046 0.46121 0.31155 0.46013 0.31155 0.45905 0.31264 0.4569 0.31264 0.45582 0.31373 0.45474 0.31373 0.45366 0.31481 0.45259 0.31481 0.45151 0.3159 0.45043 0.3159 0.44935 0.31699 0.44828 0.31699 0.44828 0.31808 0.4472 0.31917 0.44504 0.31917 0.44397 0.32026 0.44289 0.32026 0.44073 0.32244 0.43858 0.32244 0.43858 0.32353 0.4375 0.32462 0.43642 0.32462 0.43534 0.32571 0.43427 0.32571 0.43211 0.32789 0.42996 0.32789 0.42672 0.33115 0.42457 0.33115 0.42457 0.33224 0.42349 0.33333 0.42241 0.33333 0.42134 0.33442 0.42026 0.33442 0.42026 0.33551 0.4181 0.33769 0.41703 0.33769 0.41595 0.33878 0.41595 0.33987 0.41487 0.34096 0.41379 0.34096 0.41164 0.34314 0.41164 0.34423 0.41056 0.34532 0.40948 0.34532 0.40841 0.34641 0.40733 0.34641 0.40733 0.34749 0.40409 0.35076 0.40302 0.35076 0.40194 0.35185 0.40194 0.35294 0.39978 0.35512 0.39871 0.35512 0.39763 0.35621 0.39763 0.3573 0.39547 0.35948 0.3944 0.35948 0.39332 0.36057 0.39332 0.36166 0.39224 0.36275 0.39224 0.36383 0.39116 0.36492 0.39116 0.36601 0.38901 0.36819 0.39009 0.36928 0.38901 0.37037 0.38901 0.37146 0.38793 0.37255 0.38793 0.37473 0.38685 0.37582 0.38578 0.37473 0.3847 0.37473 0.38362 0.37364 0.38254 0.37364 0.38147 0.37473 0.38254 0.37582 0.38039 0.378 0.38039 0.38126 0.37931 0.38235 0.37931 0.38344 0.37823 0.38453 0.37823 0.38671 0.37608 0.38889 0.37608 0.38998 0.37716 0.39107 0.375 0.39325 0.375 0.39434 0.37392 0.39542 0.37392 0.3976 0.37284 0.39869 0.37284 0.39978 0.37177 0.40087 0.37284 0.40196 0.37069 0.40414 0.37069 0.40632 0.36961 0.40741 0.36961 0.4085 0.36853 0.40959 0.36853 0.41285 0.36746 0.41394 0.36746 0.41503 0.36638 0.41612 0.36746 0.41721 0.36746 0.42048 0.36638 0.42157 0.36746 0.42266 0.36746 0.44553 0.36853 0.44662 0.36853 0.44771 0.36746 0.4488 0.36746 0.45316 0.36638 0.45425 0.36638 0.45861 0.3653 0.45969 0.3653 0.46078 0.36422 0.46187 0.3653 0.46296 0.3653 0.46405 0.36422 0.46514 0.36422 0.46623 0.3653 0.46732 0.36422 0.46841 0.36422 0.4695 0.36315 0.47059 0.36315 0.47386 0.36207 0.47495 0.36207 0.48039 0.36099 0.48148 0.36207 0.48257 0.36099 0.48366 0.36099 0.48693 0.36207 0.48693 0.36315 0.48802 0.36315 0.49129 0.36422 0.49237 0.36422 0.49346 0.3653 0.49455 0.3653 0.49673 0.36638 0.49782 0.36638 0.5 0.36853 0.50218 0.36853 0.50545 0.36961 0.50436 0.37284 0.50436 0.37284 0.50327 0.37392 0.50218 0.37716 0.50218 0.38039 0.49891 0.38254 0.49891 0.3847 0.49673 0.38685 0.49673 0.38685 0.49564 0.38793 0.49455 0.39116 0.49455 0.39224 0.49564 0.39332 0.49455 0.39655 0.49455 0.39763 0.49346 0.39978 0.49346 0.39978 0.49129 0.40086 0.4902 0.40086 0.48693 0.40194 0.48584 0.40194 0.48475 0.40409 0.48257 0.40302 0.48148 0.40409 0.48039 0.40409 0.4793 0.40517 0.47821 0.40517 0.47495 0.40733 0.47277 0.40625 0.47168 0.40733 0.47059 0.40733 0.4695 0.40841 0.46841 0.40841 0.46405 0.40948 0.46296 0.40841 0.46187 0.40948 0.46078 0.40948 0.45861 0.41056 0.45752 0.40948 0.45643 0.41056 0.45534 0.41056 0.45316 0.41164 0.45207 0.41056 0.45098 0.41056 0.44989 0.41164 0.4488 0.41164 0.44336 0.41272 0.44227 0.41164 0.44118 0.41164 0.44009 0.41272 0.439 0.41272 0.43791 0.41379 0.43682 0.41272 0.43573 0.41272 0.43464 0.41379 0.43355 0.41379 0.43246 0.41487 0.43137 0.41379 0.43028 0.41379 0.42919 0.41487 0.4281 0.41487 0.42702 0.41379 0.42593 0.41595 0.42375 0.41595 0.42266 0.41703 0.42157 0.41595 0.42048 0.41703 0.41939 0.41703 0.4183 0.41918 0.41612 0.42026 0.41721 0.42026 0.4183 0.42134 0.41939 0.42241 0.4183 0.42349 0.4183 0.42349 0.41721 0.42457 0.41612 0.42565 0.41612 0.42672 0.41503 0.4278 0.41503 0.4278 0.41285 0.42888 0.41176 0.42996 0.41176 0.43103 0.41068 0.43211 0.41068 0.43211 0.40959 0.43534 0.40632 0.43642 0.40632 0.43642 0.40523 0.4375 0.40414 0.43858 0.40414 0.43858 0.40305 0.43966 0.40196 0.44073 0.40196 0.44073 0.40087 0.44181 0.39978 0.44289 0.39978 0.44397 0.39869 0.44504 0.39869 0.44504 0.3976 0.44828 0.39434 0.44935 0.39434 0.45043 0.39325 0.45043 0.39216 0.45259 0.38998 0.45366 0.38998 0.45797 0.38562 0.45905 0.38562 0.46121 0.38344 0.46336 0.38344 0.46336 0.38235 0.46444 0.38126 0.46767 0.38126 0.47091 0.378 0.47306 0.378 0.47306 0.37691 0.47414 0.37582 0.47737 0.37582 0.4806 0.37255 0.48276 0.37255 0.48276 0.37146 0.48384 0.37037 0.48707 0.37037 0.48707 0.36928 0.48815 0.36819 0.4903 0.36819 0.49138 0.3671 0.49246 0.3671 0.49246 0.36601 0.49353 0.36492 0.49677 0.36492 0.49677 0.36383 0.49784 0.36275 0.5 0.36275 0.50216 0.36057 0.50647 0.36057 0.50862 0.35839 0.51078 0.35839 0.51185 0.3573 0.51616 0.3573 0.51616 0.35621 0.51724 0.35512 0.52047 0.35512 0.52155 0.35403 0.52371 0.35403 0.52586 0.35185 0.52909 0.35185 0.53125 0.34967 0.53341 0.34967 0.53556 0.34749 0.53879 0.34749 0.53879 0.34641 0.53987 0.34532 0.54203 0.34532 0.5431 0.34423 0.54418 0.34423 0.54526 0.34314 0.54634 0.34314 0.54741 0.34205 0.54849 0.34205 0.54957 0.34096 0.55172 0.34096 0.5528 0.33987 0.55388 0.33987 0.55603 0.33769 0.55819 0.33769 0.55819 0.33551 0.55711 0.33442 0.55711 0.33224 0.55819 0.33115 0.55711 0.33007 0.55711 0.3268 0.55819 0.32571 0.55711 0.32462 0.55711 0.32135 0.55819 0.32026 0.55711 0.31917 0.55711 0.3159 0.55603 0.31481 0.55711 0.31373 0.55711 0.31046 0.55496 0.30828 0.55496 0.30719 0.5528 0.30501 0.5528 0.30283 0.55065 0.30065 0.55065 0.29956 0.54957 0.29847 0.54957 0.2963 0.54849 0.2963 0.54741 0.29521 0.54741 0.29412 0.54634 0.29303 0.54634 0.29194 0.54526 0.29085 0.54526 0.28976 0.54418 0.28867 0.54418 0.28758 0.5431 0.28758 0.54203 0.28649 0.54203 0.2854
0 0.59052 0.26253 0.58944 0.26362 0.58621 0.26362 0.58513 0.26471 0.5819 0.26471 0.58082 0.26362 0.57974 0.26471 0.57651 0.26471 0.57543 0.2658 0.57112 0.2658 0.56897 0.26797 0.56681 0.26797 0.56573 0.26906 0.56142 0.26906 0.56142 0.27015 0.56034 0.27124 0.55711 0.27124 0.55711 0.27233 0.55496 0.27451 0.55496 0.2756 0.5528 0.27778 0.5528 0.27887 0.55172 0.27996 0.55172 0.28105 0.54849 0.28431 0.54849 0.28758 0.54957 0.28758 0.55172 0.28976 0.55496 0.28976 0.56142 0.2963 0.56142 0.29739 0.5625 0.29847 0.5625 0.29956 0.56466 0.30174 0.56466 0.30283 0.56358 0.30392 0.56466 0.30501 0.56466 0.30828 0.56358 0.30937 0.56466 0.31046 0.56466 0.32353 0.56573 0.32462 0.56466 0.32571 0.56466 0.32898 0.56573 0.33007 0.56466 0.33115 0.56466 0.33442 0.56573 0.33551 0.56466 0.3366 0.56466 0.33878 0.56573 0.33987 0.56573 0.34096 0.56466 0.34205 0.56466 0.34314 0.56573 0.34314 0.56681 0.34205 0.56789 0.34205 0.56789 0.34096 0.57004 0.33878 0.57112 0.33878 0.57435 0.33551 0.57759 0.33551 0.57866 0.33442 0.58297 0.33442 0.58405 0.33333 0.58513 0.33442 0.59052 0.33442 0.59159 0.33551 0.59375 0.33551 0.59591 0.33769 0.59591 0.33878 0.59698 0.33987 0.59914 0.33987 0.60129 0.34205 0.60129 0.34096 0.60022 0.33987 0.60129 0.33878 0.60129 0.33551 0.60022 0.33442 0.60129 0.33333 0.60129 0.33115 0.60022 0.33007 0.60022 0.32898 0.60129 0.32789 0.60129 0.32244 0.60237 0.32135 0.60237 0.31808 0.60345 0.31699 0.60345 0.31373 0.60453 0.31264 0.60453 0.30937 0.6056 0.30828 0.6056 0.30719 0.60776 0.30501 0.60668 0.30392 0.60884 0.30174 0.60884 0.29847 0.60991 0.29739 0.60991 0.2963 0.61207 0.29412 0.61207 0.29194 0.61422 0.28976 0.61315 0.28867 0.61638 0.2854 0.61638 0.28322 0.61746 0.28214 0.61746 0.27887 0.61638 0.27887 0.6153 0.27778 0.6153 0.27451 0.61422 0.27342 0.61422 0.27233 0.61315 0.27124 0.61315 0.26906 0.61207 0.26797 0.60884 0.26797 0.60776 0.26688 0.60668 0.26688 0.6056 0.2658 0.60237 0.2658 0.60129 0.26471 0.60022 0.2658 0.59806 0.26362 0.59698 0.26362 0.59591 0.26253 0.59483 0.26362 0.59375 0.26253
