0 0.55065 0.62092 0.54957 0.622 0.53987 0.622 0.53879 0.62309 0.53556 0.62309 0.52909 0.62963 0.52802 0.62963 0.52694 0.63072 0.52694 0.63181 0.52586 0.6329 0.52586 0.63399 0.52478 0.63508 0.52478 0.63617 0.52371 0.63725 0.52371 0.63834 0.52263 0.63943 0.52263 0.64052 0.52155 0.64161 0.52155 0.64379 0.52263 0.64488 0.52371 0.64488 0.52478 0.64597 0.52586 0.64597 0.52694 0.64706 0.52802 0.64706 0.52909 0.64815 0.53017 0.64815 0.53125 0.64924 0.54526 0.64924 0.54741 0.64706 0.54849 0.64706 0.56034 0.63508 0.56142 0.63508 0.5625 0.63399 0.5625 0.63072 0.55927 0.62745 0.55927 0.62636 0.55711 0.62418 0.55711 0.62309 0.55496 0.62092
0 0.48815 0.56536 0.48707 0.56645 0.47629 0.56645 0.47629 0.56754 0.47522 0.56863 0.47522 0.56972 0.47414 0.57081 0.47414 0.5719 0.47306 0.57298 0.47306 0.57407 0.47198 0.57516 0.47198 0.57625 0.47091 0.57734 0.47091 0.57952 0.46983 0.58061 0.46983 0.58279 0.47198 0.58497 0.47198 0.58606 0.47306 0.58715 0.47306 0.58824 0.47522 0.59041 0.47522 0.5915 0.47629 0.59259 0.47629 0.59368 0.47845 0.59586 0.47845 0.59695 0.47953 0.59804 0.48707 0.59804 0.48815 0.59695 0.49138 0.59695 0.49246 0.59586 0.49246 0.59477 0.49461 0.59259 0.49461 0.5915 0.49569 0.59041 0.49569 0.58932 0.49677 0.58824 0.49677 0.58715 0.49892 0.58497 0.49892 0.58388 0.5 0.58279 0.5 0.5817 0.50108 0.58061 0.50108 0.57952 0.50216 0.57843 0.50216 0.57298 0.50108 0.57298 0.49892 0.57081 0.49784 0.57081 0.49569 0.56863 0.49461 0.56863 0.49138 0.56536
0 0.63362 0.55338 0.63254 0.55447 0.62931 0.55447 0.62823 0.55556 0.62392 0.55556 0.62284 0.55664 0.62284 0.55773 0.61746 0.56318 0.61746 0.56427 0.61315 0.56863 0.61315 0.56972 0.60884 0.57407 0.60884 0.59695 0.61638 0.60458 0.61638 0.60566 0.62177 0.61111 0.62931 0.61111 0.63039 0.61002 0.6347 0.61002 0.63901 0.60566 0.63901 0.60458 0.64332 0.60022 0.64332 0.59913 0.64655 0.59586 0.64655 0.59477 0.64332 0.5915 0.64332 0.59041 0.64009 0.58715 0.64009 0.58388 0.63901 0.58279 0.63901 0.57952 0.63793 0.57843 0.63793 0.57516 0.63685 0.57407 0.63685 0.56536 0.63578 0.56427 0.63578 0.55338
0 0.07759 0.53486 0.07759 0.53922 0.07866 0.54031 0.07866 0.54248 0.07974 0.54357 0.07974 0.54684 0.08082 0.54793 0.08082 0.55011 0.0819 0.5512 0.0819 0.55447 0.08297 0.55556 0.08297 0.55882 0.08405 0.55991 0.08405 0.56209 0.08513 0.56318 0.08513 0.56645 0.08621 0.56754 0.08621 0.56972 0.08728 0.57081 0.08728 0.57407 0.08836 0.57516 0.08836 0.57734 0.08944 0.57843 0.08944 0.5817 0.09052 0.58279 0.09052 0.58497 0.09159 0.58606 0.09159 0.58932 0.09267 0.59041 0.09267 0.59368 0.09375 0.59477 0.09375 0.59695 0.09483 0.59804 0.09483 0.60131 0.09591 0.6024 0.09591 0.60566 0.09698 0.60675 0.09698 0.60893 0.09806 0.61002 0.09806 0.61329 0.09914 0.61438 0.09914 0.61765 0.10022 0.61874 0.10022 0.622 0.10129 0.62309 0.10129 0.62527 0.10237 0.62636 0.10237 0.62963 0.10345 0.63072 0.10345 0.63399 0.10453 0.63508 0.10453 0.63834 0.1056 0.63943 0.1056 0.64161 0.10668 0.6427 0.10668 0.64379 0.10776 0.64488 0.10776 0.64597 0.10884 0.64706 0.10884 0.64815 0.11099 0.65033 0.11099 0.65142 0.11207 0.65251 0.11207 0.65359 0.11422 0.65577 0.11422 0.65686 0.1153 0.65795 0.1153 0.65904 0.11746 0.66122 0.11746 0.66231 0.11961 0.66449 0.11961 0.66558 0.12069 0.66667 0.12069 0.66776 0.12284 0.66993 0.12284 0.67102 0.12392 0.67211 0.12392 0.6732 0.12608 0.67538 0.12608 0.67647 0.12716 0.67756 0.12716 0.67865 0.12931 0.68083 0.12931 0.68192 0.13147 0.6841 0.13147 0.68519 0.13254 0.68627 0.13254 0.68736 0.1347 0.68954 0.1347 0.69063 0.13578 0.69172 0.13578 0.69281 0.13685 0.6939 0.13685 0.69499 0.13793 0.69608 0.13793 0.69717 0.13901 0.69826 0.13901 0.70044 0.14009 0.70153 0.14009 0.70261 0.14116 0.7037 0.14116 0.70479 0.14224 0.70588 0.14224 0.70697 0.14332 0.70806 0.14332 0.70915 0.1444 0.71024 0.1444 0.71133 0.14547 0.71242 0.14547 0.7146 0.14655 0.71569 0.14655 0.71678 0.14763 0.71786 0.14763 0.71895 0.14871 0.72004 0.14871 0.72113 0.14978 0.72222 0.14978 0.72331 0.15086 0.7244 0.15086 0.72549 0.15194 0.72658 0.15194 0.72767 0.15302 0.72876 0.15302 0.73094 0.15409 0.73203 0.15409 0.73312 0.15517 0.7342 0.15517 0.73529 0.15625 0.73638 0.15625 0.73747 0.15733 0.73856 0.15733 0.73965 0.15841 0.74074 0.15841 0.74183 0.15948 0.74292 0.15948 0.7451 0.16056 0.74619 0.16056 0.74728 0.16164 0.74837 0.16164 0.74946 0.16272 0.75054 0.16272 0.75163 0.16379 0.75272 0.16379 0.75381 0.16487 0.7549 0.16487 0.75599 0.16703 0.75817 0.17026 0.75817 0.17134 0.75926 0.17349 0.75926 0.17457 0.76035 0.1778 0.76035 0.17888 0.76144 0.18103 0.76144 0.18211 0.76253 0.18534 0.76253 0.18642 0.76362 0.18966 0.76362 0.19073 0.76471 0.19289 0.76471 0.19397 0.7658 0.1972 0.7658 0.19828 0.76688 0.20043 0.76688 0.20259 0.76471 0.20366 0.76471 0.20582 0.76253 0.2069 0.76253 0.21013 0.75926 0.21121 0.75926 0.21444 0.75599 0.21552 0.75599 0.21767 0.75381 0.21875 0.75381 0.22091 0.75163 0.22198 0.75163 0.22522 0.74837 0.22629 0.74837 0.22845 0.74619 0.22953 0.74619 0.23276 0.74292 0.23384 0.74292 0.23599 0.74074 0.23707 0.74074 0.23922 0.73856 0.2403 0.73856 0.24246 0.73638 0.24246 0.73529 0.24784 0.72985 0.24784 0.72876 0.25431 0.72222 0.25431 0.72113 0.26078 0.7146 0.26078 0.71351 0.26616 0.70806 0.26616 0.70697 0.27263 0.70044 0.27263 0.69935 0.27478 0.69717 0.27478 0.68954 0.27586 0.68845 0.27586 0.67756 0.27694 0.67647 0.27694 0.66449 0.27802 0.6634 0.27802 0.65468 0.27694 0.65359 0.27694 0.65033 0.27586 0.64924 0.27586 0.64597 0.27478 0.64488 0.27478 0.6427 0.27371 0.64161 0.27371 0.63834 0.27263 0.63725 0.27263 0.63399 0.27155 0.6329 0.27155 0.62963 0.27047 0.62854 0.27047 0.62527 0.2694 0.62418 0.2694 0.62092 0.26832 0.61983 0.26832 0.61656 0.26724 0.61547 0.26724 0.6122 0.26616 0.61111 0.26616 0.60893 0.26509 0.60784 0.26509 0.60458 0.26401 0.60349 0.26401 0.60022 0.26293 0.59913 0.26293 0.59586 0.26185 0.59477 0.26185 0.5915 0.26078 0.59041 0.26078 0.58715 0.2597 0.58606 0.2597 0.58388 0.25862 0.58279 0.25862 0.5817 0.25647 0.57952 0.25647 0.57843 0.25323 0.57516 0.25323 0.57407 0.25108 0.5719 0.25108 0.57081 0.24784 0.56754 0.24784 0.56645 0.24569 0.56427 0.24569 0.56318 0.24246 0.55991 0.24246 0.55882 0.2403 0.55664 0.2403 0.55556 0.23707 0.55229 0.23707 0.5512 0.23599 0.55011 0.2306 0.55011 0.22953 0.54902 0.22414 0.54902 0.22306 0.54793 0.21767 0.54793 0.21659 0.54684 0.21228 0.54684 0.21121 0.54575 0.20582 0.54575 0.20474 0.54466 0.19935 0.54466 0.19828 0.54357 0.19289 0.54357 0.19181 0.54248 0.1875 0.54248 0.18642 0.54139 0.18103 0.54139 0.17996 0.54031 0.17457 0.54031 0.17349 0.53922 0.11746 0.53922 0.11638 0.53813 0.1056 0.53813 0.10453 0.53704 0.09267 0.53704 0.09159 0.53595 0.07974 0.53595 0.07866 0.53486
0 0.37177 0.5098 0.37069 0.51089 0.36853 0.51089 0.36746 0.51198 0.3653 0.51198 0.36422 0.51307 0.36207 0.51307 0.36099 0.51416 0.35884 0.51416 0.35776 0.51525 0.3556 0.51525 0.35453 0.51634 0.35345 0.51634 0.34698 0.52288 0.34591 0.52288 0.33621 0.53268 0.33513 0.53268 0.32974 0.53813 0.32974 0.53922 0.32866 0.54031 0.32866 0.54139 0.32759 0.54248 0.32759 0.54357 0.32651 0.54466 0.32651 0.54575 0.32543 0.54684 0.32543 0.54793 0.32435 0.54902 0.32435 0.55011 0.32328 0.5512 0.32328 0.55229 0.3222 0.55338 0.3222 0.55447 0.32112 0.55556 0.32112 0.55664 0.32004 0.55773 0.32004 0.55882 0.31897 0.55991 0.31897 0.561 0.31789 0.56209 0.31789 0.56318 0.31681 0.56427 0.31681 0.56536 0.31573 0.56645 0.31573 0.56754 0.31466 0.56863 0.31466 0.56972 0.31358 0.57081 0.31358 0.5719 0.31142 0.57407 0.31142 0.57625 0.31034 0.57734 0.31034 0.58279 0.30927 0.58388 0.30927 0.59041 0.30819 0.5915 0.30819 0.59804 0.30711 0.59913 0.30711 0.60566 0.30603 0.60675 0.30603 0.61002 0.30711 0.61111 0.30711 0.6122 0.30819 0.61329 0.30819 0.61438 0.31034 0.61656 0.31034 0.61765 0.3125 0.61983 0.3125 0.62092 0.31358 0.622 0.31358 0.62309 0.31573 0.62527 0.31573 0.62636 0.31681 0.62745 0.31681 0.62854 0.31897 0.63072 0.31897 0.63181 0.32004 0.6329 0.32004 0.63399 0.3222 0.63617 0.3222 0.63725 0.32328 0.63834 0.32435 0.63834 0.32866 0.6427 0.32974 0.6427 0.33405 0.64706 0.33513 0.64706 0.33944 0.65142 0.34052 0.65142 0.34375 0.65468 0.34483 0.65468 0.34914 0.65904 0.35022 0.65904 0.35453 0.6634 0.3556 0.6634 0.35668 0.66449 0.35776 0.6634 0.35884 0.6634 0.35991 0.66231 0.36099 0.66231 0.36207 0.66122 0.36315 0.66122 0.36422 0.66013 0.3653 0.66013 0.36638 0.65904 0.36746 0.65904 0.36853 0.65795 0.36961 0.65795 0.37069 0.65686 0.37177 0.65686 0.37284 0.65577 0.37392 0.65577 0.375 0.65468 0.37716 0.65468 0.37823 0.65359 0.37931 0.65359 0.38039 0.65251 0.38147 0.65251 0.38254 0.65142 0.38362 0.65142 0.3847 0.65033 0.38578 0.65033 0.38685 0.64924 0.38793 0.64924 0.38901 0.64815 0.39009 0.64815 0.39116 0.64706 0.39224 0.64706 0.39332 0.64597 0.3944 0.64597 0.39547 0.64488 0.39655 0.64488 0.39763 0.64379 0.39871 0.64379 0.39978 0.6427 0.40086 0.6427 0.40194 0.64161 0.40302 0.64161 0.40409 0.64052 0.40517 0.64052 0.40625 0.63943 0.40733 0.63943 0.40841 0.63834 0.40948 0.63834 0.41056 0.63725 0.41164 0.63725 0.41272 0.63617 0.41487 0.63617 0.41595 0.63508 0.41703 0.63508 0.4181 0.63399 0.41918 0.63399 0.42026 0.6329 0.42134 0.6329 0.42134 0.63181 0.42241 0.63072 0.42241 0.60675 0.42134 0.60566 0.42134 0.60458 0.42026 0.60349 0.42026 0.6024 0.41918 0.60131 0.41918 0.60022 0.41703 0.59804 0.41703 0.59695 0.41595 0.59586 0.41595 0.59477 0.41379 0.59259 0.41379 0.5915 0.41272 0.59041 0.41272 0.58932 0.41056 0.58715 0.41056 0.58606 0.40948 0.58497 0.40948 0.58388 0.40841 0.58279 0.40841 0.5817 0.40625 0.57952 0.40625 0.57843 0.40517 0.57734 0.40517 0.57625 0.40302 0.57407 0.40302 0.57298 0.40194 0.5719 0.40194 0.57081 0.40086 0.56972 0.40086 0.56863 0.39978 0.56754 0.39978 0.56536 0.39871 0.56427 0.39871 0.56318 0.39763 0.56209 0.39763 0.561 0.39655 0.55991 0.39655 0.55882 0.39547 0.55773 0.39547 0.55664 0.3944 0.55556 0.3944 0.55447 0.39332 0.55338 0.39332 0.5512 0.39224 0.55011 0.39224 0.54902 0.39116 0.54793 0.39116 0.54684 0.39009 0.54575 0.39009 0.54466 0.38901 0.54357 0.38901 0.54248 0.38793 0.54139 0.38793 0.53922 0.38685 0.53813 0.38685 0.53704 0.38578 0.53595 0.38578 0.53377 0.3847 0.53268 0.3847 0.53159 0.38362 0.5305 0.38362 0.52832 0.38254 0.52723 0.38254 0.52614 0.38147 0.52505 0.38147 0.52397 0.38039 0.52288 0.38039 0.5207 0.37931 0.51961 0.37931 0.51852 0.37823 0.51743 0.37823 0.51525 0.37716 0.51416 0.37716 0.51307 0.37608 0.51198 0.37608 0.51089 0.375 0.5098
0 0.60129 0.48475 0.60022 0.48584 0.59698 0.48584 0.59591 0.48693 0.59267 0.48693 0.59159 0.48802 0.59052 0.48802 0.59052 0.48911 0.58944 0.4902 0.58944 0.49237 0.58836 0.49346 0.58836 0.49564 0.58728 0.49673 0.58728 0.5 0.58621 0.50109 0.58621 0.50327 0.58513 0.50436 0.58513 0.50654 0.58621 0.50763 0.58621 0.51416 0.58728 0.51525 0.58728 0.5207 0.59052 0.5207 0.59159 0.52179 0.59483 0.52179 0.59591 0.52288 0.59914 0.52288 0.60022 0.52397 0.6056 0.52397 0.60884 0.5207 0.60884 0.51961 0.61422 0.51416 0.61422 0.5098 0.6153 0.50871 0.6153 0.50436 0.61638 0.50327 0.61638 0.49782 0.61746 0.49673 0.61746 0.49129 0.61638 0.49129 0.6153 0.4902 0.61422 0.4902 0.61315 0.48911 0.61099 0.48911 0.60991 0.48802 0.60884 0.48802 0.60776 0.48693 0.60668 0.48693 0.6056 0.48584 0.60345 0.48584 0.60237 0.48475
0 0.09159 0.43791 0.08944 0.44009 0.08944 0.44118 0.08836 0.44227 0.08836 0.44336 0.08621 0.44553 0.08621 0.44662 0.08513 0.44771 0.08513 0.4488 0.08405 0.44989 0.08405 0.45098 0.0819 0.45316 0.0819 0.45425 0.08082 0.45534 0.08082 0.45861 0.0819 0.45969 0.0819 0.47277 0.08297 0.47386 0.08297 0.47495 0.08405 0.47603 0.08405 0.47712 0.08513 0.47821 0.08513 0.4793 0.08621 0.48039 0.08621 0.48148 0.08728 0.48257 0.08728 0.48366 0.08836 0.48475 0.08836 0.48584 0.08944 0.48693 0.08944 0.48802 0.09052 0.48802 0.09267 0.4902 0.09375 0.4902 0.09698 0.49346 0.09806 0.49346 0.10022 0.49564 0.10129 0.49564 0.10345 0.49782 0.10453 0.49782 0.10776 0.50109 0.10884 0.50109 0.11099 0.50327 0.11422 0.50327 0.1153 0.50218 0.11638 0.50218 0.11853 0.5 0.11961 0.5 0.12069 0.49891 0.12177 0.49891 0.12392 0.49673 0.125 0.49673 0.12608 0.49564 0.12716 0.49564 0.12931 0.49346 0.13039 0.49346 0.13147 0.49237 0.13254 0.49237 0.1347 0.4902 0.13578 0.4902 0.13685 0.48911 0.15194 0.48911 0.15302 0.48802 0.16918 0.48802 0.17026 0.48693 0.17349 0.48693 0.17457 0.48802 0.17888 0.48802 0.17996 0.48911 0.18319 0.48911 0.18427 0.4902 0.18966 0.4902 0.19073 0.48911 0.19181 0.48911 0.19504 0.48584 0.19612 0.48584 0.20043 0.48148 0.20151 0.48148 0.20259 0.48039 0.20797 0.48039 0.20905 0.48148 0.21552 0.48148 0.21659 0.48257 0.21983 0.48257 0.22091 0.48366 0.22198 0.48366 0.22522 0.48693 0.22629 0.48693 0.22953 0.4902 0.2306 0.4902 0.23384 0.49346 0.23491 0.49346 0.23815 0.49673 0.23922 0.49673 0.24246 0.5 0.24353 0.5 0.24784 0.50436 0.25323 0.50436 0.25431 0.50327 0.25754 0.50327 0.25862 0.50218 0.26185 0.50218 0.26293 0.50109 0.26616 0.50109 0.27047 0.49673 0.27047 0.49564 0.27694 0.48911 0.27694 0.48802 0.28125 0.48366 0.28125 0.48257 0.28664 0.47712 0.28772 0.47712 0.29418 0.47059 0.31034 0.47059 0.31034 0.46405 0.31142 0.46296 0.31142 0.45643 0.30819 0.45316 0.30711 0.45316 0.30496 0.45098 0.3028 0.45098 0.30172 0.45207 0.29957 0.45207 0.29849 0.45316 0.29526 0.45316 0.29418 0.45425 0.29203 0.45425 0.29095 0.45534 0.28987 0.45534 0.28879 0.45643 0.28664 0.45643 0.28556 0.45752 0.28233 0.45752 0.28125 0.45861 0.27909 0.45861 0.27802 0.45969 0.27586 0.45969 0.27478 0.46078 0.27263 0.46078 0.27155 0.46187 0.2694 0.46187 0.2694 0.46296 0.26832 0.46405 0.26832 0.46514 0.26724 0.46623 0.26724 0.46732 0.26616 0.46841 0.26616 0.47059 0.26509 0.47168 0.26509 0.47277 0.26401 0.47386 0.26401 0.47495 0.26293 0.47603 0.26293 0.47821 0.26185 0.4793 0.25754 0.4793 0.25647 0.48039 0.25 0.48039 0.24892 0.48148 0.24569 0.48148 0.24353 0.4793 0.24353 0.47821 0.2306 0.46514 0.22953 0.46514 0.22737 0.46296 0.22629 0.46296 0.22522 0.46187 0.22414 0.46187 0.22306 0.46078 0.22198 0.46078 0.21983 0.45861 0.21875 0.45861 0.21767 0.45752 0.21659 0.45752 0.21444 0.45534 0.21336 0.45534 0.21228 0.45425 0.21121 0.45425 0.21013 0.45316 0.20905 0.45316 0.20797 0.45207 0.20582 0.45207 0.20474 0.45316 0.20259 0.45316 0.20151 0.45425 0.19935 0.45425 0.19828 0.45534 0.19612 0.45534 0.19504 0.45643 0.19289 0.45643 0.19181 0.45752 0.18966 0.45752 0.18858 0.45861 0.18642 0.45861 0.18534 0.45969 0.17996 0.45969 0.17888 0.46078 0.15733 0.46078 0.15625 0.45969 0.15517 0.45969 0.15409 0.45861 0.15194 0.45861 0.15086 0.45752 0.14978 0.45752 0.14871 0.45643 0.14655 0.45643 0.14547 0.45534 0.1444 0.45534 0.14332 0.45425 0.14224 0.45425 0.14116 0.45316 0.13901 0.45316 0.13793 0.45207 0.13578 0.45207 0.1347 0.45098 0.13362 0.45098 0.13254 0.44989 0.13147 0.44989 0.13039 0.4488 0.12823 0.4488 0.12716 0.44771 0.12608 0.44771 0.125 0.44662 0.12284 0.44662 0.12177 0.44553 0.12069 0.44553 0.11961 0.44444 0.11853 0.44444 0.11746 0.44336 0.1153 0.44336 0.11422 0.44227 0.11315 0.44227 0.11207 0.44118 0.10991 0.44118 0.10884 0.44009 0.10776 0.44009 0.10668 0.439 0.10453 0.439 0.10345 0.43791
0 0.44073 0.40959 0.42349 0.42702 0.42349 0.42919 0.42241 0.43028 0.42241 0.43246 0.42134 0.43355 0.42134 0.43573 0.42026 0.43682 0.42026 0.43791 0.41918 0.439 0.41918 0.44118 0.4181 0.44227 0.4181 0.44444 0.41703 0.44553 0.41703 0.44771 0.41595 0.4488 0.41595 0.44989 0.41487 0.45098 0.41487 0.45425 0.41379 0.45534 0.41379 0.45752 0.41272 0.45861 0.41272 0.46078 0.41164 0.46187 0.41164 0.46514 0.41056 0.46623 0.41056 0.46841 0.40948 0.4695 0.40948 0.47277 0.40841 0.47386 0.40841 0.47603 0.40733 0.47712 0.40733 0.48039 0.40625 0.48148 0.40625 0.49564 0.40517 0.49673 0.40517 0.53268 0.40625 0.53377 0.40625 0.53486 0.40733 0.53595 0.40733 0.53704 0.40841 0.53813 0.40841 0.53922 0.40948 0.54031 0.40948 0.54139 0.41056 0.54248 0.41056 0.54466 0.41164 0.54575 0.41164 0.54684 0.41272 0.54793 0.41272 0.54902 0.41379 0.55011 0.41379 0.5512 0.42996 0.5512 0.43103 0.55229 0.4375 0.55229 0.43966 0.55011 0.43966 0.54902 0.44181 0.54684 0.44181 0.54575 0.44397 0.54357 0.44397 0.54248 0.44612 0.54031 0.44612 0.53922 0.44504 0.53813 0.44504 0.53704 0.44181 0.53377 0.44181 0.53268 0.43858 0.52941 0.43858 0.52832 0.43534 0.52505 0.43534 0.52397 0.43319 0.52179 0.43319 0.5207 0.43211 0.51961 0.43211 0.51852 0.43103 0.51743 0.43103 0.51634 0.42996 0.51525 0.42996 0.51416 0.4278 0.51198 0.4278 0.51089 0.42672 0.5098 0.42672 0.50871 0.42565 0.50763 0.42565 0.50436 0.42672 0.50327 0.42672 0.50109 0.4278 0.5 0.4278 0.49782 0.42888 0.49673 0.42888 0.49455 0.42996 0.49346 0.42996 0.49237 0.43103 0.49129 0.43103 0.48911 0.43211 0.48802 0.43211 0.48584 0.43319 0.48475 0.43319 0.48366 0.43427 0.48257 0.43427 0.48148 0.43534 0.48039 0.43534 0.4793 0.43642 0.47821 0.43642 0.47712 0.43858 0.47495 0.43858 0.47386 0.43966 0.47277 0.43966 0.47168 0.44181 0.4695 0.44181 0.46841 0.44289 0.46732 0.44289 0.46623 0.44397 0.46514 0.44397 0.46296 0.44504 0.46187 0.44504 0.46078 0.44612 0.45969 0.44612 0.45752 0.4472 0.45643 0.4472 0.45534 0.44828 0.45425 0.44828 0.45207 0.44935 0.45098 0.44935 0.4488 0.45043 0.44771 0.45043 0.44662 0.45151 0.44553 0.45151 0.44336 0.45259 0.44227 0.45259 0.44118 0.45366 0.44009 0.45366 0.43791 0.45474 0.43682 0.45474 0.43355 0.45582 0.43246 0.45582 0.42919 0.4569 0.4281 0.4569 0.42484 0.45797 0.42375 0.45797 0.42048 0.4569 0.41939 0.4569 0.4183 0.45582 0.41721 0.45582 0.41612 0.45366 0.41394 0.45366 0.41285 0.45259 0.41176 0.45259 0.41068 0.45151 0.40959
0 0.52047 0.38562 0.5194 0.38671 0.50431 0.38671 0.50431 0.39325 0.50323 0.39434 0.50323 0.40632 0.50216 0.40741 0.50216 0.44553 0.50323 0.44662 0.50323 0.45316 0.50216 0.45425 0.50216 0.45969 0.50108 0.46078 0.50108 0.46623 0.5 0.46732 0.5 0.47277 0.49892 0.47386 0.49892 0.4793 0.49784 0.48039 0.49784 0.48584 0.49677 0.48693 0.49677 0.49237 0.49569 0.49346 0.49569 0.49782 0.49677 0.49891 0.49677 0.5 0.49892 0.50218 0.49892 0.50327 0.5 0.50436 0.5 0.50545 0.50216 0.50763 0.50216 0.50871 0.50431 0.51089 0.50431 0.51198 0.50647 0.51416 0.50647 0.51525 0.50862 0.51743 0.50862 0.51852 0.51078 0.5207 0.51078 0.52179 0.51293 0.52397 0.51293 0.52505 0.51509 0.52723 0.51509 0.52832 0.51724 0.5305 0.52694 0.5305 0.52802 0.53159 0.56789 0.53159 0.56897 0.53268 0.58728 0.53268 0.58728 0.52941 0.58621 0.52832 0.58621 0.52397 0.58513 0.52288 0.58513 0.51852 0.58405 0.51743 0.58405 0.51416 0.58297 0.51307 0.58297 0.50871 0.5819 0.50763 0.5819 0.50327 0.58082 0.50218 0.58082 0.49782 0.57974 0.49673 0.57974 0.49237 0.57866 0.49129 0.57866 0.48802 0.58082 0.48584 0.58297 0.48584 0.58405 0.48475 0.58621 0.48475 0.58728 0.48366 0.58836 0.48366 0.58944 0.48257 0.58944 0.48148 0.59159 0.4793 0.59159 0.47821 0.59267 0.47712 0.59267 0.47603 0.59483 0.47386 0.59483 0.47277 0.59698 0.47059 0.59698 0.4695 0.59806 0.46841 0.59806 0.46732 0.60022 0.46514 0.60022 0.46405 0.60129 0.46296 0.60129 0.46078 0.60022 0.45969 0.60022 0.45861 0.59591 0.45425 0.59591 0.45316 0.59267 0.44989 0.59267 0.4488 0.58836 0.44444 0.58836 0.44336 0.58513 0.44009 0.58513 0.439 0.57974 0.43355 0.57974 0.43246 0.57866 0.43137 0.57866 0.43028 0.57651 0.4281 0.57651 0.42702 0.57435 0.42484 0.57435 0.42375 0.5722 0.42157 0.5722 0.42048 0.57112 0.41939 0.57112 0.4183 0.56897 0.41612 0.56897 0.41503 0.56789 0.41394 0.56789 0.41285 0.56573 0.41068 0.56573 0.40959 0.56358 0.40741 0.56358 0.40632 0.56142 0.40414 0.56142 0.40305 0.55927 0.40087 0.55819 0.40087 0.55711 0.39978 0.55603 0.39978 0.55496 0.39869 0.55388 0.39869 0.5528 0.3976 0.55172 0.3976 0.55065 0.39651 0.54957 0.39651 0.54849 0.39542 0.54741 0.39542 0.54634 0.39434 0.54526 0.39434 0.54418 0.39325 0.5431 0.39325 0.54203 0.39216 0.54095 0.39216 0.53987 0.39107 0.53879 0.39107 0.53772 0.38998 0.53664 0.38998 0.53556 0.38889 0.53448 0.38889 0.53341 0.3878 0.53233 0.3878 0.53125 0.38671 0.53017 0.38671 0.52909 0.38562
0 0.66595 0.29521 0.66595 0.2963 0.66487 0.29739 0.66487 0.29847 0.66379 0.29956 0.66379 0.30065 0.66272 0.30174 0.66272 0.30392 0.66164 0.30501 0.66164 0.3061 0.66056 0.30719 0.66056 0.30828 0.65948 0.30937 0.65948 0.33878 0.65841 0.33987 0.65841 0.34096 0.65625 0.34314 0.65625 0.34423 0.65409 0.34641 0.65409 0.34749 0.65302 0.34858 0.65302 0.34967 0.65194 0.35076 0.65194 0.35403 0.65086 0.35512 0.65086 0.35839 0.64978 0.35948 0.64978 0.36166 0.64871 0.36275 0.64763 0.36275 0.6444 0.35948 0.6444 0.35839 0.64224 0.35621 0.64116 0.35621 0.63901 0.35403 0.63793 0.35403 0.63685 0.35294 0.63578 0.35294 0.63362 0.35076 0.63254 0.35076 0.63147 0.34967 0.63039 0.34967 0.62823 0.34749 0.625 0.34749 0.62392 0.34641 0.62177 0.34641 0.62069 0.34532 0.61853 0.34532 0.61746 0.34423 0.6153 0.34423 0.61422 0.34314 0.61207 0.34314 0.61099 0.34205 0.60776 0.34205 0.60668 0.34096 0.6056 0.34096 0.60453 0.33987 0.60345 0.33987 0.60237 0.33878 0.60022 0.33878 0.59483 0.34423 0.59483 0.34641 0.59806 0.34967 0.59806 0.35076 0.60237 0.35512 0.60237 0.35621 0.6056 0.35948 0.6056 0.36057 0.61099 0.36601 0.61099 0.3671 0.61207 0.3671 0.62069 0.37582 0.62177 0.37582 0.62716 0.38126 0.62716 0.3878 0.62608 0.38889 0.62608 0.3976 0.625 0.39869 0.625 0.39978 0.62608 0.40087 0.62823 0.40087 0.62931 0.40196 0.63147 0.40196 0.63254 0.40305 0.6347 0.40305 0.63578 0.40414 0.63901 0.40414 0.64009 0.40523 0.65194 0.40523 0.65302 0.40632 0.65625 0.40632 0.65733 0.40741 0.66056 0.40741 0.66164 0.4085 0.66487 0.4085 0.66595 0.40959 0.66918 0.40959 0.67026 0.41068 0.67349 0.41068 0.67457 0.41176 0.6778 0.41176 0.67888 0.41285 0.67888 0.41503 0.67996 0.41612 0.67996 0.42048 0.68103 0.42157 0.68103 0.42484 0.68211 0.42593 0.68211 0.42702 0.68319 0.4281 0.68319 0.42919 0.68427 0.43028 0.68427 0.43137 0.68534 0.43246 0.68534 0.43355 0.68642 0.43464 0.68642 0.43573 0.68858 0.43791 0.68858 0.439 0.68966 0.44009 0.68966 0.44227 0.69073 0.44336 0.69073 0.44553 0.69181 0.44662 0.69181 0.4488 0.69289 0.44989 0.69289 0.45207 0.69397 0.45316 0.69397 0.45643 0.69504 0.45752 0.69504 0.45969 0.69612 0.46078 0.69612 0.46405 0.6972 0.46514 0.6972 0.4695 0.69828 0.47059 0.69828 0.47386 0.69935 0.47495 0.69935 0.4793 0.70043 0.48039 0.70043 0.48366 0.70151 0.48475 0.70151 0.48584 0.70259 0.48693 0.70259 0.48911 0.70366 0.4902 0.70366 0.49237 0.70474 0.49346 0.70474 0.49455 0.70582 0.49564 0.70582 0.49782 0.7069 0.49891 0.7069 0.50109 0.70797 0.50218 0.70797 0.50436 0.71228 0.50871 0.71336 0.50871 0.71767 0.51307 0.71875 0.51307 0.71875 0.51198 0.71983 0.51089 0.71983 0.50871 0.72091 0.50763 0.72091 0.50436 0.72198 0.50327 0.72198 0.5 0.72306 0.49891 0.72306 0.46841 0.72198 0.46732 0.72198 0.46623 0.72091 0.46514 0.72091 0.46405 0.71983 0.46296 0.71983 0.46078 0.71875 0.45969 0.71875 0.45861 0.71767 0.45752 0.71767 0.45643 0.71659 0.45534 0.71659 0.45425 0.71552 0.45316 0.71552 0.45207 0.71444 0.45098 0.71444 0.4488 0.71336 0.44771 0.71336 0.44662 0.71228 0.44553 0.71228 0.44444 0.71121 0.44336 0.71121 0.44118 0.71013 0.44009 0.71013 0.43682 0.70905 0.43573 0.70905 0.43246 0.70797 0.43137 0.70797 0.4281 0.7069 0.42702 0.7069 0.42484 0.70582 0.42375 0.70582 0.42048 0.70474 0.41939 0.70474 0.41721 0.70366 0.41612 0.70366 0.41503 0.70259 0.41394 0.70259 0.41285 0.70151 0.41176 0.70151 0.41068 0.70259 0.40959 0.7069 0.41394 0.7069 0.41503 0.70797 0.41612 0.70797 0.4183 0.70905 0.41939 0.70905 0.42157 0.71013 0.42266 0.71013 0.42484 0.71121 0.42593 0.71121 0.4281 0.71228 0.42919 0.71228 0.43246 0.71336 0.43355 0.71336 0.43464 0.71444 0.43573 0.71444 0.43791 0.71552 0.439 0.71552 0.44118 0.71659 0.44227 0.71659 0.44336 0.71767 0.44444 0.71767 0.44662 0.71875 0.44771 0.71875 0.44989 0.71983 0.45098 0.71983 0.45316 0.72091 0.45425 0.72091 0.45534 0.72198 0.45643 0.72198 0.45861 0.72306 0.45969 0.72306 0.46187 0.72414 0.46296 0.72414 0.46623 0.72522 0.46732 0.72522 0.47059 0.72629 0.47168 0.72629 0.47386 0.72737 0.47495 0.72737 0.47821 0.72845 0.4793 0.72845 0.51743 0.72737 0.51852 0.72737 0.5207 0.72629 0.52179 0.72629 0.52397 0.72522 0.52505 0.72522 0.52723 0.72414 0.52832 0.72414 0.5305 0.72306 0.53159 0.72306 0.53377 0.72198 0.53486 0.72198 0.53704 0.72091 0.53813 0.72091 0.53922 0.71983 0.54031 0.71983 0.54248 0.71875 0.54357 0.71875 0.54575 0.71767 0.54684 0.71767 0.54902 0.71659 0.55011 0.71659 0.55229 0.71552 0.55338 0.71552 0.55556 0.71444 0.55664 0.71444 0.55882 0.71336 0.55991 0.71336 0.561 0.71228 0.56209 0.71228 0.56427 0.71121 0.56536 0.71121 0.56754 0.71013 0.56863 0.71013 0.56972 0.70905 0.57081 0.70905 0.57298 0.70797 0.57407 0.70797 0.57625 0.7069 0.57734 0.7069 0.57843 0.70582 0.57952 0.70582 0.58061 0.70366 0.58279 0.70366 0.58388 0.70151 0.58606 0.70151 0.58715 0.69828 0.59041 0.69828 0.5915 0.69612 0.59368 0.69612 0.59477 0.69397 0.59695 0.69397 0.59804 0.69181 0.60022 0.69181 0.60131 0.68966 0.60349 0.68966 0.60458 0.67026 0.62418 0.66918 0.62418 0.66595 0.62745 0.66487 0.62745 0.66272 0.62963 0.66164 0.62963 0.65841 0.6329 0.65733 0.6329 0.65517 0.63508 0.65409 0.63508 0.65086 0.63834 0.64978 0.63834 0.64655 0.64161 0.64547 0.64161 0.64332 0.64379 0.64224 0.64379 0.63901 0.64706 0.63793 0.64706 0.63685 0.64815 0.63578 0.64815 0.6347 0.64924 0.63254 0.64924 0.63147 0.65033 0.63039 0.65033 0.62931 0.65142 0.62716 0.65142 0.62608 0.65251 0.625 0.65251 0.62392 0.65359 0.62177 0.65359 0.62069 0.65468 0.61961 0.65468 0.61853 0.65577 0.61638 0.65577 0.6153 0.65686 0.61422 0.65686 0.61315 0.65795 0.61099 0.65795 0.60991 0.65904 0.60884 0.65904 0.60776 0.66013 0.6056 0.66013 0.60453 0.66122 0.60345 0.66122 0.60237 0.66231 0.60022 0.66231 0.59914 0.6634 0.59698 0.6634 0.59591 0.66449 0.59375 0.66449 0.59267 0.66558 0.59052 0.66558 0.58944 0.66667 0.58836 0.66667 0.58728 0.66776 0.58513 0.66776 0.58405 0.66885 0.5819 0.66885 0.58082 0.66993 0.57866 0.66993 0.57759 0.67102 0.57651 0.67102 0.57543 0.67211 0.57328 0.67211 0.5722 0.6732 0.57004 0.6732 0.56897 0.67429 0.56681 0.67429 0.56573 0.6732 0.56142 0.6732 0.56034 0.67211 0.55496 0.67211 0.55388 0.67102 0.54957 0.67102 0.54849 0.66993 0.54418 0.66993 0.5431 0.66885 0.53772 0.66885 0.53664 0.66776 0.53341 0.66776 0.53233 0.66667 0.53125 0.66667 0.53017 0.66558 0.52909 0.66558 0.52802 0.66449 0.52694 0.66449 0.52586 0.6634 0.52478 0.6634 0.52371 0.66231 0.52263 0.66231 0.52155 0.66122 0.52047 0.66122 0.5194 0.66013 0.51832 0.66013 0.51724 0.65904 0.51616 0.65904 0.51509 0.65795 0.51401 0.65795 0.51293 0.65686 0.51185 0.65686 0.51078 0.65577 0.5097 0.65577 0.50862 0.65468 0.50754 0.65468 0.50647 0.65359 0.50539 0.65359 0.50431 0.65251 0.50323 0.65251 0.50216 0.65142 0.50108 0.65142 0.5 0.65033 0.49892 0.65033 0.49784 0.64924 0.49677 0.64924 0.49569 0.64815 0.49461 0.64815 0.49353 0.64706 0.49246 0.64706 0.49138 0.64597 0.4903 0.64597 0.48922 0.64488 0.48815 0.64488 0.48707 0.64379 0.48599 0.64379 0.48491 0.6427 0.48384 0.6427 0.48276 0.64161 0.48168 0.64161 0.4806 0.64052 0.47953 0.64052 0.47845 0.63943 0.47737 0.63943 0.47629 0.63834 0.47522 0.63834 0.47306 0.63617 0.47198 0.63617 0.47091 0.63508 0.46983 0.63508 0.46875 0.63399 0.46767 0.63399 0.46659 0.6329 0.46444 0.6329 0.46228 0.63072 0.46121 0.63072 0.46013 0.62963 0.45905 0.62963 0.45797 0.62854 0.4569 0.62854 0.45582 0.62745 0.45474 0.62745 0.45259 0.62527 0.45151 0.62527 0.45043 0.62418 0.44935 0.62418 0.44828 0.62309 0.4472 0.62309 0.44612 0.622 0.44504 0.622 0.44289 0.61983 0.44181 0.61983 0.44073 0.61874 0.43966 0.61874 0.43858 0.61765 0.4375 0.61765 0.43642 0.61656 0.43427 0.61656 0.42565 0.62527 0.42457 0.62527 0.42457 0.62854 0.42565 0.62963 0.42565 0.63181 0.42672 0.6329 0.42672 0.63508 0.4278 0.63617 0.4278 0.63834 0.42888 0.63943 0.42888 0.64161 0.4278 0.6427 0.41487 0.6427 0.41379 0.64379 0.40517 0.64379 0.40086 0.64815 0.40086 0.64924 0.38901 0.66122 0.38901 0.66231 0.39009 0.6634 0.39009 0.66667 0.39116 0.66776 0.39116 0.66993 0.39224 0.67102 0.39224 0.6732 0.39332 0.67429 0.39332 0.67647 0.3944 0.67756 0.3944 0.67974 0.39332 0.68083 0.37931 0.68083 0.37823 0.68192 0.37284 0.68192 0.37177 0.68301 0.36638 0.68301 0.3653 0.6841 0.35991 0.6841 0.35884 0.68519 0.35022 0.68519 0.34914 0.68627 0.32866 0.68627 0.32759 0.68736 0.32651 0.68736 0.32543 0.68845 0.32435 0.68845 0.32328 0.68954 0.3222 0.68954 0.32004 0.69172 0.31897 0.69172 0.31789 0.69281 0.31681 0.69281 0.31466 0.69499 0.31358 0.69499 0.3125 0.69608 0.31142 0.69608 0.30927 0.69826 0.30819 0.69826 0.30711 0.69935 0.30603 0.69935 0.30388 0.70153 0.3028 0.70153 0.30172 0.70261 0.30065 0.70261 0.29849 0.70479 0.29741 0.70479 0.29634 0.70588 0.29634 0.71024 0.29526 0.71133 0.29526 0.71678 0.29418 0.71786 0.29418 0.72222 0.2931 0.72331 0.2931 0.72876 0.29203 0.72985 0.29203 0.73203 0.28987 0.7342 0.28987 0.73529 0.28879 0.73638 0.28879 0.73747 0.28772 0.73856 0.28772 0.73965 0.28556 0.74183 0.28556 0.74292 0.28448 0.74401 0.28448 0.7451 0.28233 0.74728 0.28233 0.74837 0.28125 0.74946 0.28125 0.75054 0.28017 0.75163 0.28017 0.75272 0.27802 0.7549 0.27586 0.7549 0.27478 0.75599 0.27371 0.75599 0.27263 0.75708 0.27155 0.75708 0.27047 0.75817 0.2694 0.75817 0.26724 0.76035 0.26616 0.76035 0.26509 0.76144 0.26401 0.76144 0.26293 0.76253 0.26185 0.76253 0.26078 0.76362 0.2597 0.76362 0.25754 0.7658 0.25754 0.76797 0.25647 0.76906 0.25647 0.77124 0.25539 0.77233 0.25539 0.77451 0.25431 0.7756 0.25431 0.77778 0.25323 0.77887 0.25323 0.78105 0.25216 0.78214 0.25216 0.78431 0.25108 0.7854 0.25108 0.78758 0.25 0.78867 0.25 0.79085 0.25754 0.79085 0.25862 0.79194 0.26832 0.79194 0.2694 0.79303 0.27371 0.79303 0.27478 0.79194 0.27694 0.79194 0.27909 0.78976 0.28017 0.78976 0.28125 0.78867 0.28233 0.78867 0.28341 0.78758 0.28448 0.78758 0.28556 0.78649 0.28664 0.78649 0.28772 0.7854 0.28879 0.7854 0.28987 0.78431 0.29095 0.78431 0.29203 0.78322 0.2931 0.78322 0.29418 0.78214 0.29526 0.78214 0.29634 0.78105 0.29741 0.78105 0.29849 0.77996 0.29957 0.77996 0.30065 0.77887 0.30172 0.77887 0.3028 0.77778 0.30388 0.77778 0.30496 0.77669 0.30603 0.77669 0.30711 0.7756 0.30819 0.7756 0.30927 0.77451 0.31034 0.77451 0.31142 0.77342 0.3125 0.77342 0.31358 0.77233 0.31466 0.77233 0.31466 0.77124 0.31789 0.76797 0.31789 0.76688 0.32004 0.76471 0.32004 0.76362 0.32328 0.76035 0.32328 0.75926 0.32543 0.75708 0.32543 0.75599 0.32866 0.75272 0.32866 0.75163 0.3319 0.74837 0.3319 0.74728 0.33297 0.74619 0.33297 0.74292 0.33405 0.74183 0.33405 0.7342 0.33513 0.73312 0.33513 0.72549 0.33621 0.7244 0.33621 0.71786 0.33728 0.71678 0.33836 0.71678 0.34267 0.71242 0.34375 0.71242 0.34698 0.70915 0.34806 0.70915 0.35129 0.70588 0.35453 0.70588 0.3556 0.70479 0.36853 0.70479 0.36961 0.7037 0.38254 0.7037 0.38362 0.70261 0.38793 0.70261 0.38901 0.70153 0.39332 0.70153 0.3944 0.70044 0.39871 0.70044 0.39978 0.69935 0.40409 0.69935 0.40517 0.69826 0.40948 0.69826 0.41056 0.69717 0.41272 0.69717 0.41487 0.69499 0.41595 0.69499 0.42241 0.68845 0.42349 0.68845 0.42888 0.68301 0.42888 0.68192 0.4278 0.68083 0.4278 0.67974 0.42672 0.67865 0.42672 0.67756 0.42565 0.67647 0.42565 0.67538 0.42457 0.67429 0.42457 0.67211 0.42349 0.67102 0.42349 0.66993 0.42241 0.66885 0.42241 0.66776 0.42134 0.66667 0.42134 0.66449 0.42888 0.65686 0.42888 0.65468 0.42996 0.65359 0.42996 0.65142 0.43103 0.65033 0.43211 0.65033 0.45474 0.6732 0.45582 0.6732 0.4569 0.67429 0.4569 0.67538 0.47306 0.69172 0.47306 0.69281 0.47845 0.69826 0.47953 0.69826 0.48276 0.70153 0.48384 0.70153 0.48707 0.70479 0.48815 0.70479 0.49138 0.70806 0.49246 0.70806 0.49569 0.71133 0.49677 0.71133 0.5 0.7146 0.50108 0.7146 0.50431 0.71786 0.50539 0.71786 0.50754 0.72004 0.50862 0.72004 0.51185 0.72331 0.51724 0.72331 0.51832 0.7244 0.52478 0.7244 0.52586 0.72549 0.53233 0.72549 0.53341 0.72658 0.53664 0.72658 0.53772 0.72549 0.54741 0.72549 0.54849 0.7244 0.55711 0.7244 0.55819 0.72331 0.56681 0.72331 0.56789 0.72222 0.57759 0.72222 0.57866 0.72113 0.58728 0.72113 0.58836 0.72004 0.59806 0.72004 0.59914 0.71895 0.60022 0.71895 0.60129 0.71786 0.60345 0.71786 0.60453 0.71678 0.6056 0.71678 0.60668 0.71569 0.60776 0.71569 0.60884 0.7146 0.60991 0.7146 0.61099 0.71351 0.61315 0.71351 0.61422 0.71242 0.6153 0.71242 0.61638 0.71133 0.61746 0.71133 0.61853 0.71024 0.61961 0.71024 0.62069 0.70915 0.62284 0.70915 0.62392 0.70806 0.625 0.70806 0.62608 0.70697 0.62716 0.70697 0.62823 0.70588 0.62931 0.70588 0.63039 0.70479 0.63254 0.70479 0.63362 0.7037 0.6347 0.7037 0.63578 0.70261 0.63685 0.70261 0.63793 0.70153 0.63901 0.70153 0.64009 0.70044 0.64224 0.70044 0.64332 0.69935 0.6444 0.69935 0.64547 0.69826 0.64655 0.69826 0.64763 0.69717 0.64871 0.69717 0.65086 0.69499 0.65194 0.69499 0.65302 0.6939 0.65409 0.6939 0.65625 0.69172 0.65733 0.69172 0.65948 0.68954 0.66056 0.68954 0.66164 0.68845 0.66272 0.68845 0.66487 0.68627 0.66595 0.68627 0.6681 0.6841 0.66918 0.6841 0.67026 0.68301 0.67134 0.68301 0.67349 0.68083 0.67457 0.68083 0.67672 0.67865 0.6778 0.67865 0.67888 0.67756 0.67996 0.67756 0.68211 0.67538 0.68319 0.67538 0.68534 0.6732 0.68642 0.6732 0.6875 0.67211 0.68858 0.67211 0.69073 0.66993 0.69181 0.66993 0.69397 0.66776 0.69504 0.66776 0.69612 0.66667 0.6972 0.66667 0.69935 0.66449 0.70043 0.66449 0.71121 0.65359 0.71228 0.65359 0.71228 0.65251 0.71336 0.65142 0.71444 0.65142 0.73491 0.63072 0.73599 0.63072 0.74677 0.61983 0.74677 0.61874 0.74784 0.61765 0.74784 0.61656 0.75 0.61438 0.75 0.61329 0.75216 0.61111 0.75216 0.61002 0.75323 0.60893 0.75323 0.60784 0.75431 0.60675 0.75431 0.60566 0.75647 0.60349 0.75647 0.6024 0.75862 0.60022 0.75862 0.59913 0.76078 0.59695 0.76078 0.59586 0.76185 0.59477 0.76185 0.59368 0.76401 0.5915 0.76401 0.59041 0.76509 0.58932 0.76509 0.58824 0.76724 0.58606 0.76724 0.58497 0.76832 0.58388 0.76832 0.5817 0.7694 0.58061 0.7694 0.57952 0.77047 0.57843 0.77047 0.57625 0.77155 0.57516 0.77155 0.57298 0.77263 0.5719 0.77263 0.57081 0.77371 0.56972 0.77371 0.56754 0.77478 0.56645 0.77478 0.56536 0.77586 0.56427 0.77586 0.56209 0.77694 0.561 0.77694 0.55882 0.77802 0.55773 0.77802 0.55664 0.77909 0.55556 0.77909 0.55338 0.78017 0.55229 0.78017 0.5512 0.78125 0.55011 0.78125 0.54793 0.78233 0.54684 0.78233 0.54466 0.78341 0.54357 0.78341 0.54248 0.78448 0.54139 0.78448 0.53922 0.78556 0.53813 0.78556 0.53595 0.78664 0.53486 0.78664 0.5305 0.78772 0.52941 0.78772 0.52505 0.78879 0.52397 0.78879 0.51961 0.78987 0.51852 0.78987 0.51416 0.79095 0.51307 0.79095 0.5098 0.79203 0.50871 0.79203 0.50436 0.7931 0.50327 0.7931 0.49891 0.79418 0.49782 0.79418 0.49346 0.79526 0.49237 0.79526 0.48802 0.79418 0.48693 0.79418 0.48366 0.7931 0.48257 0.7931 0.47821 0.79203 0.47712 0.79203 0.47277 0.79095 0.47168 0.79095 0.46841 0.78987 0.46732 0.78987 0.46296 0.78879 0.46187 0.78879 0.45752 0.78772 0.45643 0.78772 0.45207 0.78664 0.45098 0.78664 0.44771 0.78556 0.44662 0.78556 0.44227 0.78448 0.44118 0.78448 0.43682 0.78341 0.43573 0.78341 0.43355 0.78233 0.43246 0.78233 0.43028 0.78125 0.42919 0.78125 0.42702 0.78017 0.42593 0.78017 0.42484 0.77909 0.42375 0.77909 0.42157 0.77802 0.42048 0.77802 0.4183 0.77694 0.41721 0.77694 0.41503 0.77586 0.41394 0.77586 0.41176 0.77478 0.41068 0.77478 0.40959 0.77371 0.4085 0.77371 0.40632 0.77263 0.40523 0.77263 0.40305 0.77155 0.40196 0.77155 0.39978 0.77047 0.39869 0.77047 0.39651 0.7694 0.39542 0.7694 0.39434 0.76832 0.39325 0.76832 0.39107 0.76724 0.38998 0.76724 0.3878 0.76616 0.38671 0.76616 0.38453 0.76509 0.38344 0.76509 0.38126 0.74569 0.36166 0.74461 0.36166 0.72845 0.34532 0.72737 0.34532 0.71983 0.33769 0.71875 0.33769 0.71228 0.33115 0.71121 0.33115 0.70474 0.32462 0.70366 0.32462 0.70043 0.32135 0.69935 0.32135 0.69504 0.31699 0.69397 0.31699 0.69073 0.31373 0.68966 0.31373 0.68642 0.31046 0.68534 0.31046 0.68211 0.30719 0.68103 0.30719 0.6778 0.30392 0.67672 0.30392 0.67349 0.30065 0.67241 0.30065 0.6681 0.2963 0.66703 0.2963
0 0.51509 0.26253 0.51401 0.26362 0.51078 0.26362 0.5097 0.26471 0.50539 0.26471 0.50431 0.2658 0.5 0.2658 0.49892 0.26688 0.49461 0.26688 0.49353 0.26797 0.4903 0.26797 0.48922 0.26906 0.48707 0.26906 0.48599 0.27015 0.48384 0.27015 0.48276 0.27124 0.4806 0.27124 0.47953 0.27233 0.47845 0.27233 0.47737 0.27342 0.47522 0.27342 0.47414 0.27451 0.47198 0.27451 0.47091 0.2756 0.46983 0.2756 0.46875 0.27669 0.46659 0.27669 0.46552 0.27778 0.46336 0.27778 0.46228 0.27887 0.46121 0.27887 0.46013 0.27996 0.45797 0.27996 0.4569 0.28105 0.45474 0.28105 0.45366 0.28214 0.45259 0.28214 0.45151 0.28322 0.45043 0.28322 0.44935 0.28431 0.4472 0.28431 0.44612 0.2854 0.44504 0.2854 0.44397 0.28649 0.44289 0.28649 0.44181 0.28758 0.44073 0.28758 0.43966 0.28867 0.43858 0.28867 0.4375 0.28976 0.43642 0.28976 0.43534 0.29085 0.43427 0.29085 0.43319 0.29194 0.43211 0.29194 0.43103 0.29303 0.42996 0.29303 0.42888 0.29412 0.4278 0.29412 0.42672 0.29521 0.42565 0.29521 0.42457 0.2963 0.42349 0.2963 0.42241 0.29739 0.42134 0.29739 0.42026 0.29847 0.41918 0.29847 0.4181 0.29956 0.41703 0.29956 0.41595 0.30065 0.41487 0.30065 0.41379 0.30174 0.41272 0.30174 0.41164 0.30283 0.40948 0.30283 0.40841 0.30392 0.40733 0.30392 0.40625 0.30501 0.40517 0.30501 0.40409 0.3061 0.40302 0.3061 0.40194 0.30719 0.40086 0.30719 0.39978 0.30828 0.39871 0.30828 0.39332 0.31373 0.39224 0.31373 0.38578 0.32026 0.3847 0.32026 0.37931 0.32571 0.37823 0.32571 0.37177 0.33224 0.37069 0.33224 0.36422 0.33878 0.36315 0.33878 0.3556 0.34641 0.3556 0.34749 0.35453 0.34858 0.35453 0.34967 0.35345 0.35076 0.35345 0.35185 0.35237 0.35294 0.35237 0.35403 0.35129 0.35512 0.35129 0.3573 0.35022 0.35839 0.35022 0.35948 0.34914 0.36057 0.34914 0.36166 0.34806 0.36275 0.34806 0.36383 0.34698 0.36492 0.34698 0.36601 0.34591 0.3671 0.34591 0.36819 0.34483 0.36928 0.34483 0.37146 0.34375 0.37255 0.34375 0.37364 0.34267 0.37473 0.34267 0.37582 0.34159 0.37691 0.34159 0.378 0.34052 0.37908 0.34052 0.38017 0.33944 0.38126 0.33944 0.38235 0.33836 0.38344 0.33836 0.38562 0.33728 0.38671 0.33728 0.3878 0.33621 0.38889 0.33621 0.38998 0.33513 0.39107 0.33513 0.39216 0.33405 0.39325 0.33405 0.39434 0.33297 0.39542 0.33297 0.3976 0.3319 0.39869 0.3319 0.40087 0.33082 0.40196 0.33082 0.40305 0.32974 0.40414 0.32974 0.40632 0.32866 0.40741 0.32866 0.40959 0.32759 0.41068 0.32759 0.41176 0.32651 0.41285 0.32651 0.41503 0.32543 0.41612 0.32543 0.4183 0.32435 0.41939 0.32435 0.42157 0.32328 0.42266 0.32328 0.42375 0.3222 0.42484 0.3222 0.42702 0.32112 0.4281 0.32112 0.43028 0.32004 0.43137 0.32004 0.43246 0.31897 0.43355 0.31897 0.43573 0.31789 0.43682 0.31789 0.439 0.31681 0.44009 0.31681 0.45207 0.31573 0.45316 0.31573 0.46841 0.31466 0.4695 0.31466 0.47495 0.31573 0.47603 0.31681 0.47603 0.32004 0.4793 0.32112 0.4793 0.32328 0.48148 0.32435 0.48148 0.32759 0.48475 0.32866 0.48475 0.33082 0.48693 0.3319 0.48693 0.33513 0.4902 0.33621 0.4902 0.33944 0.49346 0.34052 0.49346 0.34267 0.49564 0.34375 0.49564 0.34591 0.49782 0.34698 0.49782 0.34806 0.49891 0.35237 0.49891 0.35345 0.5 0.35884 0.5 0.35991 0.50109 0.36315 0.50109 0.36422 0.50218 0.36746 0.50218 0.36853 0.50327 0.37284 0.50327 0.37392 0.50436 0.37716 0.50436 0.37823 0.50545 0.38147 0.50545 0.38254 0.50654 0.38362 0.50654 0.38362 0.50545 0.3847 0.50436 0.3847 0.50218 0.38578 0.50109 0.38578 0.5 0.38685 0.49891 0.38685 0.49673 0.38793 0.49564 0.38793 0.49346 0.38901 0.49237 0.38901 0.4902 0.39009 0.48911 0.39009 0.48802 0.39116 0.48693 0.39116 0.48475 0.39224 0.48366 0.39224 0.48148 0.39332 0.48039 0.39332 0.47712 0.3944 0.47603 0.3944 0.47277 0.39547 0.47168 0.39547 0.4695 0.39655 0.46841 0.39655 0.46514 0.39763 0.46405 0.39763 0.46187 0.39871 0.46078 0.39871 0.45861 0.39978 0.45752 0.39978 0.45534 0.40086 0.45425 0.40086 0.45316 0.40194 0.45207 0.40194 0.44989 0.40302 0.4488 0.40302 0.44662 0.40409 0.44553 0.40409 0.44336 0.40517 0.44227 0.40517 0.44118 0.40625 0.44009 0.40625 0.43791 0.40733 0.43682 0.40733 0.43464 0.40841 0.43355 0.40841 0.43246 0.40948 0.43137 0.40948 0.42919 0.41056 0.4281 0.41056 0.42593 0.41164 0.42484 0.41164 0.42266 0.41272 0.42157 0.41272 0.42048 0.41379 0.41939 0.41379 0.41721 0.41487 0.41612 0.41487 0.41394 0.41595 0.41285 0.41595 0.41068 0.42026 0.40632 0.42026 0.40523 0.42565 0.39978 0.42565 0.39869 0.43211 0.39216 0.43211 0.39107 0.44289 0.38017 0.44397 0.38017 0.45259 0.37146 0.45366 0.37146 0.4569 0.36819 0.45905 0.36819 0.46013 0.3671 0.46121 0.3671 0.46228 0.36601 0.46444 0.36601 0.46552 0.36492 0.46767 0.36492 0.46875 0.36383 0.46983 0.36383 0.47091 0.36275 0.47522 0.36275 0.47629 0.36166 0.47845 0.36166 0.47953 0.36057 0.48276 0.36057 0.48384 0.35948 0.48707 0.35948 0.48815 0.35839 0.49138 0.35839 0.49246 0.3573 0.49569 0.3573 0.49677 0.35621 0.49892 0.35621 0.5 0.35512 0.50323 0.35512 0.50431 0.35403 0.50754 0.35403 0.50862 0.35294 0.51185 0.35294 0.51293 0.35185 0.51616 0.35185 0.51724 0.35076 0.5194 0.35076 0.52047 0.34967 0.52586 0.34967 0.52694 0.34858 0.53233 0.34858 0.53341 0.34749 0.53772 0.34749 0.53879 0.34641 0.54418 0.34641 0.54526 0.34749 0.56466 0.34749 0.56573 0.34858 0.58944 0.34858 0.58944 0.34641 0.59052 0.34532 0.59052 0.34423 0.59159 0.34314 0.59159 0.34096 0.59267 0.33987 0.59267 0.33769 0.59375 0.3366 0.59375 0.33442 0.59483 0.33333 0.59483 0.33007 0.59591 0.32898 0.59591 0.3268 0.59698 0.32571 0.59698 0.32244 0.59806 0.32135 0.59806 0.31699 0.59914 0.3159 0.59914 0.31046 0.60022 0.30937 0.60022 0.30283 0.60129 0.30174 0.60129 0.28214 0.59483 0.2756 0.59483 0.27451 0.59375 0.27342 0.59267 0.27342 0.59052 0.27124 0.58944 0.27124 0.58836 0.27015 0.58728 0.27015 0.58621 0.26906 0.58513 0.26906 0.58405 0.26797 0.5819 0.26797 0.58082 0.26688 0.57866 0.26688 0.57759 0.2658 0.57435 0.2658 0.57328 0.26471 0.56034 0.26471 0.55927 0.26362 0.53448 0.26362 0.53341 0.26253
0 0.62931 0.23856 0.62823 0.23965 0.62177 0.23965 0.62069 0.24074 0.61638 0.24074 0.6153 0.24183 0.61207 0.24183 0.61099 0.24292 0.60668 0.24292 0.60345 0.24619 0.60237 0.24619 0.59698 0.25163 0.59591 0.25163 0.59591 0.25272 0.59483 0.25381 0.59483 0.2549 0.59375 0.25599 0.59375 0.25708 0.59267 0.25817 0.59267 0.25926 0.59159 0.26035 0.59159 0.26144 0.59267 0.26253 0.59267 0.26362 0.59375 0.26471 0.59375 0.2658 0.59591 0.26797 0.59591 0.26906 0.59698 0.27015 0.59698 0.27124 0.60453 0.27887 0.60453 0.27996 0.6056 0.28105 0.6056 0.28214 0.60668 0.28322 0.60668 0.28431 0.60776 0.2854 0.60776 0.28758 0.60668 0.28867 0.60668 0.29521 0.6056 0.2963 0.6056 0.30065 0.60453 0.30174 0.60453 0.30501 0.60345 0.3061 0.60345 0.30828 0.60237 0.30937 0.60237 0.31264 0.60129 0.31373 0.60129 0.31808 0.60022 0.31917 0.60022 0.32353 0.59914 0.32462 0.59914 0.3268 0.60884 0.3268 0.60991 0.32571 0.61207 0.32571 0.61315 0.32462 0.61422 0.32462 0.6153 0.32353 0.62069 0.32353 0.62177 0.32244 0.62716 0.32244 0.62823 0.32353 0.62931 0.32353 0.63254 0.3268 0.63362 0.3268 0.6347 0.32789 0.6347 0.32898 0.63578 0.33007 0.63685 0.33007 0.63793 0.33115 0.63793 0.33224 0.63901 0.33333 0.63901 0.33442 0.64009 0.33551 0.64009 0.3366 0.64224 0.33878 0.64224 0.33987 0.64332 0.34096 0.6444 0.34096 0.64547 0.33987 0.64655 0.33987 0.64871 0.33769 0.64871 0.33115 0.64978 0.33007 0.64978 0.3268 0.65086 0.32571 0.65086 0.32244 0.65194 0.32135 0.65194 0.31808 0.65302 0.31699 0.65302 0.31264 0.65409 0.31155 0.65409 0.30719 0.65517 0.3061 0.65517 0.30174 0.65625 0.30065 0.65625 0.29847 0.65733 0.29739 0.65733 0.29521 0.66056 0.29194 0.66379 0.29194 0.66487 0.29085 0.66703 0.29085 0.66918 0.28867 0.66918 0.28758 0.67241 0.28431 0.67241 0.27996 0.67349 0.27887 0.67349 0.27233 0.67457 0.27124 0.67457 0.26688 0.67349 0.2658 0.67349 0.26471 0.67241 0.26362 0.67241 0.26253 0.67026 0.26035 0.67026 0.25926 0.66918 0.25817 0.66918 0.25708 0.6681 0.25599 0.6681 0.2549 0.66595 0.25272 0.66595 0.25163 0.66379 0.24946 0.66272 0.24946 0.65948 0.24619 0.65841 0.24619 0.65733 0.2451 0.65517 0.2451 0.65409 0.24401 0.65194 0.24401 0.65086 0.24292 0.64871 0.24292 0.64763 0.24183 0.64547 0.24183 0.6444 0.24074 0.64116 0.24074 0.64009 0.23965 0.63793 0.23965 0.63685 0.23856
