0
0 0.59375 0.59766 0.59375 0.59961 0.5918 0.60156 0.58984 0.60156 0.58984 0.60352 0.58789 0.60547 0.58789 0.60938 0.58594 0.61133 0.58789 0.61328 0.5918 0.61328 0.59375 0.61523 0.59375 0.61719 0.5957 0.61719 0.59766 0.61914 0.59961 0.61719 0.60156 0.61719 0.60156 0.61523 0.60742 0.60938 0.60742 0.60742 0.60352 0.60352 0.60352 0.60156 0.60156 0.60156 0.59766 0.59766
0 0.4668 0.55078 0.4668 0.55469 0.46484 0.55664 0.46484 0.55859 0.46289 0.56055 0.46289 0.57227 0.4668 0.57617 0.4668 0.58008 0.46875 0.58203 0.4707 0.58203 0.47266 0.58008 0.47266 0.57812 0.47461 0.57617 0.47656 0.57617 0.48047 0.57227 0.48242 0.57227 0.48242 0.57031 0.48633 0.56641 0.48828 0.56641 0.48828 0.56445 0.49023 0.5625 0.49219 0.5625 0.49219 0.56055 0.49414 0.55859 0.49609 0.55859 0.49414 0.55859 0.49219 0.55664 0.49023 0.55664 0.48828 0.55469 0.48633 0.55469 0.48242 0.55078 0.47656 0.55078 0.47461 0.55273 0.47266 0.55078 0.4707 0.55273 0.46875 0.55273
0 0.58203 0.50391 0.57812 0.50781 0.57422 0.50781 0.57422 0.50977 0.57227 0.51172 0.57422 0.51367 0.57227 0.51562 0.57422 0.51758 0.57422 0.52344 0.57617 0.52539 0.57422 0.52734 0.57617 0.5293 0.57617 0.53906 0.58008 0.53906 0.58203 0.53711 0.5957 0.53711 0.5957 0.53516 0.59766 0.5332 0.59766 0.5293 0.59961 0.52734 0.59961 0.52539 0.60156 0.52344 0.60156 0.51953 0.59961 0.51758 0.59766 0.51758 0.59375 0.51367 0.59375 0.51172 0.5918 0.50977 0.58984 0.50977 0.58789 0.50781 0.58789 0.50391
0 0.39258 0.45312 0.39062 0.45508 0.38867 0.45508 0.38672 0.45703 0.38672 0.45898 0.38477 0.46094 0.38086 0.46094 0.38086 0.46289 0.37891 0.46484 0.37695 0.46484 0.375 0.4668 0.37305 0.4668 0.36719 0.47266 0.36328 0.47266 0.35938 0.47656 0.35742 0.47656 0.35156 0.48242 0.34961 0.48242 0.34375 0.48828 0.34375 0.49023 0.3418 0.49219 0.3418 0.49609 0.33984 0.49805 0.33789 0.49805 0.33789 0.5 0.33594 0.50195 0.33594 0.50586 0.33398 0.50781 0.33398 0.50977 0.33203 0.51172 0.33203 0.51562 0.33008 0.51758 0.33008 0.51953 0.32812 0.52148 0.32812 0.52539 0.32617 0.52734 0.32617 0.5293 0.32422 0.53125 0.32422 0.53516 0.32227 0.53711 0.32422 0.53906 0.32422 0.55273 0.32617 0.55469 0.32617 0.56055 0.32812 0.5625 0.32812 0.56445 0.33594 0.57227 0.33594 0.57422 0.33789 0.57422 0.3418 0.57812 0.3418 0.58008 0.34961 0.58789 0.34961 0.58984 0.35938 0.59961 0.36523 0.59961 0.36523 0.59766 0.36719 0.5957 0.37109 0.5957 0.37305 0.59375 0.375 0.5957 0.37695 0.59375 0.37891 0.59375 0.38086 0.5918 0.38477 0.5918 0.38672 0.58984 0.39258 0.58984 0.39648 0.58594 0.40039 0.58594 0.40234 0.58398 0.4043 0.58398 0.40625 0.58203 0.41016 0.58203 0.41211 0.58008 0.41406 0.58203 0.41406 0.57617 0.41211 0.57422 0.41211 0.56836 0.41016 0.56641 0.41016 0.5625 0.4082 0.56055 0.4082 0.55469 0.40625 0.55273 0.40625 0.54883 0.4043 0.54688 0.4043 0.5293 0.40625 0.52734 0.40625 0.49023 0.4043 0.48828 0.40625 0.48633 0.4043 0.48438 0.4043 0.4707 0.40234 0.46875 0.40234 0.46484 0.39258 0.45508
0 0.17188 0.44727 0.16992 0.44922 0.16797 0.44922 0.16602 0.45117 0.15625 0.45117 0.1543 0.45312 0.15039 0.45312 0.14844 0.45508 0.14648 0.45312 0.14453 0.45508 0.13477 0.45508 0.13281 0.45703 0.125 0.45703 0.12305 0.45898 0.11914 0.45898 0.11719 0.46094 0.11523 0.46094 0.11328 0.46289 0.10938 0.46289 0.10742 0.46484 0.10352 0.46484 0.10156 0.4668 0.09961 0.4668 0.0957 0.4707 0.0918 0.4707 0.08984 0.47266 0.08789 0.47266 0.08594 0.47461 0.08203 0.47461 0.08008 0.47656 0.07812 0.47656 0.07812 0.47852 0.07617 0.48047 0.07617 0.52539 0.07422 0.52734 0.07617 0.5293 0.07422 0.53125 0.07422 0.5332 0.07617 0.53516 0.07617 0.54688 0.07812 0.54883 0.07812 0.55859 0.08008 0.56055 0.08008 0.56445 0.08203 0.56641 0.08203 0.57422 0.08398 0.57617 0.08398 0.58398 0.08594 0.58594 0.08594 0.5957 0.08984 0.59961 0.08789 0.60156 0.08984 0.60352 0.08984 0.61133 0.0918 0.61328 0.0918 0.61719 0.09375 0.61914 0.09375 0.62305 0.0957 0.625 0.09375 0.62695 0.09766 0.63086 0.09766 0.63867 0.09961 0.64062 0.09961 0.64258 0.10156 0.64453 0.10156 0.65039 0.10938 0.6582 0.10938 0.66016 0.11133 0.66211 0.11133 0.66406 0.11328 0.66406 0.11523 0.66602 0.11523 0.66797 0.11914 0.67188 0.11914 0.67383 0.12109 0.67578 0.13672 0.67578 0.13867 0.67383 0.14062 0.67578 0.14258 0.67383 0.15234 0.67383 0.1543 0.67188 0.15625 0.67188 0.1582 0.66992 0.16211 0.66992 0.16406 0.66797 0.16992 0.66797 0.17188 0.66602 0.17773 0.66602 0.17969 0.66406 0.18359 0.66406 0.1875 0.66016 0.19141 0.66016 0.19336 0.6582 0.20117 0.6582 0.20312 0.65625 0.20508 0.65625 0.20703 0.6543 0.21094 0.6543 0.21094 0.65234 0.21484 0.64844 0.21875 0.64844 0.22461 0.64258 0.22656 0.64258 0.23242 0.63672 0.23438 0.63672 0.23828 0.63281 0.24609 0.63281 0.24805 0.63086 0.25586 0.63086 0.25781 0.62891 0.26172 0.62891 0.26367 0.62695 0.26562 0.62891 0.26758 0.62695 0.27148 0.62695 0.27539 0.62305 0.2793 0.62305 0.2793 0.61523 0.28125 0.61328 0.28125 0.61133 0.2832 0.60938 0.2832 0.60156 0.28711 0.59766 0.28711 0.59375 0.28906 0.5918 0.28906 0.58984 0.29102 0.58789 0.29102 0.58398 0.29297 0.58203 0.29297 0.57812 0.29688 0.57422 0.29688 0.57031 0.29883 0.56836 0.29883 0.56641 0.30078 0.56445 0.30078 0.56055 0.30273 0.55859 0.30273 0.55664 0.30469 0.55469 0.30469 0.55273 0.30273 0.55078 0.30273 0.54883 0.29883 0.54492 0.29883 0.54102 0.29688 0.53906 0.29688 0.53711 0.29492 0.53516 0.29688 0.5332 0.29297 0.5293 0.29297 0.52734 0.29102 0.52539 0.29102 0.52148 0.28906 0.51953 0.28906 0.51758 0.28711 0.51562 0.28711 0.50977 0.2832 0.50586 0.2832 0.5 0.2793 0.49609 0.2793 0.49219 0.27734 0.49023 0.27734 0.48828 0.27539 0.48633 0.27539 0.48242 0.26562 0.48242 0.26367 0.48047 0.24609 0.48047 0.24414 0.47852 0.24414 0.47656 0.24219 0.47461 0.24023 0.47461 0.23828 0.47266 0.23828 0.4707 0.22656 0.45898 0.22656 0.45703 0.22461 0.45508 0.22266 0.45508 0.2207 0.45312 0.2168 0.45312 0.21484 0.45117 0.21289 0.45312 0.21094 0.45117 0.19141 0.45117 0.18945 0.44922 0.17969 0.44922 0.17773 0.44727 0.17578 0.44727 0.17383 0.44922
0 0.47461 0.41016 0.4707 0.41406 0.46875 0.41406 0.46289 0.41992 0.46094 0.41992 0.45312 0.42773 0.45117 0.42773 0.44727 0.43164 0.44727 0.43359 0.44531 0.43555 0.44336 0.43555 0.44141 0.4375 0.44141 0.43945 0.43945 0.44141 0.43945 0.44336 0.43164 0.45117 0.43164 0.45312 0.42969 0.45508 0.42969 0.45703 0.42773 0.45898 0.42773 0.46289 0.42578 0.46484 0.42578 0.47852 0.42383 0.48047 0.42383 0.49805 0.42188 0.5 0.42383 0.50195 0.42383 0.50391 0.42188 0.50586 0.42188 0.51562 0.42383 0.51758 0.42383 0.52344 0.42578 0.52539 0.42578 0.53125 0.42969 0.53516 0.42969 0.53711 0.43164 0.53516 0.43359 0.53516 0.44141 0.52734 0.44141 0.52539 0.44336 0.52344 0.44531 0.52344 0.44531 0.51953 0.44727 0.51758 0.44727 0.50781 0.44922 0.50586 0.44922 0.49805 0.45117 0.49609 0.45117 0.49219 0.45312 0.49023 0.45312 0.48828 0.45508 0.48633 0.45508 0.48242 0.45703 0.48047 0.45703 0.47852 0.46094 0.47461 0.46094 0.47266 0.46289 0.4707 0.46289 0.4668 0.46484 0.46484 0.46484 0.46289 0.4668 0.46094 0.4668 0.45898 0.46875 0.45703 0.4707 0.45703 0.4707 0.45312 0.47461 0.44922 0.47461 0.44727 0.48047 0.44141 0.48047 0.43945 0.48242 0.4375 0.48242 0.43359 0.48438 0.43164 0.48438 0.42969 0.48242 0.42773 0.48438 0.42578 0.48438 0.41406 0.48242 0.41406 0.48047 0.41211 0.47852 0.41211 0.47656 0.41016
0 0.63477 0.4082 0.63477 0.41992 0.63672 0.42188 0.63477 0.42383 0.63672 0.42578 0.63477 0.42773 0.63672 0.42969 0.63672 0.43164 0.63477 0.43359 0.63672 0.43555 0.63672 0.4375 0.63477 0.43945 0.63672 0.44141 0.63672 0.44336 0.63477 0.44531 0.63672 0.44727 0.63672 0.44922 0.63867 0.45117 0.64062 0.45117 0.64258 0.45312 0.64648 0.45312 0.64844 0.45508 0.65039 0.45508 0.65234 0.45703 0.65234 0.45898 0.65625 0.45898 0.6582 0.46094 0.66016 0.46094 0.66211 0.46289 0.66602 0.46289 0.66797 0.46484 0.66992 0.46484 0.67188 0.4668 0.67188 0.46875 0.67578 0.46875 0.67773 0.4707 0.67969 0.4707 0.68164 0.47266 0.68359 0.47266 0.68555 0.47461 0.68555 0.49414 0.6875 0.49609 0.68555 0.49805 0.6875 0.5 0.68555 0.50195 0.6875 0.50391 0.6875 0.50586 0.68555 0.50781 0.68555 0.52539 0.68359 0.52734 0.68555 0.5293 0.68555 0.54492 0.6875 0.54688 0.68555 0.54883 0.6875 0.55078 0.6875 0.55859 0.68945 0.56055 0.69141 0.55859 0.69336 0.55859 0.69531 0.55664 0.69727 0.55664 0.69727 0.55469 0.69922 0.55273 0.69922 0.54688 0.69727 0.54492 0.69922 0.54297 0.69922 0.54102 0.69727 0.53906 0.69922 0.53711 0.69727 0.53516 0.69922 0.5332 0.69922 0.53125 0.69727 0.5293 0.69922 0.52734 0.69727 0.52539 0.69922 0.52344 0.69922 0.48047 0.69727 0.47852 0.69727 0.4707 0.69531 0.46875 0.69531 0.46484 0.69336 0.46289 0.68945 0.46289 0.6875 0.46094 0.68555 0.46094 0.68164 0.45703 0.67773 0.45703 0.67578 0.45508 0.67383 0.45508 0.67188 0.45312 0.66992 0.45312 0.66797 0.45117 0.66797 0.44922 0.66602 0.44727 0.66797 0.44531 0.66797 0.4375 0.66992 0.43555 0.66797 0.43359 0.66992 0.43164 0.66992 0.42969 0.66797 0.42969 0.66602 0.42773 0.66602 0.42578 0.66211 0.42188 0.66211 0.41992 0.65625 0.41406 0.65625 0.41211 0.6543 0.41211 0.65234 0.41016 0.65039 0.41016 0.64844 0.4082 0.64648 0.41016 0.64453 0.4082
0 0.69336 0.36914 0.68945 0.37305 0.68945 0.375 0.6875 0.37695 0.68555 0.37695 0.68359 0.37891 0.68359 0.38086 0.68164 0.38281 0.68164 0.38477 0.67773 0.38867 0.67773 0.39062 0.67578 0.39258 0.67578 0.39453 0.67383 0.39648 0.67383 0.39844 0.67188 0.40039 0.67188 0.4043 0.66992 0.40625 0.66797 0.40625 0.67188 0.41016 0.67188 0.41211 0.67578 0.41602 0.67578 0.41797 0.67773 0.41992 0.67773 0.42188 0.68164 0.42578 0.68164 0.42773 0.68555 0.43164 0.68555 0.43359 0.68945 0.4375 0.68945 0.43945 0.69141 0.44141 0.69141 0.44531 0.69531 0.44922 0.69531 0.45312 0.69922 0.45703 0.69922 0.45898 0.70312 0.46289 0.70312 0.46484 0.70703 0.46875 0.70703 0.47461 0.70898 0.47656 0.70898 0.48828 0.71094 0.49023 0.71094 0.49609 0.71289 0.49805 0.71094 0.5 0.71094 0.51758 0.70898 0.51953 0.71094 0.52148 0.71094 0.52344 0.70898 0.52539 0.70898 0.52734 0.71094 0.5293 0.70898 0.53125 0.70898 0.54492 0.70703 0.54688 0.70703 0.55664 0.70312 0.56055 0.70312 0.56445 0.70117 0.56641 0.70117 0.57031 0.69531 0.57617 0.69531 0.58008 0.69336 0.58203 0.69336 0.58398 0.68945 0.58789 0.68945 0.58984 0.68164 0.59766 0.68164 0.59961 0.67969 0.60156 0.67773 0.59961 0.67773 0.60156 0.66211 0.61719 0.66016 0.61719 0.6543 0.62305 0.65234 0.62305 0.64453 0.63086 0.64258 0.63086 0.63477 0.63867 0.63281 0.63867 0.62891 0.64258 0.62695 0.64062 0.62305 0.64453 0.62109 0.64453 0.61914 0.64648 0.61523 0.64648 0.61133 0.65039 0.60742 0.65039 0.60547 0.65234 0.60352 0.65234 0.60156 0.6543 0.59961 0.6543 0.59766 0.65625 0.5957 0.65625 0.59375 0.6582 0.58594 0.6582 0.58398 0.66016 0.58203 0.6582 0.58008 0.66016 0.57422 0.66016 0.57227 0.66211 0.57031 0.66016 0.56836 0.66211 0.55273 0.66211 0.55078 0.66016 0.54297 0.66016 0.54102 0.6582 0.53906 0.6582 0.53711 0.66016 0.53516 0.6582 0.52539 0.6582 0.52344 0.65625 0.50977 0.65625 0.50586 0.65234 0.50391 0.65234 0.50195 0.65039 0.5 0.65039 0.49805 0.64844 0.49609 0.64844 0.49219 0.64453 0.49023 0.64453 0.48828 0.64258 0.48633 0.64258 0.48438 0.64062 0.48047 0.64062 0.47852 0.63867 0.47656 0.63867 0.47461 0.63672 0.47461 0.63477 0.47656 0.63281 0.48438 0.63281 0.48633 0.63477 0.48633 0.63672 0.48828 0.63672 0.48828 0.63281 0.49023 0.63086 0.49023 0.62305 0.49219 0.62109 0.49219 0.61719 0.49414 0.61523 0.49414 0.61328 0.49219 0.61133 0.49219 0.60742 0.49023 0.60547 0.49023 0.60352 0.48828 0.60156 0.48828 0.59961 0.48438 0.5957 0.48438 0.59375 0.48047 0.59375 0.47852 0.5918 0.4707 0.5918 0.46875 0.58984 0.46875 0.5918 0.46289 0.59766 0.46289 0.59961 0.45703 0.60547 0.45703 0.60938 0.45898 0.61133 0.45898 0.61328 0.46289 0.61719 0.46289 0.62109 0.46094 0.62305 0.45898 0.62109 0.45703 0.62109 0.45508 0.61914 0.45508 0.61523 0.45312 0.61523 0.44531 0.60742 0.44531 0.60547 0.44336 0.60547 0.43945 0.60156 0.43945 0.59961 0.43555 0.5957 0.43359 0.5957 0.42969 0.5918 0.42773 0.5918 0.42578 0.58984 0.42578 0.58789 0.42383 0.58789 0.42188 0.58594 0.41602 0.58594 0.41406 0.58789 0.4082 0.58789 0.4082 0.58984 0.41211 0.59375 0.41211 0.5957 0.41406 0.59766 0.41406 0.59961 0.41602 0.60156 0.41602 0.60352 0.41406 0.60547 0.41211 0.60352 0.4082 0.60352 0.40625 0.60156 0.39844 0.60156 0.39258 0.60742 0.39062 0.60742 0.39062 0.60938 0.38867 0.61133 0.38672 0.61133 0.38281 0.61523 0.38086 0.61523 0.375 0.62109 0.37305 0.62109 0.37109 0.62305 0.36719 0.62305 0.36523 0.62109 0.35156 0.62109 0.34961 0.61914 0.3418 0.61914 0.33984 0.61719 0.32812 0.61719 0.32422 0.62109 0.32031 0.62109 0.31836 0.62305 0.31641 0.62305 0.31445 0.625 0.31055 0.625 0.31055 0.62695 0.30859 0.62891 0.30469 0.62891 0.30273 0.63086 0.30078 0.63086 0.29883 0.63281 0.29492 0.63281 0.29492 0.63672 0.28711 0.64453 0.28711 0.64648 0.28125 0.65234 0.28125 0.6543 0.27734 0.6582 0.27539 0.6582 0.27148 0.66211 0.26953 0.66211 0.26562 0.66602 0.26172 0.66602 0.25781 0.66992 0.25586 0.66992 0.25391 0.67188 0.25195 0.67188 0.24805 0.67578 0.24609 0.67578 0.24414 0.67773 0.24219 0.67773 0.24023 0.67969 0.23633 0.67969 0.23438 0.68164 0.22266 0.68164 0.21875 0.68555 0.2168 0.68359 0.21484 0.68555 0.20898 0.68555 0.20703 0.6875 0.19922 0.6875 0.19727 0.68945 0.19531 0.6875 0.19336 0.68945 0.18945 0.68945 0.1875 0.69141 0.1875 0.69336 0.18555 0.69531 0.18359 0.69531 0.17969 0.69922 0.17773 0.69922 0.17773 0.70117 0.17578 0.70312 0.17383 0.70312 0.16992 0.70703 0.16797 0.70703 0.1582 0.7168 0.15625 0.7168 0.1543 0.71875 0.15625 0.7207 0.1582 0.7207 0.16211 0.72461 0.16406 0.72461 0.16602 0.72656 0.16797 0.72656 0.17383 0.73242 0.17773 0.73242 0.17969 0.73047 0.18359 0.73047 0.18555 0.72852 0.18945 0.72852 0.19141 0.72656 0.19531 0.72656 0.19727 0.72461 0.20312 0.72461 0.20508 0.72266 0.20898 0.72266 0.21094 0.7207 0.21484 0.7207 0.21875 0.7168 0.22656 0.7168 0.22852 0.71484 0.23047 0.71484 0.23242 0.71289 0.23828 0.71289 0.24023 0.71094 0.24414 0.71094 0.24609 0.70898 0.24805 0.70898 0.25 0.70703 0.25391 0.70703 0.25586 0.70508 0.25977 0.70508 0.26172 0.70312 0.26367 0.70312 0.26562 0.70117 0.26758 0.70117 0.27148 0.69727 0.27539 0.69727 0.2793 0.69336 0.28125 0.69336 0.2832 0.69141 0.28516 0.69141 0.28906 0.6875 0.29102 0.6875 0.29297 0.68555 0.29688 0.68555 0.30273 0.67969 0.30664 0.67969 0.31055 0.67578 0.31445 0.67578 0.31641 0.67383 0.31641 0.67188 0.31836 0.66992 0.31836 0.66797 0.32031 0.66602 0.32227 0.66602 0.32227 0.66211 0.32617 0.6582 0.32617 0.65625 0.32812 0.6543 0.32812 0.65234 0.33594 0.64453 0.33789 0.64453 0.33984 0.64258 0.34375 0.64258 0.3457 0.64062 0.34961 0.64062 0.35156 0.63867 0.35352 0.64062 0.36328 0.64062 0.36523 0.64258 0.37891 0.64258 0.38086 0.64453 0.38281 0.64453 0.38477 0.64648 0.38672 0.64648 0.38867 0.64453 0.39258 0.64453 0.39453 0.64258 0.40234 0.64258 0.4043 0.64062 0.4082 0.64062 0.41016 0.63867 0.41406 0.63867 0.41406 0.63477 0.41602 0.63281 0.41406 0.63086 0.41602 0.62891 0.41602 0.625 0.41797 0.62305 0.41797 0.61523 0.41992 0.61328 0.42383 0.61719 0.42383 0.61914 0.42969 0.625 0.42969 0.62695 0.43164 0.62891 0.43164 0.63086 0.43945 0.63867 0.43945 0.64062 0.44336 0.64453 0.44336 0.64844 0.44531 0.64844 0.45898 0.66211 0.46094 0.66211 0.46289 0.66406 0.46289 0.66602 0.46484 0.66602 0.47656 0.67773 0.48047 0.67773 0.48242 0.67969 0.48438 0.67969 0.48828 0.68359 0.49023 0.68359 0.49219 0.68555 0.49414 0.68555 0.49609 0.6875 0.5 0.6875 0.50195 0.68945 0.50586 0.68945 0.50781 0.69141 0.50977 0.69141 0.51172 0.69336 0.51953 0.69336 0.52148 0.69531 0.53516 0.69531 0.53711 0.69727 0.55469 0.69727 0.55664 0.69531 0.55859 0.69727 0.56055 0.69531 0.58594 0.69531 0.58789 0.69336 0.58984 0.69531 0.5918 0.69531 0.59375 0.69336 0.60352 0.69336 0.60742 0.68945 0.61133 0.68945 0.61328 0.6875 0.61523 0.6875 0.61719 0.68555 0.62109 0.68555 0.62305 0.68359 0.625 0.68359 0.62695 0.68164 0.62891 0.68164 0.63086 0.67969 0.63281 0.67969 0.63477 0.67773 0.63867 0.67773 0.64062 0.67578 0.64453 0.67578 0.64648 0.67383 0.65039 0.67383 0.6543 0.66992 0.65625 0.66992 0.6582 0.66797 0.66211 0.66797 0.66406 0.66602 0.66602 0.66602 0.66797 0.66406 0.67188 0.66406 0.67188 0.66211 0.67773 0.65625 0.67969 0.65625 0.68164 0.6543 0.68164 0.65234 0.68555 0.64844 0.6875 0.64844 0.68945 0.64648 0.68945 0.64453 0.69531 0.63867 0.69727 0.63867 0.69922 0.63672 0.69922 0.63477 0.70117 0.63281 0.70312 0.63281 0.70898 0.62695 0.70898 0.625 0.71094 0.62305 0.71289 0.62305 0.71484 0.62109 0.71484 0.61914 0.7168 0.61719 0.71875 0.61719 0.71875 0.61523 0.72461 0.60938 0.72461 0.60547 0.73047 0.59961 0.73047 0.59766 0.73438 0.59375 0.73438 0.5918 0.73633 0.58984 0.73633 0.58789 0.74414 0.58008 0.74414 0.57617 0.74609 0.57422 0.74805 0.57422 0.74805 0.57227 0.75 0.57031 0.75 0.56836 0.75195 0.56641 0.75195 0.56055 0.75391 0.55859 0.75391 0.54688 0.75586 0.54492 0.75586 0.54102 0.75781 0.53906 0.75781 0.53711 0.75586 0.53516 0.75781 0.5332 0.75781 0.52539 0.75977 0.52344 0.75977 0.49805 0.75781 0.49609 0.75781 0.48047 0.75586 0.47852 0.75781 0.47656 0.75586 0.47461 0.75586 0.46875 0.75391 0.4668 0.75586 0.46484 0.75391 0.46289 0.75391 0.44531 0.75195 0.44336 0.75195 0.4375 0.74805 0.43359 0.74805 0.43164 0.73438 0.41797 0.73438 0.41602 0.73047 0.41211 0.73047 0.41016 0.72852 0.41016 0.72266 0.4043 0.7207 0.4043 0.71875 0.40234 0.71875 0.39844 0.7168 0.39844 0.71484 0.39648 0.71484 0.39453 0.71289 0.39453 0.71094 0.39258 0.71094 0.38867 0.70898 0.38867 0.70508 0.38477 0.70508 0.38281 0.70117 0.37891 0.70117 0.37695 0.69922 0.37695 0.69727 0.375 0.69727 0.37109 0.69531 0.37109
0 0.1543 0.32617 0.15234 0.32812 0.14844 0.32812 0.14648 0.33008 0.14453 0.32812 0.14258 0.33008 0.13086 0.33008 0.12891 0.33203 0.12695 0.33203 0.125 0.33398 0.12305 0.33398 0.11328 0.34375 0.11133 0.3418 0.10938 0.34375 0.10938 0.35156 0.10742 0.35352 0.10742 0.36133 0.10547 0.36328 0.10547 0.36719 0.10352 0.36914 0.10352 0.37109 0.10156 0.37305 0.10156 0.37891 0.10352 0.38086 0.10352 0.38867 0.10547 0.39062 0.10547 0.39453 0.10742 0.39648 0.10742 0.4043 0.11133 0.4082 0.11914 0.4082 0.12109 0.41016 0.125 0.41016 0.12695 0.41211 0.13477 0.41211 0.13672 0.41406 0.14453 0.41406 0.14648 0.41602 0.15039 0.41602 0.15234 0.41797 0.1543 0.41797 0.15625 0.41992 0.15625 0.42188 0.16016 0.42188 0.16211 0.42383 0.16602 0.42383 0.16797 0.42578 0.16992 0.42578 0.17188 0.42773 0.17773 0.42773 0.17969 0.42578 0.17969 0.42383 0.18164 0.42188 0.18359 0.42188 0.18359 0.41992 0.19141 0.41211 0.19141 0.41016 0.19336 0.4082 0.19727 0.4082 0.19922 0.41016 0.20312 0.41016 0.20508 0.41211 0.20703 0.41211 0.20898 0.41016 0.21094 0.41211 0.21875 0.41211 0.2207 0.41406 0.22266 0.41211 0.22461 0.41211 0.22656 0.41406 0.22852 0.41406 0.23047 0.41602 0.23438 0.41602 0.23633 0.41797 0.23828 0.41797 0.24023 0.41992 0.24414 0.41992 0.24609 0.42188 0.25 0.42188 0.25195 0.42383 0.25391 0.42383 0.25586 0.42578 0.2793 0.42578 0.28125 0.42773 0.2832 0.42773 0.28906 0.43359 0.29102 0.43359 0.29297 0.43555 0.29492 0.43555 0.29688 0.4375 0.29688 0.43945 0.30078 0.44336 0.30078 0.44531 0.30273 0.44727 0.30469 0.44727 0.30664 0.44922 0.30859 0.44922 0.31055 0.45117 0.32422 0.45117 0.32617 0.44922 0.32812 0.44922 0.33008 0.44727 0.33203 0.44727 0.33594 0.44336 0.33984 0.44336 0.3418 0.44141 0.34766 0.44141 0.34961 0.44336 0.35156 0.44336 0.35352 0.44531 0.35742 0.44531 0.35938 0.44727 0.35938 0.44922 0.36133 0.44922 0.36328 0.45117 0.36523 0.45117 0.36719 0.45312 0.36719 0.44336 0.36914 0.44141 0.36719 0.43945 0.36719 0.4375 0.36914 0.43555 0.36719 0.43359 0.36914 0.43164 0.36719 0.42969 0.36719 0.42773 0.36914 0.42578 0.36523 0.42188 0.36523 0.41992 0.36328 0.41992 0.36133 0.41797 0.36133 0.41602 0.35547 0.41016 0.35352 0.41211 0.35156 0.41211 0.34961 0.41406 0.34375 0.41406 0.3418 0.41602 0.33789 0.41602 0.33594 0.41797 0.33398 0.41797 0.33203 0.41992 0.32812 0.41992 0.32812 0.42188 0.32617 0.42383 0.32422 0.42188 0.32031 0.42578 0.31641 0.42578 0.31445 0.42773 0.31055 0.42383 0.30859 0.42383 0.30664 0.42188 0.30664 0.41992 0.30273 0.41602 0.30078 0.41602 0.29883 0.41406 0.29883 0.41016 0.29688 0.4082 0.29688 0.40625 0.29492 0.4043 0.25977 0.4043 0.25781 0.40234 0.25391 0.40234 0.25195 0.40039 0.24805 0.40039 0.24609 0.39844 0.23828 0.39844 0.23633 0.39648 0.23438 0.39648 0.22266 0.38477 0.22266 0.38281 0.2207 0.38281 0.21875 0.38086 0.21875 0.37891 0.2168 0.37891 0.20898 0.37109 0.20898 0.36914 0.20703 0.36914 0.20117 0.36328 0.20117 0.36133 0.19922 0.36133 0.19336 0.35547 0.19336 0.35352 0.19141 0.35352 0.18945 0.35156 0.18945 0.34961 0.1875 0.34961 0.18359 0.3457 0.18359 0.34375 0.18164 0.34375 0.17383 0.33594 0.17188 0.33594 0.16992 0.33398 0.16797 0.33398 0.16406 0.33008 0.16211 0.33008 0.1582 0.32617
0 0.64648 0.31641 0.64258 0.32031 0.64062 0.32031 0.63672 0.32422 0.63281 0.32422 0.63281 0.32812 0.63477 0.33008 0.63477 0.33203 0.63672 0.33203 0.63867 0.33398 0.63867 0.33594 0.64062 0.33789 0.64062 0.34961 0.63867 0.35156 0.63867 0.35547 0.63477 0.35938 0.63477 0.36133 0.63281 0.36328 0.63281 0.36719 0.63086 0.36914 0.63086 0.37109 0.62891 0.37305 0.62891 0.37695 0.625 0.38086 0.625 0.38477 0.62891 0.38477 0.63281 0.38086 0.63672 0.38086 0.63867 0.38281 0.64258 0.38281 0.64453 0.38477 0.64844 0.38477 0.6543 0.39062 0.6543 0.39453 0.6582 0.39844 0.6582 0.39453 0.66211 0.39062 0.66211 0.38672 0.66602 0.38281 0.66602 0.38086 0.66797 0.37891 0.66992 0.37891 0.66992 0.37695 0.67383 0.37305 0.67383 0.37109 0.67578 0.36914 0.67773 0.36914 0.68359 0.36328 0.68359 0.36133 0.68555 0.35938 0.68945 0.35938 0.69922 0.34961 0.69727 0.34766 0.69727 0.3457 0.69922 0.34375 0.69922 0.33594 0.69727 0.33594 0.69336 0.33203 0.69141 0.33203 0.68945 0.33008 0.68945 0.32812 0.68555 0.32422 0.68359 0.32422 0.68164 0.32227 0.67383 0.32227 0.67188 0.32031 0.66797 0.32031 0.66602 0.31836 0.66211 0.31836 0.66016 0.31641 0.6582 0.31836 0.65625 0.31836 0.6543 0.31641
0 0.51953 0.3125 0.51758 0.31445 0.50586 0.31445 0.50391 0.31641 0.50195 0.31445 0.5 0.31641 0.49805 0.31445 0.49609 0.31641 0.49219 0.31641 0.48828 0.32031 0.48242 0.32031 0.48047 0.32227 0.47656 0.32227 0.47461 0.32422 0.46875 0.32422 0.4668 0.32617 0.46094 0.32617 0.45703 0.33008 0.45508 0.33008 0.44922 0.33594 0.44727 0.33594 0.44727 0.33789 0.44531 0.33984 0.44336 0.33984 0.44141 0.33789 0.44141 0.33594 0.44141 0.33789 0.43945 0.33984 0.4375 0.33984 0.42773 0.34961 0.42578 0.34961 0.42578 0.35156 0.41211 0.36523 0.41211 0.36719 0.41016 0.36914 0.4082 0.36914 0.4082 0.37109 0.40625 0.37305 0.40625 0.37695 0.4043 0.37891 0.4043 0.38086 0.40234 0.38281 0.40234 0.38672 0.40039 0.38867 0.40039 0.39062 0.39844 0.39258 0.39844 0.39648 0.39453 0.40039 0.39453 0.40234 0.38672 0.41016 0.38672 0.41211 0.38477 0.41406 0.38477 0.41602 0.38281 0.41797 0.38086 0.41797 0.38086 0.42188 0.375 0.42773 0.37695 0.42969 0.37695 0.43164 0.375 0.43359 0.375 0.44141 0.37305 0.44336 0.375 0.44531 0.37305 0.44727 0.37305 0.44922 0.40039 0.44922 0.40234 0.45117 0.4082 0.45117 0.41016 0.44922 0.41016 0.44727 0.41602 0.44141 0.41797 0.44141 0.41992 0.43945 0.41992 0.4375 0.42578 0.43164 0.42773 0.43164 0.42773 0.42773 0.43359 0.42188 0.43359 0.41992 0.4375 0.41602 0.4375 0.41406 0.43945 0.41211 0.43945 0.41016 0.44336 0.40625 0.44336 0.4043 0.44727 0.40039 0.44727 0.39844 0.45312 0.39258 0.45508 0.39258 0.45508 0.39062 0.45703 0.38867 0.45898 0.39062 0.45898 0.39258 0.46484 0.39258 0.46875 0.38867 0.47461 0.38867 0.47656 0.38672 0.48047 0.38672 0.48242 0.38477 0.48828 0.38477 0.49023 0.38281 0.49219 0.38281 0.49414 0.38086 0.49805 0.38086 0.5 0.37891 0.50391 0.37891 0.50586 0.37695 0.50781 0.37891 0.50977 0.37695 0.53125 0.37695 0.5332 0.37891 0.53125 0.38086 0.51758 0.38086 0.51562 0.38281 0.50391 0.38281 0.50195 0.38477 0.5 0.38477 0.50195 0.38672 0.50195 0.39453 0.50391 0.39648 0.50391 0.4043 0.50781 0.4082 0.50781 0.41211 0.50977 0.41406 0.50977 0.41992 0.51172 0.42188 0.51172 0.42578 0.51562 0.42969 0.51562 0.43359 0.51758 0.43555 0.51758 0.43945 0.51953 0.44141 0.51953 0.44336 0.52148 0.44531 0.52148 0.44922 0.52344 0.44922 0.52539 0.45117 0.52539 0.45312 0.52734 0.45508 0.5293 0.45508 0.53125 0.45703 0.5332 0.45703 0.53516 0.45898 0.54102 0.45898 0.54297 0.46094 0.54492 0.46094 0.54688 0.46289 0.55469 0.46289 0.55664 0.46484 0.55859 0.46289 0.56055 0.46289 0.5625 0.46484 0.56445 0.46484 0.56641 0.46289 0.56836 0.46484 0.58594 0.46484 0.58789 0.4668 0.58984 0.46484 0.5918 0.46484 0.59375 0.4668 0.59766 0.4668 0.59961 0.46484 0.60352 0.46484 0.60547 0.46289 0.60938 0.46289 0.61133 0.46094 0.61523 0.46094 0.61719 0.45898 0.62109 0.45898 0.62109 0.45312 0.62305 0.45117 0.62305 0.44922 0.625 0.44727 0.625 0.44336 0.62695 0.44141 0.62695 0.4375 0.62891 0.43555 0.62891 0.42969 0.62695 0.42773 0.62695 0.41406 0.625 0.41211 0.62695 0.41016 0.62305 0.40625 0.625 0.4043 0.62305 0.40234 0.625 0.40039 0.61914 0.39453 0.61719 0.39453 0.61523 0.39258 0.61523 0.38867 0.61328 0.38867 0.61133 0.38672 0.61133 0.38477 0.60938 0.38281 0.60742 0.38477 0.60547 0.38281 0.58203 0.38281 0.58008 0.38086 0.57812 0.38281 0.57617 0.38281 0.57422 0.38086 0.57227 0.38086 0.57031 0.38281 0.56836 0.38086 0.53906 0.38086 0.53711 0.37891 0.54102 0.375 0.57031 0.375 0.57227 0.37695 0.57422 0.375 0.57617 0.375 0.57812 0.37695 0.61523 0.37695 0.61719 0.375 0.61914 0.37695 0.61914 0.375 0.62109 0.37305 0.62109 0.37109 0.62305 0.36914 0.62305 0.36523 0.62695 0.36133 0.62695 0.35742 0.62891 0.35547 0.62891 0.33594 0.62695 0.33398 0.62695 0.32227 0.62109 0.32227 0.61914 0.32031 0.60938 0.32031 0.60742 0.31836 0.60547 0.32031 0.60352 0.32031 0.60156 0.31836 0.59961 0.31836 0.59766 0.31641 0.58789 0.31641 0.58594 0.31445 0.57227 0.31445 0.57031 0.3125
