0 0.76758 0.49609 0.76562 0.49805 0.75977 0.49805 0.75781 0.5 0.75391 0.5 0.75 0.50391 0.75 0.50586 0.74805 0.50781 0.74609 0.50781 0.74414 0.50977 0.74414 0.51172 0.72656 0.5293 0.70898 0.5293 0.70898 0.53516 0.70703 0.53711 0.70703 0.54297 0.71094 0.54688 0.71289 0.54688 0.71484 0.54883 0.7168 0.54688 0.72266 0.54688 0.72461 0.54492 0.72852 0.54492 0.73047 0.54297 0.73633 0.54297 0.73828 0.54102 0.74023 0.54102 0.74219 0.53906 0.74805 0.53906 0.75391 0.5332 0.75391 0.5293 0.75586 0.52734 0.75586 0.52539 0.75781 0.52344 0.75781 0.52148 0.75977 0.51953 0.77148 0.51953 0.77344 0.51758 0.77539 0.51758 0.7793 0.52148 0.7793 0.52344 0.78125 0.52539 0.7832 0.52539 0.78906 0.53125 0.78906 0.5332 0.79102 0.5332 0.79492 0.53711 0.79883 0.53711 0.80273 0.54102 0.80469 0.54102 0.80859 0.54492 0.8125 0.54492 0.81445 0.54688 0.82031 0.54688 0.82227 0.54492 0.82812 0.54492 0.83008 0.54297 0.83398 0.54297 0.83594 0.54102 0.83789 0.54102 0.83984 0.53906 0.87109 0.53906 0.875 0.54297 0.87891 0.54297 0.88086 0.54492 0.88477 0.54492 0.88672 0.54688 0.89062 0.54688 0.89258 0.54883 0.89453 0.54883 0.89648 0.55078 0.89844 0.55078 0.90039 0.55273 0.9043 0.55273 0.90625 0.55469 0.9082 0.55469 0.91016 0.55664 0.91406 0.55664 0.91602 0.55859 0.91992 0.55859 0.92188 0.56055 0.92383 0.56055 0.92578 0.5625 0.9375 0.5625 0.9375 0.56055 0.93945 0.55859 0.93945 0.55664 0.94141 0.55469 0.94336 0.55469 0.94336 0.55078 0.94727 0.54688 0.94727 0.52734 0.94531 0.52539 0.94531 0.52344 0.94336 0.52148 0.94336 0.51953 0.93945 0.51562 0.93945 0.51172 0.9375 0.51172 0.93555 0.50977 0.93359 0.50977 0.92773 0.50391 0.92578 0.50391 0.92188 0.5 0.91992 0.5 0.91797 0.49805 0.91211 0.49805 0.91016 0.5 0.9082 0.5 0.90625 0.50195 0.9043 0.50195 0.90234 0.50391 0.90039 0.50391 0.89648 0.50781 0.89453 0.50781 0.89258 0.50977 0.89062 0.50977 0.88867 0.51172 0.85742 0.51172 0.85547 0.51367 0.85156 0.51367 0.84961 0.51172 0.8418 0.51172 0.83984 0.50977 0.83594 0.50977 0.83398 0.51172 0.83203 0.51172 0.83008 0.51367 0.82812 0.51367 0.82812 0.51562 0.82617 0.51758 0.82422 0.51758 0.82227 0.51953 0.80859 0.51953 0.80664 0.51758 0.80078 0.51758 0.79883 0.51562 0.79883 0.51367 0.79688 0.51367 0.79297 0.50977 0.79102 0.50977 0.78906 0.50781 0.78711 0.50781 0.78516 0.50586 0.78516 0.50391 0.7832 0.50391 0.7793 0.5 0.77734 0.5 0.77344 0.49609
0 0.63281 0.49414 0.63086 0.49609 0.63086 0.49805 0.62891 0.5 0.62891 0.50195 0.62695 0.50391 0.62695 0.50977 0.62305 0.51367 0.62305 0.51758 0.62109 0.51953 0.62109 0.52734 0.61914 0.5293 0.61914 0.53516 0.61523 0.53906 0.61523 0.54492 0.61328 0.54688 0.61328 0.54883 0.61133 0.55078 0.61133 0.55664 0.60742 0.56055 0.60742 0.56445 0.60547 0.56641 0.60547 0.57031 0.60352 0.57227 0.60352 0.57617 0.60156 0.57812 0.60156 0.58008 0.59961 0.58203 0.59961 0.58594 0.59766 0.58789 0.59766 0.58984 0.58984 0.59766 0.58984 0.59961 0.58203 0.60742 0.58203 0.60938 0.58008 0.61133 0.57812 0.61133 0.56641 0.62305 0.56445 0.62305 0.5625 0.625 0.5625 0.62695 0.56055 0.62891 0.55859 0.62891 0.55469 0.63281 0.55078 0.63281 0.54883 0.63477 0.54297 0.63477 0.53906 0.63867 0.5332 0.63867 0.53125 0.64062 0.52344 0.64062 0.52148 0.64258 0.51367 0.64258 0.51172 0.64453 0.50586 0.64453 0.50391 0.64648 0.50195 0.64648 0.5 0.64844 0.49219 0.64844 0.49023 0.65039 0.48242 0.65039 0.48047 0.65234 0.4707 0.65234 0.46875 0.6543 0.46289 0.6543 0.46094 0.65234 0.41602 0.65234 0.41602 0.65625 0.41211 0.66016 0.41211 0.66602 0.41016 0.66797 0.41016 0.67383 0.4082 0.67578 0.40625 0.67383 0.39648 0.67383 0.39453 0.67578 0.39062 0.67578 0.38867 0.67773 0.375 0.67773 0.37109 0.67383 0.36914 0.67383 0.36719 0.67188 0.36719 0.66992 0.36328 0.66602 0.36328 0.66406 0.35938 0.66016 0.35742 0.66016 0.35547 0.66211 0.35352 0.66211 0.35352 0.67383 0.35156 0.67578 0.35156 0.68164 0.34961 0.68359 0.34961 0.6875 0.34766 0.68945 0.34766 0.69727 0.3457 0.69922 0.3457 0.70508 0.3418 0.70898 0.33594 0.70898 0.33008 0.71484 0.33008 0.7207 0.32812 0.72266 0.32812 0.73438 0.33008 0.73633 0.33008 0.73828 0.33203 0.74023 0.33203 0.74219 0.33594 0.74609 0.33594 0.74805 0.33984 0.75195 0.3418 0.75195 0.34375 0.75391 0.3457 0.75391 0.34766 0.75586 0.34961 0.75586 0.35156 0.75781 0.35742 0.75781 0.35938 0.75977 0.36523 0.75977 0.36719 0.76172 0.37305 0.76172 0.375 0.75977 0.38672 0.75977 0.38867 0.75781 0.39648 0.75781 0.40039 0.75391 0.40234 0.75391 0.41016 0.74609 0.41016 0.74414 0.41406 0.74023 0.41406 0.73828 0.4082 0.73242 0.4082 0.72852 0.40625 0.72656 0.4043 0.72656 0.40039 0.72266 0.40039 0.7207 0.39648 0.7168 0.39648 0.70508 0.39844 0.70312 0.39844 0.69922 0.40039 0.69727 0.40039 0.69141 0.40234 0.68945 0.4043 0.69141 0.4043 0.71875 0.41211 0.72656 0.41406 0.72656 0.41797 0.73047 0.41992 0.73047 0.42188 0.73242 0.42773 0.73242 0.42969 0.73438 0.44531 0.73438 0.44727 0.73633 0.49805 0.73633 0.5 0.73438 0.50977 0.73438 0.51172 0.73242 0.51953 0.73242 0.52148 0.73047 0.52539 0.73047 0.52734 0.72852 0.5293 0.72852 0.53125 0.72656 0.53516 0.72656 0.53711 0.72461 0.54102 0.72461 0.54297 0.72266 0.54688 0.72266 0.54883 0.7207 0.55273 0.7207 0.55469 0.71875 0.55664 0.71875 0.55859 0.7168 0.56055 0.7168 0.5625 0.71484 0.56641 0.71484 0.56836 0.71289 0.57031 0.71289 0.57227 0.71094 0.57617 0.71094 0.58008 0.70703 0.58203 0.70703 0.58398 0.70508 0.58789 0.70508 0.58984 0.70312 0.5918 0.70312 0.59375 0.70117 0.5957 0.70117 0.59961 0.69727 0.60352 0.69727 0.60547 0.69531 0.60938 0.69531 0.61133 0.69336 0.61328 0.69336 0.62109 0.68555 0.62305 0.68555 0.62891 0.67969 0.63086 0.67969 0.63672 0.67383 0.63867 0.67383 0.63867 0.67188 0.64258 0.66797 0.64453 0.66797 0.65234 0.66016 0.6543 0.66016 0.66016 0.6543 0.66016 0.65234 0.66211 0.65039 0.66211 0.64844 0.66406 0.64648 0.66406 0.64258 0.66797 0.63867 0.66797 0.63672 0.66992 0.63477 0.66992 0.63281 0.67188 0.63086 0.67188 0.62695 0.67578 0.62305 0.67578 0.62109 0.67773 0.61914 0.67773 0.61523 0.68164 0.61133 0.68164 0.60742 0.68359 0.60547 0.68359 0.60352 0.68555 0.60156 0.68555 0.59766 0.6875 0.5957 0.6875 0.59375 0.68945 0.5918 0.68945 0.58789 0.69141 0.58594 0.69141 0.58203 0.69336 0.58008 0.69336 0.57617 0.69727 0.57227 0.69727 0.56836 0.69922 0.56641 0.69922 0.56055 0.70117 0.55859 0.70117 0.54883 0.70312 0.54688 0.70312 0.52539 0.70117 0.52539 0.69922 0.52344 0.69922 0.52148 0.69727 0.52148 0.69531 0.51953 0.69336 0.51953 0.6875 0.51367 0.68555 0.51367 0.68164 0.50977 0.67969 0.50977 0.67383 0.50391 0.67188 0.50391 0.66992 0.50195 0.66406 0.50195 0.66211 0.5 0.6543 0.5 0.65234 0.49805 0.64258 0.49805 0.64062 0.49609 0.63867 0.49609 0.63672 0.49414
0 0.41797 0.4668 0.41797 0.4707 0.41992 0.47266 0.41992 0.47852 0.41797 0.48047 0.41602 0.48047 0.41406 0.47852 0.41016 0.47852 0.4082 0.47656 0.39844 0.47656 0.39648 0.47852 0.39648 0.48047 0.39258 0.48438 0.39062 0.48438 0.39062 0.49023 0.38867 0.49219 0.38867 0.50195 0.38672 0.50391 0.38672 0.50781 0.38867 0.50977 0.39258 0.50977 0.39453 0.51172 0.39648 0.51172 0.39844 0.51367 0.40039 0.51367 0.40234 0.51562 0.4043 0.51367 0.4082 0.51367 0.41016 0.51172 0.41406 0.51172 0.41602 0.50977 0.41602 0.50391 0.41797 0.50195 0.41797 0.49805 0.41992 0.49609 0.41992 0.49414 0.41797 0.49219 0.41797 0.48242 0.41992 0.48047 0.42188 0.48242 0.42188 0.48633 0.42383 0.48828 0.42383 0.49609 0.42578 0.49805 0.42578 0.50781 0.42773 0.50977 0.42773 0.51172 0.42578 0.51367 0.42383 0.51367 0.42188 0.51562 0.41992 0.51562 0.41797 0.51758 0.41602 0.51758 0.41602 0.51953 0.41211 0.52344 0.41211 0.52539 0.4082 0.5293 0.4082 0.5332 0.40625 0.53516 0.4043 0.53516 0.4043 0.54102 0.41211 0.54883 0.41211 0.55078 0.41992 0.55859 0.41992 0.56055 0.42773 0.56836 0.42773 0.57031 0.43164 0.57422 0.43164 0.57617 0.43359 0.57812 0.43359 0.58008 0.43945 0.58594 0.43945 0.58789 0.44141 0.58984 0.44141 0.5918 0.44727 0.59766 0.44727 0.59961 0.45117 0.59961 0.45312 0.60156 0.45508 0.60156 0.45703 0.60352 0.45898 0.60352 0.46094 0.60547 0.46484 0.60547 0.46875 0.60938 0.4707 0.60938 0.47266 0.61133 0.47461 0.61133 0.47656 0.61328 0.50391 0.61328 0.50391 0.60742 0.50586 0.60547 0.50586 0.59375 0.50781 0.5918 0.50781 0.55469 0.50586 0.55273 0.50586 0.54688 0.50781 0.54492 0.50781 0.53516 0.50977 0.5332 0.50977 0.52148 0.51172 0.51953 0.51172 0.50781 0.51367 0.50586 0.51367 0.50195 0.50977 0.49805 0.50977 0.49414 0.50195 0.48633 0.50195 0.48438 0.49805 0.48047 0.49805 0.47852 0.49609 0.47656 0.49609 0.47461 0.49219 0.4707 0.48242 0.4707 0.48047 0.46875 0.43945 0.46875 0.4375 0.4668
0 0.57617 0.44727 0.57031 0.45312 0.57031 0.45508 0.56836 0.45703 0.56836 0.45898 0.56641 0.46094 0.57031 0.46484 0.57031 0.4668 0.57812 0.47461 0.57812 0.47656 0.58203 0.48047 0.58203 0.48242 0.58398 0.48438 0.58398 0.48633 0.58594 0.48828 0.58594 0.49023 0.58789 0.49219 0.58789 0.49609 0.58594 0.49805 0.58594 0.50195 0.58398 0.50391 0.58398 0.50781 0.58203 0.50977 0.58203 0.51367 0.57812 0.51758 0.57812 0.51953 0.57617 0.52148 0.57617 0.52344 0.57227 0.52734 0.57227 0.5293 0.57031 0.53125 0.57031 0.5332 0.56836 0.53516 0.56836 0.53906 0.56641 0.54102 0.56641 0.54297 0.56445 0.54492 0.56445 0.54688 0.5625 0.54883 0.5625 0.55273 0.56055 0.55469 0.56055 0.55859 0.55859 0.56055 0.55859 0.5625 0.55664 0.56445 0.55664 0.57031 0.55469 0.57227 0.55469 0.58203 0.56055 0.58789 0.56055 0.58984 0.57227 0.58984 0.58984 0.57227 0.58984 0.56836 0.5918 0.56641 0.5918 0.5625 0.59375 0.56055 0.59375 0.55859 0.5957 0.55664 0.5957 0.55273 0.59766 0.55078 0.59766 0.54688 0.59961 0.54492 0.59961 0.54297 0.60156 0.54102 0.60156 0.53516 0.60352 0.5332 0.60352 0.52734 0.60547 0.52539 0.60547 0.51953 0.60742 0.51758 0.60742 0.50391 0.60938 0.50195 0.60938 0.4668 0.60547 0.46289 0.60547 0.46094 0.60352 0.45898 0.60352 0.45508 0.60156 0.45312 0.60156 0.45117 0.59961 0.44922 0.58398 0.44922 0.58203 0.44727
0 0.52344 0.40234 0.52148 0.4043 0.51758 0.4043 0.51758 0.40625 0.51367 0.41016 0.51367 0.41211 0.51172 0.41406 0.51172 0.41602 0.50977 0.41797 0.50977 0.41992 0.50781 0.42188 0.50781 0.42578 0.50977 0.42773 0.51172 0.42773 0.51367 0.42969 0.51367 0.43164 0.51562 0.43164 0.51758 0.43359 0.5332 0.43359 0.53516 0.43164 0.53516 0.42969 0.53711 0.42773 0.53711 0.42578 0.53906 0.42383 0.53906 0.41992 0.54102 0.41797 0.53906 0.41602 0.53906 0.41406 0.53711 0.41211 0.53711 0.41016 0.53125 0.4043 0.53125 0.40234
0 0.375 0.38867 0.37305 0.39062 0.36719 0.39062 0.36719 0.39258 0.35938 0.40039 0.35938 0.40234 0.35742 0.4043 0.35742 0.40625 0.36133 0.41016 0.36133 0.41211 0.36328 0.41406 0.36328 0.41602 0.36523 0.41797 0.36523 0.42383 0.36719 0.42578 0.36719 0.44531 0.37305 0.44531 0.375 0.44336 0.38086 0.44336 0.38086 0.44141 0.38281 0.43945 0.38477 0.43945 0.38477 0.4375 0.39062 0.43164 0.39062 0.42969 0.39453 0.42578 0.39453 0.40234 0.38477 0.39258 0.38477 0.39062 0.38281 0.39062 0.38086 0.38867
0 0.46094 0.35156 0.45117 0.36133 0.44922 0.36133 0.44531 0.36523 0.44531 0.36914 0.44727 0.37109 0.44727 0.37305 0.44922 0.375 0.44922 0.37695 0.45117 0.37695 0.45312 0.37891 0.45703 0.37891 0.45898 0.37695 0.47266 0.37695 0.47461 0.375 0.47461 0.37305 0.47656 0.37109 0.47852 0.37109 0.48242 0.36719 0.48242 0.36328 0.48633 0.35938 0.48633 0.35547 0.48438 0.35547 0.48242 0.35352 0.48047 0.35352 0.47852 0.35156
0 0.6582 0.33594 0.6543 0.33984 0.65039 0.33984 0.64844 0.3418 0.64648 0.3418 0.64453 0.34375 0.64258 0.34375 0.64062 0.3457 0.63672 0.3457 0.63281 0.34961 0.62891 0.34961 0.62695 0.35156 0.625 0.35156 0.62305 0.35352 0.62109 0.35352 0.61719 0.35742 0.61328 0.35742 0.61133 0.35938 0.60938 0.35938 0.60742 0.36133 0.60547 0.36133 0.60352 0.36328 0.59961 0.36328 0.5957 0.36719 0.5918 0.36719 0.5918 0.39453 0.59375 0.39648 0.59375 0.39844 0.59766 0.40234 0.59766 0.4043 0.59961 0.40625 0.59961 0.4082 0.60352 0.41211 0.60352 0.41406 0.60547 0.41602 0.60547 0.41797 0.60742 0.41992 0.60742 0.42188 0.61328 0.42773 0.61328 0.43164 0.61523 0.43359 0.61523 0.43555 0.61719 0.4375 0.61719 0.43945 0.61914 0.44141 0.61914 0.44336 0.62109 0.44531 0.62109 0.44922 0.62305 0.45117 0.62305 0.45312 0.62695 0.45703 0.62695 0.46094 0.62891 0.46289 0.62891 0.46484 0.63086 0.4668 0.63086 0.46875 0.63281 0.4707 0.63281 0.47266 0.63477 0.47461 0.63477 0.47852 0.63672 0.48047 0.63672 0.48438 0.64062 0.48828 0.64062 0.49023 0.64258 0.49023 0.64453 0.48828 0.65039 0.48828 0.65234 0.48633 0.65625 0.48633 0.6582 0.48438 0.66016 0.48438 0.66211 0.48242 0.66406 0.48242 0.67383 0.47266 0.67578 0.47266 0.68945 0.45898 0.68945 0.45703 0.69141 0.45508 0.69141 0.45312 0.69336 0.45117 0.69336 0.44727 0.69727 0.44336 0.69727 0.44141 0.69922 0.43945 0.69922 0.4375 0.70312 0.43359 0.70312 0.42969 0.70703 0.42578 0.70703 0.41797 0.70898 0.41602 0.70898 0.41016 0.71094 0.4082 0.71094 0.39453 0.71289 0.39258 0.71289 0.39062 0.71094 0.38867 0.71094 0.38672 0.70703 0.38281 0.70703 0.38086 0.70508 0.37891 0.70508 0.37695 0.70312 0.375 0.70312 0.37305 0.69727 0.36719 0.69727 0.36523 0.68945 0.35742 0.6875 0.35742 0.68164 0.35156 0.67969 0.35156 0.67383 0.3457 0.67188 0.3457 0.66797 0.3418 0.66602 0.3418 0.66211 0.33789 0.66211 0.33594
0 0.82422 0.23242 0.82031 0.23633 0.81836 0.23633 0.81445 0.24023 0.8125 0.24023 0.80664 0.24609 0.80469 0.24609 0.80273 0.24805 0.80078 0.24805 0.79688 0.25195 0.79492 0.25195 0.78906 0.25781 0.78711 0.25781 0.7832 0.26172 0.78125 0.26172 0.7793 0.26367 0.7793 0.26562 0.77539 0.26953 0.77344 0.26953 0.77344 0.27148 0.76562 0.2793 0.76562 0.28125 0.76172 0.28516 0.75977 0.28516 0.75977 0.28711 0.75586 0.29102 0.75586 0.29297 0.75391 0.29492 0.75195 0.29492 0.74805 0.29883 0.74805 0.30078 0.74609 0.30273 0.74609 0.31055 0.74414 0.3125 0.74414 0.33398 0.74219 0.33594 0.74219 0.34375 0.74414 0.3457 0.74414 0.35352 0.74609 0.35547 0.74609 0.36133 0.74805 0.36328 0.74805 0.36523 0.75 0.36719 0.75 0.375 0.75195 0.37695 0.75195 0.38281 0.75391 0.38477 0.75391 0.38672 0.75586 0.38867 0.75586 0.39453 0.75781 0.39648 0.75781 0.4043 0.75977 0.40625 0.75977 0.41211 0.76172 0.41406 0.76172 0.41602 0.76562 0.41992 0.76562 0.42188 0.76758 0.42383 0.76758 0.42578 0.76953 0.42578 0.77148 0.42773 0.77148 0.42969 0.77344 0.43164 0.77344 0.43359 0.77539 0.43359 0.77734 0.43555 0.77734 0.4375 0.7793 0.43945 0.7793 0.44141 0.78516 0.44727 0.78516 0.44922 0.79102 0.44922 0.79297 0.45117 0.80469 0.45117 0.80664 0.45312 0.81641 0.45312 0.81836 0.45508 0.83008 0.45508 0.83203 0.45703 0.83594 0.45703 0.83789 0.45898 0.84961 0.45898 0.85156 0.46094 0.92188 0.46094 0.92383 0.46289 0.94922 0.46289 0.95117 0.46484 0.95117 0.45703 0.94922 0.45508 0.94922 0.45312 0.94727 0.45117 0.94727 0.44531 0.94531 0.44336 0.94531 0.4375 0.94336 0.43555 0.94336 0.42969 0.94141 0.42773 0.94141 0.42578 0.93945 0.42383 0.93945 0.41797 0.9375 0.41602 0.9375 0.41016 0.93555 0.4082 0.93555 0.4043 0.93359 0.40234 0.93359 0.39844 0.93164 0.39648 0.93164 0.39062 0.92969 0.38867 0.92969 0.38281 0.92773 0.38086 0.92773 0.375 0.92578 0.37305 0.92578 0.37109 0.92383 0.36914 0.92383 0.36133 0.92188 0.35938 0.92188 0.35742 0.91992 0.35547 0.91992 0.35352 0.91602 0.34961 0.91602 0.3457 0.91016 0.33984 0.91016 0.33789 0.9082 0.33594 0.9082 0.33398 0.90234 0.32812 0.90234 0.32617 0.90039 0.32422 0.90039 0.32227 0.89648 0.31836 0.89648 0.31641 0.89453 0.31445 0.89453 0.3125 0.89062 0.30859 0.89062 0.30664 0.88867 0.30469 0.88867 0.30273 0.88672 0.30078 0.88672 0.29688 0.88477 0.29492 0.88477 0.29297 0.88086 0.28906 0.88086 0.28516 0.87891 0.2832 0.87891 0.28125 0.87695 0.2793 0.87695 0.27734 0.87305 0.27344 0.87305 0.26953 0.87109 0.26758 0.87109 0.26562 0.86719 0.26172 0.86719 0.25781 0.86523 0.25586 0.86523 0.25195 0.86328 0.25 0.86328 0.24805 0.85938 0.24414 0.85938 0.24219 0.85547 0.24219 0.85352 0.24023 0.84766 0.24023 0.8457 0.23828 0.83984 0.23828 0.83789 0.23633 0.83203 0.23633 0.83008 0.23438 0.82812 0.23438 0.82617 0.23242
0 0.74609 0.20703 0.74414 0.20898 0.74219 0.20898 0.74023 0.21094 0.73828 0.21094 0.73633 0.21289 0.73438 0.21289 0.73242 0.21484 0.72852 0.21484 0.72461 0.21875 0.72266 0.21875 0.7207 0.2207 0.7168 0.2207 0.71484 0.22266 0.71289 0.22266 0.70898 0.22656 0.70703 0.22656 0.70312 0.23047 0.70117 0.23047 0.70117 0.23242 0.69922 0.23438 0.69922 0.23633 0.69727 0.23828 0.69531 0.23828 0.69531 0.24023 0.69336 0.24219 0.69336 0.24414 0.68555 0.25195 0.68555 0.25586 0.68359 0.25781 0.68359 0.27344 0.68164 0.27539 0.68164 0.28125 0.67578 0.28711 0.67383 0.28711 0.66797 0.29297 0.66602 0.29297 0.66406 0.29492 0.64844 0.29492 0.64648 0.29688 0.62695 0.29688 0.625 0.29883 0.61523 0.29883 0.61328 0.30078 0.61133 0.30078 0.60938 0.30273 0.60156 0.30273 0.59961 0.30469 0.59766 0.30469 0.58789 0.31445 0.58594 0.31445 0.58398 0.31641 0.58398 0.31836 0.58594 0.32031 0.58594 0.32227 0.58984 0.32617 0.58984 0.33008 0.5918 0.33203 0.5918 0.33594 0.58398 0.34375 0.58398 0.34766 0.58203 0.34961 0.58008 0.34961 0.55078 0.32031 0.54883 0.32031 0.54688 0.31836 0.54688 0.31641 0.54492 0.31445 0.54297 0.31445 0.53711 0.30859 0.53711 0.30664 0.5332 0.30273 0.53125 0.30273 0.5293 0.30078 0.5293 0.29883 0.52734 0.29883 0.52344 0.29492 0.52148 0.29492 0.51953 0.29297 0.51758 0.29297 0.51562 0.29102 0.51562 0.28906 0.51367 0.28906 0.50977 0.28516 0.50781 0.28516 0.50586 0.2832 0.50391 0.2832 0.50195 0.28125 0.50195 0.2793 0.5 0.2793 0.49805 0.27734 0.49219 0.27734 0.49023 0.27539 0.47656 0.27539 0.47461 0.27344 0.4707 0.27344 0.46875 0.27539 0.44922 0.27539 0.44727 0.27734 0.42969 0.27734 0.42773 0.2793 0.4082 0.2793 0.40625 0.28125 0.4043 0.28125 0.40234 0.2832 0.39844 0.2832 0.39648 0.28516 0.39453 0.28516 0.39258 0.28711 0.38867 0.28711 0.38672 0.28906 0.38477 0.28906 0.38281 0.29102 0.38086 0.29102 0.37891 0.29297 0.37695 0.29297 0.375 0.29492 0.37109 0.29492 0.36914 0.29688 0.36719 0.29688 0.36523 0.29883 0.36133 0.29883 0.35742 0.30273 0.35352 0.30273 0.34961 0.30664 0.34766 0.30664 0.34375 0.31055 0.3418 0.31055 0.33984 0.3125 0.33789 0.3125 0.33398 0.31641 0.33008 0.31641 0.33008 0.31836 0.32812 0.32031 0.32617 0.32031 0.32422 0.32227 0.32227 0.32227 0.32031 0.32422 0.31836 0.32422 0.31641 0.32617 0.31445 0.32617 0.31055 0.33008 0.30859 0.33008 0.30469 0.33398 0.30273 0.33398 0.30078 0.33594 0.29883 0.33594 0.28906 0.3457 0.28711 0.3457 0.28711 0.34766 0.2832 0.35156 0.28125 0.35156 0.2793 0.35352 0.2793 0.35547 0.27539 0.35938 0.27344 0.35938 0.26172 0.37109 0.25977 0.37109 0.25781 0.37305 0.25781 0.375 0.25391 0.37891 0.25195 0.37891 0.25195 0.38086 0.25 0.38281 0.25 0.38477 0.24414 0.39062 0.24414 0.39453 0.23828 0.40039 0.23828 0.40234 0.23633 0.4043 0.23633 0.40625 0.23242 0.41016 0.23242 0.41211 0.22852 0.41602 0.22852 0.41992 0.22656 0.42188 0.22656 0.42383 0.22461 0.42578 0.22461 0.42773 0.22266 0.42969 0.22266 0.43359 0.2207 0.43555 0.2207 0.44141 0.2168 0.44531 0.2168 0.44922 0.21484 0.45117 0.21484 0.45508 0.21289 0.45703 0.21289 0.46094 0.20898 0.46484 0.20898 0.47461 0.20703 0.47656 0.20703 0.48633 0.20508 0.48828 0.20508 0.49609 0.20312 0.49805 0.20312 0.5 0.20117 0.50195 0.20117 0.51562 0.20312 0.51758 0.20312 0.52148 0.20508 0.52344 0.20508 0.53125 0.20703 0.5332 0.20703 0.54297 0.20898 0.54492 0.20898 0.55273 0.21094 0.55469 0.21094 0.55664 0.21289 0.55859 0.21289 0.56641 0.21484 0.56836 0.21484 0.57227 0.2168 0.57422 0.2168 0.57812 0.21875 0.58008 0.21875 0.58203 0.2207 0.58398 0.2207 0.58789 0.22266 0.58984 0.22266 0.59375 0.22461 0.5957 0.22461 0.59961 0.22656 0.60156 0.22656 0.60352 0.22852 0.60547 0.22852 0.60938 0.23047 0.61133 0.23047 0.61523 0.23242 0.61719 0.23242 0.61914 0.24609 0.63281 0.24805 0.63281 0.25 0.63477 0.25 0.63672 0.25195 0.63867 0.25391 0.63867 0.26953 0.6543 0.27148 0.6543 0.28125 0.66406 0.2832 0.66406 0.28906 0.66992 0.29102 0.66992 0.29297 0.67188 0.29297 0.67383 0.29492 0.67578 0.29688 0.67578 0.29883 0.67773 0.30078 0.67773 0.30859 0.68555 0.31055 0.68555 0.31445 0.68945 0.31641 0.68945 0.31836 0.69141 0.31836 0.69336 0.32031 0.69336 0.32227 0.69531 0.32422 0.69531 0.33203 0.70312 0.33398 0.70312 0.33594 0.70508 0.33594 0.70312 0.33789 0.70117 0.33789 0.69727 0.3418 0.69336 0.3418 0.66211 0.34375 0.66016 0.34375 0.6582 0.34766 0.6543 0.34766 0.65234 0.34961 0.65039 0.34961 0.64648 0.35156 0.64453 0.35156 0.63867 0.35352 0.63672 0.35547 0.63672 0.35938 0.64062 0.35938 0.64258 0.36133 0.64258 0.36523 0.64648 0.36719 0.64648 0.36914 0.64844 0.37109 0.64844 0.375 0.65234 0.37891 0.65234 0.38086 0.6543 0.38477 0.6543 0.38672 0.65625 0.39258 0.65625 0.39453 0.6582 0.39844 0.6582 0.40039 0.66016 0.40625 0.66016 0.41016 0.65625 0.41016 0.6543 0.40625 0.65039 0.40625 0.64844 0.4043 0.64844 0.40234 0.64648 0.40234 0.64453 0.39453 0.63672 0.39453 0.63477 0.39258 0.63281 0.39062 0.63281 0.38477 0.62695 0.38477 0.625 0.38281 0.625 0.37695 0.61914 0.37695 0.60352 0.37891 0.60156 0.37695 0.59961 0.375 0.59961 0.37305 0.59766 0.36914 0.59766 0.36719 0.5957 0.35156 0.5957 0.34961 0.59375 0.3418 0.59375 0.33984 0.5918 0.33203 0.5918 0.33008 0.58984 0.32812 0.58984 0.32617 0.58789 0.32422 0.58789 0.32031 0.58398 0.32031 0.57617 0.31641 0.57227 0.31641 0.56836 0.31445 0.56641 0.31445 0.56445 0.3125 0.5625 0.3125 0.56055 0.30859 0.55664 0.30859 0.55078 0.30664 0.54883 0.30664 0.54492 0.30469 0.54297 0.30469 0.53711 0.30273 0.53516 0.30273 0.53125 0.30078 0.5293 0.30078 0.52148 0.29883 0.51953 0.29883 0.51367 0.29492 0.50977 0.29492 0.50586 0.29297 0.50391 0.29297 0.5 0.29102 0.49805 0.29102 0.49414 0.28906 0.49414 0.2832 0.48828 0.28125 0.48828 0.2793 0.49023 0.2793 0.49609 0.27734 0.49805 0.27734 0.5332 0.27539 0.53516 0.27344 0.5332 0.27344 0.5293 0.27148 0.52734 0.27148 0.52148 0.26953 0.51953 0.26953 0.48242 0.27148 0.48047 0.27148 0.47656 0.27344 0.47461 0.27344 0.47266 0.27539 0.4707 0.27539 0.4668 0.27734 0.46484 0.27734 0.46094 0.2793 0.45898 0.2793 0.45508 0.28125 0.45312 0.28125 0.45117 0.2832 0.44922 0.2832 0.44531 0.28516 0.44336 0.28516 0.43945 0.28711 0.4375 0.28711 0.43359 0.28906 0.43164 0.28906 0.42969 0.29102 0.42773 0.29102 0.42383 0.29297 0.42188 0.29297 0.41992 0.29492 0.41797 0.29492 0.41602 0.29688 0.41406 0.29883 0.41406 0.29883 0.41211 0.30078 0.41016 0.30078 0.4082 0.30273 0.40625 0.30469 0.40625 0.30469 0.4043 0.30664 0.40234 0.30664 0.40039 0.31445 0.39258 0.31445 0.39062 0.31836 0.38672 0.32031 0.38672 0.32227 0.38477 0.32227 0.38281 0.32422 0.38086 0.32617 0.38086 0.33203 0.375 0.33398 0.375 0.33398 0.37305 0.33594 0.37109 0.33789 0.37109 0.33984 0.36914 0.3418 0.36914 0.3457 0.36523 0.34766 0.36523 0.35352 0.35938 0.35547 0.35938 0.35938 0.35547 0.36133 0.35547 0.36523 0.35156 0.36719 0.35156 0.36914 0.34961 0.37305 0.34961 0.375 0.34766 0.37891 0.34766 0.38281 0.34375 0.38672 0.34375 0.38867 0.3418 0.39258 0.3418 0.39453 0.33984 0.39844 0.33984 0.40039 0.33789 0.4043 0.33789 0.40625 0.33594 0.4082 0.33594 0.41016 0.33398 0.41406 0.33398 0.41602 0.33203 0.41992 0.33203 0.42188 0.33008 0.42773 0.33008 0.42969 0.32812 0.43164 0.32812 0.43359 0.32617 0.43555 0.32617 0.4375 0.32422 0.43945 0.32422 0.44141 0.32617 0.44531 0.32617 0.44727 0.32812 0.45703 0.32812 0.45898 0.33008 0.46875 0.33008 0.4707 0.33203 0.47656 0.33203 0.47852 0.33398 0.48047 0.33398 0.48438 0.33789 0.48828 0.33789 0.49023 0.33984 0.49219 0.33984 0.49414 0.3418 0.49609 0.3418 0.49805 0.34375 0.50195 0.34375 0.50586 0.34766 0.50781 0.34766 0.50977 0.34961 0.51172 0.34961 0.51367 0.35156 0.51758 0.35156 0.52148 0.35547 0.52344 0.35547 0.52539 0.35742 0.5293 0.35742 0.53125 0.35938 0.5332 0.35938 0.53516 0.36133 0.53711 0.36133 0.54102 0.36523 0.54297 0.36523 0.54492 0.36719 0.54688 0.36719 0.54883 0.36914 0.55273 0.36914 0.55469 0.37109 0.55664 0.37109 0.56055 0.375 0.5625 0.375 0.56445 0.37695 0.56641 0.37695 0.56836 0.37891 0.57031 0.37891 0.57227 0.38086 0.57422 0.38086 0.57617 0.38281 0.57812 0.38281 0.58594 0.375 0.58789 0.375 0.58789 0.36914 0.58594 0.36719 0.58594 0.36523 0.58398 0.36328 0.58398 0.35938 0.58594 0.35742 0.59766 0.35742 0.59961 0.35547 0.60938 0.35547 0.61328 0.35156 0.61328 0.34961 0.61523 0.34766 0.61719 0.34766 0.61719 0.3457 0.62305 0.33984 0.625 0.33984 0.625 0.33398 0.62305 0.33203 0.62305 0.33008 0.62109 0.32812 0.62109 0.32422 0.61914 0.32227 0.61914 0.32031 0.62109 0.31836 0.64258 0.31836 0.64453 0.31641 0.64844 0.31641 0.65039 0.31445 0.66602 0.31445 0.66797 0.3125 0.69141 0.3125 0.69336 0.31055 0.69531 0.31055 0.69727 0.30859 0.69922 0.30859 0.70312 0.30469 0.70508 0.30469 0.70898 0.30078 0.71289 0.30078 0.71289 0.29883 0.71484 0.29688 0.71875 0.29688 0.72266 0.29297 0.72266 0.2832 0.72461 0.28125 0.72461 0.27734 0.72656 0.27539 0.72656 0.26758 0.73242 0.26172 0.73242 0.25977 0.73438 0.25781 0.73438 0.25586 0.73633 0.25391 0.73633 0.25195 0.74023 0.24805 0.74023 0.24609 0.74219 0.24414 0.74609 0.24414 0.75 0.24023 0.75195 0.24023 0.75391 0.23828 0.75586 0.23828 0.75781 0.23633 0.76172 0.23633 0.76367 0.23438 0.76367 0.22852 0.76562 0.22656 0.76562 0.22266 0.76758 0.2207 0.76758 0.21875 0.76953 0.2168 0.76953 0.21289 0.77148 0.21094 0.77148 0.20898 0.75195 0.20898 0.75 0.20703
