0 0.58203 0.66992 0.58398 0.67188 0.58203 0.67383 0.58203 0.68164 0.58008 0.68359 0.58008 0.69336 0.57812 0.69531 0.5957 0.69531 0.59766 0.69336 0.61719 0.69336 0.61914 0.69531 0.61914 0.70117 0.61719 0.70312 0.61719 0.70703 0.61523 0.70898 0.61523 0.71094 0.61328 0.71289 0.61328 0.71875 0.61133 0.7207 0.61133 0.72656 0.61328 0.72852 0.61328 0.73047 0.61719 0.73438 0.61719 0.73633 0.61914 0.73828 0.61914 0.74023 0.62109 0.74219 0.62109 0.74414 0.62305 0.74219 0.62695 0.74609 0.62891 0.74609 0.63086 0.74805 0.63672 0.74805 0.63867 0.75 0.64062 0.75 0.64258 0.75195 0.64648 0.75195 0.64844 0.75391 0.65039 0.75391 0.65234 0.75586 0.6543 0.75586 0.65625 0.75781 0.66406 0.75781 0.66602 0.75586 0.67383 0.75586 0.67383 0.75391 0.67578 0.75195 0.68945 0.75195 0.69336 0.75586 0.69727 0.75586 0.69922 0.75781 0.70508 0.75781 0.70703 0.75977 0.71289 0.75977 0.71484 0.76172 0.71875 0.76172 0.72266 0.76562 0.72656 0.76562 0.72852 0.76758 0.72852 0.77148 0.73047 0.77344 0.73047 0.77539 0.73242 0.77734 0.73242 0.78516 0.73438 0.78711 0.73438 0.79297 0.73633 0.79492 0.73633 0.79883 0.74219 0.80469 0.74219 0.80664 0.74414 0.80859 0.74414 0.8125 0.74609 0.81445 0.74609 0.81641 0.74805 0.81836 0.75 0.81836 0.75391 0.82227 0.75586 0.82031 0.75781 0.82227 0.76172 0.82227 0.76367 0.82422 0.76758 0.82422 0.76953 0.82617 0.77539 0.82617 0.7793 0.82227 0.7793 0.82031 0.78125 0.81836 0.7832 0.81836 0.78516 0.81641 0.78516 0.81445 0.7832 0.8125 0.7832 0.81055 0.78125 0.81055 0.77539 0.80469 0.77539 0.80273 0.76562 0.79297 0.76562 0.79102 0.76172 0.78711 0.76172 0.78516 0.75977 0.7832 0.75977 0.78125 0.75781 0.7793 0.75781 0.77734 0.75586 0.77539 0.75586 0.77344 0.75391 0.77148 0.75391 0.76953 0.75195 0.76758 0.75195 0.76562 0.75 0.76367 0.75 0.76172 0.74805 0.75977 0.74805 0.75781 0.74609 0.75586 0.74609 0.75391 0.74219 0.75 0.74219 0.74805 0.73438 0.74023 0.73438 0.73828 0.73047 0.73438 0.73047 0.73242 0.72852 0.73047 0.72656 0.73047 0.72461 0.72852 0.72461 0.72656 0.72266 0.72656 0.7207 0.72461 0.7168 0.72461 0.71484 0.72266 0.71094 0.72266 0.70898 0.7207 0.70117 0.7207 0.69922 0.71875 0.69727 0.71875 0.69531 0.7168 0.67578 0.7168 0.67383 0.71875 0.65234 0.71875 0.65039 0.7168 0.64844 0.71875 0.64258 0.71875 0.64062 0.7168 0.63672 0.7168 0.63281 0.71289 0.63281 0.70703 0.63086 0.70508 0.63086 0.69922 0.62891 0.69727 0.62891 0.69531 0.62695 0.69336 0.62695 0.6875 0.625 0.68555 0.625 0.68359 0.62305 0.68164 0.62305 0.67578 0.61328 0.67578 0.61133 0.67383 0.59766 0.67383 0.5957 0.67188 0.59375 0.67383 0.5918 0.67188 0.58594 0.67188 0.58398 0.66992
0
0 0.36133 0.60156 0.35938 0.60352 0.35742 0.60352 0.35352 0.60742 0.34961 0.60742 0.34766 0.60938 0.3457 0.60938 0.34375 0.61133 0.34375 0.61523 0.3418 0.61719 0.3418 0.62695 0.33984 0.62891 0.33984 0.63477 0.3418 0.63672 0.3457 0.63672 0.34766 0.63867 0.35156 0.63867 0.35352 0.64062 0.35547 0.64062 0.35742 0.64258 0.36523 0.64258 0.36719 0.64453 0.36719 0.64258 0.36914 0.64062 0.36914 0.63672 0.37109 0.63477 0.37109 0.63281 0.37305 0.63086 0.37305 0.62695 0.37695 0.62305 0.375 0.62109 0.37695 0.61914 0.37109 0.61328 0.37109 0.61133
0 0.52344 0.58203 0.52148 0.58398 0.51953 0.58398 0.50781 0.5957 0.50781 0.59766 0.50977 0.59961 0.50977 0.60156 0.51367 0.60547 0.51367 0.60742 0.51758 0.61133 0.51758 0.61328 0.51953 0.61523 0.51953 0.61719 0.52148 0.61719 0.52539 0.62109 0.52734 0.62109 0.5293 0.62305 0.53711 0.62305 0.53906 0.625 0.54102 0.625 0.54297 0.62305 0.54492 0.62305 0.54492 0.62109 0.55078 0.61523 0.55273 0.61523 0.55273 0.60938 0.55078 0.60742 0.55078 0.60547 0.54883 0.60352 0.54883 0.59961 0.54688 0.59766 0.54688 0.5957 0.54492 0.59375 0.54492 0.5918 0.54297 0.58984 0.54297 0.58789 0.54102 0.58594 0.54102 0.58398 0.53906 0.58203
0 0.85742 0.55664 0.85547 0.55859 0.83984 0.55859 0.83789 0.56055 0.83203 0.56055 0.83203 0.5625 0.83008 0.56445 0.83008 0.56836 0.82812 0.57031 0.82812 0.57227 0.82617 0.57422 0.82617 0.57812 0.82227 0.58203 0.82227 0.58398 0.82031 0.58594 0.82031 0.58984 0.81836 0.5918 0.81836 0.5957 0.81641 0.59766 0.81641 0.59961 0.8125 0.60352 0.8125 0.60742 0.81055 0.60938 0.81055 0.61523 0.80859 0.61719 0.80859 0.61914 0.80664 0.62109 0.80664 0.625 0.80469 0.62695 0.80469 0.68164 0.80273 0.68359 0.80273 0.68945 0.80078 0.69141 0.80273 0.69336 0.80273 0.69531 0.80078 0.69727 0.80078 0.70898 0.79883 0.71094 0.79883 0.72656 0.80078 0.72852 0.80078 0.74609 0.80469 0.75 0.80469 0.75195 0.80664 0.75391 0.80664 0.75586 0.80859 0.75781 0.80859 0.75977 0.81055 0.76172 0.81055 0.76367 0.8125 0.76562 0.8125 0.76758 0.81641 0.77148 0.81836 0.77148 0.82031 0.77344 0.82031 0.77539 0.82227 0.77734 0.82617 0.77734 0.83203 0.77148 0.83203 0.76953 0.83594 0.76562 0.83594 0.76367 0.85352 0.74609 0.85352 0.74414 0.85547 0.74219 0.85547 0.74023 0.85742 0.73828 0.85742 0.73438 0.85938 0.73242 0.85938 0.73047 0.86133 0.72852 0.86133 0.72656 0.86523 0.72266 0.86523 0.7207 0.86719 0.71875 0.86719 0.71484 0.86914 0.71289 0.86914 0.71094 0.87109 0.70898 0.87109 0.70703 0.87305 0.70508 0.87305 0.70312 0.87695 0.69922 0.87695 0.69531 0.87891 0.69336 0.87891 0.6875 0.88086 0.68555 0.88086 0.68164 0.88281 0.67969 0.88281 0.67383 0.88477 0.67188 0.88477 0.66992 0.88672 0.66797 0.88672 0.66016 0.88867 0.6582 0.88867 0.6543 0.89062 0.65234 0.89062 0.64648 0.89258 0.64453 0.89258 0.64062 0.89453 0.63867 0.89258 0.63672 0.89648 0.63281 0.89648 0.62695 0.89844 0.625 0.89844 0.62109 0.90039 0.61914 0.90039 0.61523 0.90234 0.61328 0.90234 0.60547 0.9043 0.60352 0.9043 0.58594 0.90234 0.58398 0.90234 0.58008 0.90039 0.57812 0.90039 0.56445 0.89648 0.56055 0.88477 0.56055 0.88281 0.55859 0.88086 0.56055 0.87891 0.55859 0.86914 0.55859 0.86719 0.55664
0 0.66406 0.48828 0.66211 0.49023 0.66016 0.49023 0.65625 0.49414 0.6543 0.49414 0.65234 0.49609 0.65039 0.49609 0.65039 0.50586 0.64844 0.50781 0.64844 0.50977 0.65039 0.51172 0.65039 0.51367 0.64844 0.51562 0.64844 0.52148 0.64453 0.52539 0.64453 0.52734 0.64258 0.5293 0.64258 0.53125 0.63867 0.53516 0.63867 0.53906 0.63477 0.54297 0.63477 0.54492 0.63281 0.54688 0.63281 0.54883 0.62891 0.55273 0.62891 0.55469 0.62695 0.55664 0.62695 0.55859 0.625 0.56055 0.625 0.56641 0.62305 0.56836 0.62305 0.57227 0.62109 0.57422 0.62109 0.57812 0.61914 0.58008 0.61914 0.58398 0.61719 0.58594 0.61719 0.5918 0.61523 0.59375 0.61523 0.5957 0.61328 0.59766 0.61328 0.59961 0.61133 0.60156 0.61133 0.60742 0.60156 0.61719 0.60156 0.61914 0.59961 0.62109 0.59961 0.62305 0.5918 0.63086 0.5918 0.63281 0.58789 0.63672 0.58789 0.64062 0.58594 0.64258 0.58594 0.64844 0.58398 0.65039 0.58398 0.65234 0.58203 0.6543 0.58203 0.65625 0.58008 0.6582 0.58008 0.66016 0.58203 0.66016 0.58398 0.6582 0.5918 0.6582 0.59375 0.65625 0.59766 0.65625 0.59961 0.6543 0.60742 0.6543 0.60938 0.65234 0.61328 0.65234 0.61523 0.6543 0.61914 0.6543 0.62109 0.65625 0.62695 0.65625 0.62891 0.6582 0.63281 0.6582 0.63477 0.66016 0.63672 0.66016 0.64062 0.66406 0.64062 0.66602 0.64258 0.66797 0.64258 0.66992 0.65039 0.67773 0.65039 0.67969 0.65234 0.68164 0.65234 0.68359 0.6582 0.68945 0.66016 0.68945 0.66406 0.69336 0.66797 0.69336 0.67383 0.69922 0.67773 0.69922 0.68164 0.70312 0.68359 0.70312 0.68555 0.70508 0.69922 0.70508 0.70117 0.70312 0.7168 0.70312 0.71875 0.70117 0.72266 0.70117 0.72656 0.69727 0.72656 0.69336 0.72852 0.69141 0.73047 0.69141 0.73242 0.68945 0.73242 0.6875 0.74023 0.67969 0.74023 0.67773 0.74414 0.67383 0.74414 0.67188 0.74609 0.66992 0.74609 0.66797 0.74414 0.66602 0.74609 0.66406 0.74609 0.65625 0.74805 0.6543 0.74805 0.64453 0.75 0.64258 0.75 0.64062 0.74805 0.63867 0.74805 0.63281 0.75 0.63086 0.75 0.62109 0.75195 0.61914 0.75195 0.61523 0.75 0.61328 0.75 0.60352 0.75195 0.60156 0.75195 0.5918 0.75 0.5918 0.74414 0.58594 0.74414 0.58398 0.73633 0.57617 0.73633 0.57422 0.73242 0.57031 0.73242 0.5625 0.73633 0.55859 0.73828 0.55859 0.74023 0.55664 0.74219 0.55664 0.74414 0.55469 0.74414 0.55273 0.74219 0.55078 0.74219 0.54102 0.74023 0.53906 0.74023 0.53516 0.73828 0.5332 0.73828 0.5293 0.73633 0.52734 0.73633 0.52344 0.73047 0.52344 0.72852 0.52148 0.71484 0.52148 0.71289 0.51953 0.70703 0.51953 0.70508 0.51758 0.69336 0.51758 0.69141 0.51562 0.69141 0.51367 0.68945 0.51172 0.6875 0.51172 0.68555 0.50977 0.68555 0.50586 0.68164 0.50195 0.68164 0.5 0.67969 0.49805 0.67969 0.49609 0.67383 0.49023 0.67383 0.48828
0 0.33594 0.42578 0.33594 0.43555 0.33789 0.4375 0.33789 0.46289 0.33984 0.46484 0.33984 0.49414 0.3418 0.49609 0.3418 0.5 0.34375 0.50195 0.34375 0.50391 0.3457 0.50586 0.3457 0.50781 0.34766 0.50977 0.34766 0.51172 0.34961 0.51367 0.34961 0.51562 0.35156 0.51758 0.35156 0.52148 0.35352 0.52344 0.35352 0.52539 0.35547 0.52734 0.35547 0.5293 0.35938 0.5332 0.35938 0.53711 0.36133 0.53906 0.36133 0.54102 0.36328 0.54297 0.36328 0.54492 0.36523 0.54688 0.36523 0.54883 0.36719 0.55078 0.36719 0.55273 0.36914 0.55469 0.36914 0.55859 0.37109 0.56055 0.37109 0.5625 0.375 0.56641 0.38086 0.56641 0.38281 0.56836 0.38477 0.56641 0.38672 0.56836 0.39258 0.56836 0.39453 0.57031 0.40234 0.57031 0.4043 0.57227 0.41406 0.57227 0.41602 0.57422 0.41797 0.57422 0.41992 0.57617 0.42578 0.57617 0.42773 0.57812 0.43555 0.57812 0.43555 0.57227 0.4375 0.57031 0.4375 0.56445 0.43945 0.5625 0.43945 0.55859 0.44141 0.55664 0.44141 0.55078 0.44336 0.54883 0.44336 0.54492 0.44531 0.54297 0.44336 0.54102 0.44531 0.53906 0.44531 0.53516 0.44727 0.5332 0.44727 0.53125 0.44922 0.5293 0.44922 0.52344 0.45117 0.52148 0.45117 0.51758 0.45312 0.51562 0.45117 0.51367 0.45312 0.51172 0.45312 0.50781 0.45508 0.50586 0.45508 0.50391 0.45117 0.5 0.45117 0.49805 0.43945 0.48633 0.4375 0.48633 0.43555 0.48438 0.43555 0.48242 0.42773 0.47461 0.42578 0.47461 0.42383 0.47266 0.42383 0.4707 0.42188 0.46875 0.42188 0.46289 0.41992 0.46094 0.41992 0.44531 0.41797 0.44336 0.41602 0.44336 0.41406 0.44141 0.41211 0.44141 0.41016 0.43945 0.4043 0.43945 0.40234 0.4375 0.39844 0.4375 0.39453 0.43359 0.39258 0.43359 0.39062 0.43164 0.38867 0.43164 0.38672 0.42969 0.36914 0.42969 0.36719 0.42773 0.3418 0.42773 0.33984 0.42578
0 0.30273 0.25391 0.29883 0.25781 0.29883 0.25977 0.29688 0.26172 0.29492 0.26172 0.2832 0.27344 0.28125 0.27344 0.27734 0.27734 0.27734 0.2793 0.27539 0.28125 0.27344 0.28125 0.27344 0.2832 0.26758 0.28906 0.26562 0.28906 0.26367 0.29102 0.26367 0.29297 0.26172 0.29492 0.25977 0.29492 0.24805 0.30664 0.24805 0.30859 0.22461 0.33203 0.22461 0.33398 0.21875 0.33984 0.21875 0.3418 0.21289 0.34766 0.21289 0.34961 0.21094 0.35156 0.21094 0.35352 0.20508 0.35938 0.20508 0.36328 0.20117 0.36719 0.20117 0.36914 0.19727 0.37305 0.19727 0.375 0.19531 0.37695 0.19531 0.37891 0.19141 0.38281 0.19141 0.38477 0.1875 0.38867 0.1875 0.39062 0.18359 0.39453 0.18359 0.40039 0.18164 0.40234 0.18164 0.41016 0.17969 0.41211 0.18164 0.41406 0.18164 0.41602 0.17969 0.41797 0.17969 0.42578 0.17773 0.42773 0.17773 0.42969 0.17578 0.43164 0.17578 0.44531 0.17383 0.44727 0.17383 0.45703 0.17188 0.45898 0.17188 0.47461 0.16992 0.47656 0.16992 0.48828 0.16797 0.49023 0.16797 0.49219 0.16992 0.49414 0.16992 0.49609 0.16797 0.49805 0.16797 0.50391 0.16602 0.50586 0.16602 0.52539 0.16406 0.52734 0.16406 0.54102 0.16211 0.54297 0.16211 0.54492 0.16406 0.54688 0.16406 0.55273 0.16602 0.55469 0.16602 0.56055 0.16797 0.5625 0.16797 0.56641 0.16992 0.56836 0.16992 0.57227 0.17188 0.57422 0.17188 0.57812 0.17383 0.58008 0.17383 0.58398 0.17578 0.58594 0.17578 0.5918 0.17773 0.59375 0.17773 0.59766 0.18164 0.60156 0.18164 0.60938 0.18359 0.61133 0.18359 0.61719 0.18555 0.61914 0.18555 0.625 0.1875 0.625 0.19727 0.63477 0.19922 0.63477 0.21094 0.64648 0.21289 0.64648 0.22461 0.6582 0.22656 0.6582 0.23828 0.66992 0.24023 0.66992 0.25195 0.68164 0.25391 0.68164 0.25977 0.6875 0.26172 0.6875 0.26953 0.69531 0.27148 0.69531 0.27734 0.70117 0.2793 0.70117 0.28125 0.70312 0.2832 0.70312 0.28516 0.70508 0.28711 0.70508 0.28906 0.70703 0.28906 0.70898 0.29102 0.70898 0.29297 0.71094 0.29492 0.71094 0.30273 0.71875 0.30469 0.71875 0.30664 0.7207 0.30859 0.7207 0.31641 0.72852 0.31836 0.72852 0.32227 0.73242 0.32422 0.73242 0.33008 0.73828 0.33203 0.73828 0.33398 0.74023 0.33594 0.74023 0.34375 0.74805 0.34766 0.74805 0.34961 0.75 0.35547 0.75 0.35742 0.75195 0.36328 0.75195 0.36523 0.75391 0.36719 0.75391 0.36914 0.75586 0.37305 0.75586 0.375 0.75781 0.38086 0.75781 0.38281 0.75977 0.38867 0.75977 0.39062 0.76172 0.39648 0.76172 0.40039 0.76562 0.4043 0.76562 0.40625 0.76758 0.41016 0.76758 0.41211 0.76953 0.41406 0.76758 0.41602 0.76953 0.41992 0.76953 0.42188 0.77148 0.42578 0.77148 0.42773 0.77344 0.4375 0.77344 0.43945 0.77148 0.45898 0.77148 0.46094 0.76953 0.48047 0.76953 0.48242 0.76758 0.5 0.76758 0.50195 0.76562 0.52148 0.76562 0.52344 0.76367 0.53711 0.76367 0.53906 0.76172 0.54297 0.76172 0.54688 0.75781 0.55078 0.75781 0.55273 0.75586 0.55664 0.75586 0.56055 0.75195 0.56445 0.75195 0.56836 0.74805 0.57031 0.74805 0.57227 0.74609 0.57422 0.74609 0.57617 0.74414 0.57617 0.73242 0.57422 0.73047 0.57422 0.71289 0.57227 0.71094 0.57227 0.69727 0.57031 0.69531 0.57031 0.69141 0.56836 0.68945 0.56836 0.6875 0.56641 0.68555 0.56641 0.68359 0.56445 0.68164 0.56445 0.67969 0.56055 0.67578 0.56055 0.67383 0.55664 0.66992 0.55664 0.66797 0.55273 0.66797 0.54883 0.67188 0.54688 0.67188 0.54297 0.67578 0.54102 0.67578 0.53906 0.67773 0.53711 0.67773 0.5332 0.68164 0.53125 0.68164 0.5293 0.68359 0.52539 0.68359 0.52344 0.68555 0.51953 0.68555 0.51758 0.6875 0.51562 0.6875 0.51172 0.69141 0.50586 0.69141 0.50391 0.69336 0.5 0.69336 0.49805 0.69531 0.49414 0.69531 0.49219 0.69727 0.49023 0.69727 0.48828 0.69922 0.48633 0.69922 0.48438 0.70117 0.48242 0.70117 0.48047 0.70312 0.4707 0.70312 0.46875 0.70508 0.46484 0.70508 0.46289 0.70703 0.45117 0.70703 0.44922 0.70898 0.44141 0.70898 0.43945 0.70703 0.4375 0.70898 0.43555 0.70703 0.43164 0.70703 0.42969 0.70508 0.42383 0.70508 0.42188 0.70312 0.41602 0.70312 0.41406 0.70117 0.40625 0.70117 0.4043 0.69922 0.40234 0.69922 0.40039 0.69727 0.39648 0.69727 0.39453 0.69531 0.38867 0.69531 0.38672 0.69336 0.38477 0.69531 0.38281 0.69336 0.38086 0.69336 0.37891 0.69141 0.375 0.69141 0.37109 0.6875 0.36914 0.6875 0.36719 0.68555 0.36523 0.68555 0.36328 0.68359 0.35938 0.68359 0.35742 0.68164 0.35352 0.68164 0.34961 0.67773 0.34766 0.67773 0.3457 0.67578 0.3418 0.67578 0.33984 0.67383 0.33789 0.67383 0.33594 0.67188 0.33203 0.67188 0.32422 0.66406 0.32227 0.66406 0.31445 0.65625 0.3125 0.65625 0.30859 0.65234 0.30859 0.65039 0.30469 0.65039 0.29883 0.64453 0.29688 0.64453 0.29492 0.64258 0.29492 0.64062 0.28711 0.63281 0.28711 0.63086 0.28516 0.62891 0.28516 0.62695 0.2832 0.625 0.28125 0.625 0.2793 0.62305 0.2793 0.62109 0.27148 0.61328 0.27148 0.61133 0.26758 0.60742 0.26758 0.60352 0.26562 0.60156 0.26562 0.59961 0.26172 0.5957 0.26172 0.5918 0.25781 0.58789 0.25781 0.58594 0.25586 0.58398 0.25586 0.58203 0.25391 0.58008 0.25391 0.57617 0.25195 0.57422 0.25195 0.57227 0.24805 0.56836 0.24805 0.5625 0.24609 0.56055 0.24609 0.55664 0.24414 0.55469 0.24414 0.54883 0.24219 0.54688 0.24219 0.54492 0.24023 0.54297 0.24023 0.53906 0.23828 0.53711 0.24023 0.53516 0.24023 0.52539 0.24219 0.52344 0.24219 0.51953 0.24414 0.51758 0.24609 0.51953 0.24609 0.52344 0.24609 0.52148 0.24805 0.51953 0.24805 0.51758 0.25391 0.51172 0.25391 0.50977 0.25781 0.50586 0.25781 0.50391 0.25977 0.50195 0.26172 0.50195 0.26172 0.5 0.26562 0.49609 0.26562 0.49023 0.26758 0.48828 0.26758 0.48438 0.27148 0.48047 0.27148 0.47852 0.27344 0.47656 0.27344 0.47266 0.27539 0.4707 0.27539 0.45312 0.27734 0.45117 0.27734 0.44141 0.2793 0.43945 0.27734 0.4375 0.27734 0.43555 0.2793 0.43359 0.2793 0.42969 0.28516 0.42383 0.28516 0.42188 0.29297 0.41406 0.29297 0.41211 0.29492 0.41016 0.29688 0.41016 0.29883 0.4082 0.30078 0.4082 0.30273 0.40625 0.30469 0.40625 0.30859 0.40234 0.31055 0.40234 0.3125 0.40039 0.31641 0.40039 0.31836 0.39844 0.32031 0.39844 0.32227 0.39648 0.33594 0.39648 0.33789 0.39844 0.35156 0.39844 0.35352 0.39648 0.35352 0.39453 0.35547 0.39258 0.35547 0.39062 0.35742 0.38867 0.35742 0.38086 0.35938 0.37891 0.35938 0.375 0.36133 0.37305 0.36133 0.37109 0.36328 0.36914 0.36328 0.36719 0.36523 0.36523 0.36523 0.36328 0.36914 0.35938 0.36914 0.35742 0.37305 0.35352 0.37305 0.35156 0.375 0.34961 0.37695 0.34961 0.37695 0.34766 0.37891 0.3457 0.37891 0.34375 0.39062 0.33203 0.39062 0.32812 0.38867 0.32812 0.38672 0.32617 0.36328 0.32617 0.36133 0.32812 0.35352 0.32812 0.35156 0.33008 0.35156 0.33203 0.34961 0.33398 0.34766 0.33398 0.3457 0.33594 0.34375 0.33594 0.3418 0.33789 0.33984 0.33789 0.33594 0.3418 0.33203 0.3418 0.32617 0.34766 0.32227 0.34766 0.32031 0.34961 0.31836 0.34766 0.31836 0.3457 0.32031 0.34375 0.32031 0.33789 0.32227 0.33594 0.32227 0.33203 0.32031 0.33008 0.32227 0.32812 0.32227 0.32227 0.32031 0.32031 0.32031 0.31445 0.31836 0.3125 0.31836 0.30664 0.31641 0.30469 0.31641 0.30273 0.31445 0.30078 0.31445 0.29688 0.3125 0.29492 0.3125 0.29102 0.31055 0.28906 0.31055 0.28125 0.30859 0.2793 0.30859 0.27539 0.30664 0.27344 0.30664 0.26367 0.30469 0.26172 0.30469 0.25391
0 0.43359 0.20898 0.43164 0.21094 0.42773 0.21094 0.42578 0.21289 0.41602 0.21289 0.41406 0.21484 0.41016 0.21484 0.4082 0.2168 0.40625 0.2168 0.40625 0.2207 0.4043 0.22266 0.4043 0.22656 0.40234 0.22852 0.40234 0.23047 0.39844 0.23438 0.39844 0.23828 0.39648 0.24023 0.39453 0.24023 0.39453 0.24219 0.39258 0.24414 0.39258 0.26758 0.39453 0.26953 0.39453 0.30273 0.39648 0.30469 0.39648 0.31641 0.40234 0.31641 0.4043 0.31445 0.42773 0.31445 0.42969 0.31641 0.43555 0.31641 0.4375 0.31836 0.44141 0.31836 0.44531 0.32227 0.44922 0.32227 0.45117 0.32422 0.45898 0.32422 0.46094 0.32617 0.46484 0.32617 0.4668 0.32812 0.4707 0.32812 0.47266 0.33008 0.47461 0.33008 0.47656 0.33203 0.47852 0.33203 0.48047 0.33398 0.48438 0.33398 0.48633 0.33594 0.49023 0.33594 0.49414 0.33984 0.49609 0.33984 0.49805 0.3418 0.50195 0.3418 0.50391 0.34375 0.50586 0.34375 0.50781 0.3457 0.51172 0.3457 0.51562 0.34961 0.51953 0.34961 0.52148 0.35156 0.52539 0.35156 0.52734 0.35352 0.5332 0.35352 0.53516 0.35547 0.54102 0.35547 0.54297 0.35742 0.54492 0.35742 0.54688 0.35938 0.55078 0.35938 0.55273 0.36133 0.55664 0.36133 0.55859 0.36328 0.56641 0.36328 0.56836 0.36523 0.57227 0.36523 0.57422 0.36719 0.57617 0.36719 0.58008 0.37109 0.58008 0.37305 0.58203 0.375 0.58203 0.37695 0.58789 0.38281 0.58789 0.38477 0.5918 0.38867 0.5918 0.39062 0.59375 0.39258 0.59375 0.39453 0.59766 0.39844 0.59766 0.40039 0.59961 0.40234 0.59961 0.4043 0.60352 0.4082 0.60352 0.41016 0.60742 0.41406 0.60742 0.41797 0.60938 0.41992 0.60938 0.42188 0.61133 0.42383 0.61133 0.42773 0.61719 0.43359 0.61719 0.43555 0.61523 0.4375 0.61328 0.4375 0.61133 0.43555 0.61133 0.43359 0.60547 0.42773 0.60352 0.42773 0.60156 0.42578 0.60156 0.42383 0.57617 0.39844 0.57422 0.40039 0.57227 0.40039 0.57031 0.40234 0.56836 0.40234 0.56445 0.40625 0.56445 0.4082 0.5625 0.41016 0.56055 0.41016 0.55664 0.41406 0.55664 0.41602 0.56836 0.42773 0.56836 0.42969 0.57617 0.4375 0.57617 0.43945 0.57812 0.44141 0.57812 0.44336 0.58008 0.44531 0.58008 0.44922 0.58203 0.45117 0.58203 0.45508 0.58789 0.46094 0.58789 0.46484 0.58984 0.4668 0.58984 0.46875 0.5918 0.4707 0.5918 0.47461 0.59375 0.47656 0.59375 0.47852 0.5957 0.48047 0.5957 0.48242 0.59961 0.48633 0.59961 0.49609 0.59766 0.49805 0.59766 0.50586 0.5957 0.50781 0.5957 0.50977 0.59766 0.51172 0.5957 0.51367 0.5957 0.51562 0.59375 0.51758 0.59375 0.52734 0.5918 0.5293 0.5918 0.54297 0.58984 0.54492 0.58984 0.56055 0.58789 0.5625 0.58984 0.56445 0.58984 0.56836 0.58789 0.57031 0.58789 0.57227 0.5918 0.57227 0.59375 0.57031 0.61133 0.57031 0.61133 0.56641 0.61328 0.56445 0.61133 0.5625 0.61523 0.55859 0.61523 0.55469 0.61719 0.55273 0.61719 0.54883 0.61914 0.54688 0.61914 0.54297 0.62109 0.54102 0.62109 0.53516 0.62305 0.5332 0.62305 0.45898 0.62109 0.45703 0.62109 0.44922 0.62305 0.44727 0.625 0.44922 0.625 0.45312 0.63086 0.45898 0.63086 0.46289 0.63281 0.46484 0.63281 0.4668 0.63477 0.46875 0.63477 0.4707 0.63672 0.47266 0.63672 0.47461 0.63867 0.47656 0.63867 0.47852 0.64062 0.48047 0.64062 0.48242 0.64258 0.48438 0.64258 0.48633 0.64453 0.48828 0.64844 0.48828 0.65039 0.48633 0.66016 0.48633 0.66211 0.48438 0.66992 0.48438 0.67188 0.48242 0.67578 0.48242 0.67773 0.48047 0.67969 0.48047 0.68164 0.47852 0.68359 0.48047 0.68359 0.48242 0.68164 0.48438 0.67969 0.48438 0.68164 0.48633 0.68359 0.48633 0.68555 0.48828 0.68945 0.48828 0.69336 0.49219 0.69922 0.49219 0.70117 0.49414 0.70312 0.49414 0.70508 0.49609 0.71094 0.49609 0.71289 0.49414 0.7168 0.49414 0.71875 0.49219 0.72266 0.49219 0.72266 0.49023 0.72461 0.48828 0.73047 0.48828 0.73242 0.48633 0.73633 0.48633 0.73828 0.48438 0.74609 0.48438 0.74805 0.48242 0.75195 0.48242 0.75391 0.48047 0.75586 0.48047 0.75781 0.47852 0.76367 0.47852 0.77344 0.48828 0.77539 0.48828 0.77734 0.49023 0.77734 0.49219 0.78711 0.50195 0.78711 0.50391 0.78906 0.50586 0.79102 0.50586 0.80078 0.51562 0.80273 0.51562 0.80469 0.51758 0.80469 0.51953 0.81055 0.51953 0.8125 0.51758 0.81445 0.51758 0.81641 0.51562 0.82031 0.51562 0.82227 0.51367 0.82617 0.51367 0.83008 0.50977 0.83398 0.50977 0.83594 0.50781 0.83789 0.50781 0.86133 0.48438 0.87891 0.48438 0.88086 0.48242 0.9043 0.48242 0.90625 0.48047 0.91016 0.48047 0.91016 0.47852 0.9082 0.47656 0.9082 0.45312 0.90625 0.45117 0.90234 0.45117 0.90039 0.44922 0.89648 0.44922 0.89453 0.44727 0.89258 0.44727 0.88867 0.44336 0.88086 0.44336 0.87695 0.44727 0.87109 0.44727 0.86914 0.44922 0.86328 0.44922 0.86133 0.45117 0.85742 0.45117 0.85547 0.45312 0.85352 0.45312 0.84961 0.45703 0.84766 0.45703 0.84375 0.46094 0.84375 0.46289 0.83594 0.4707 0.83594 0.47266 0.82812 0.48047 0.82617 0.48047 0.82422 0.47852 0.82031 0.47852 0.81445 0.47266 0.81445 0.4707 0.8125 0.4707 0.81055 0.46875 0.81055 0.4668 0.80664 0.46289 0.80664 0.46094 0.80469 0.45898 0.79883 0.45898 0.79688 0.45703 0.79297 0.45703 0.79102 0.45508 0.78711 0.45508 0.7832 0.45117 0.7793 0.45117 0.77734 0.44922 0.77148 0.44922 0.76953 0.44727 0.73438 0.44727 0.73242 0.44922 0.73047 0.44922 0.72852 0.45117 0.72656 0.45117 0.72461 0.44922 0.72461 0.40234 0.72266 0.40039 0.72266 0.39844 0.7207 0.39648 0.7207 0.39453 0.7168 0.39062 0.7168 0.38672 0.71484 0.38477 0.71484 0.38281 0.71289 0.38086 0.71289 0.37695 0.70898 0.37305 0.70898 0.37109 0.70508 0.36719 0.70508 0.36523 0.70312 0.36328 0.70312 0.35938 0.70117 0.35742 0.70117 0.35547 0.69922 0.35352 0.69922 0.35156 0.69727 0.35156 0.69531 0.34961 0.69531 0.3457 0.69336 0.34375 0.69336 0.3418 0.69141 0.33984 0.69141 0.33789 0.68945 0.33594 0.68945 0.33398 0.6875 0.33203 0.6875 0.33008 0.68555 0.32812 0.68555 0.32617 0.68164 0.32227 0.68164 0.31836 0.67969 0.31641 0.67969 0.31445 0.67773 0.3125 0.67773 0.31055 0.67578 0.31055 0.66797 0.30273 0.66797 0.30078 0.66602 0.30078 0.66406 0.29883 0.66211 0.29883 0.64648 0.2832 0.64648 0.28125 0.64453 0.28125 0.64062 0.27734 0.63867 0.27734 0.63672 0.27539 0.63672 0.27344 0.63477 0.27344 0.61914 0.25781 0.61719 0.25781 0.61328 0.25391 0.60938 0.25391 0.60547 0.25 0.60352 0.25 0.60156 0.24805 0.59961 0.24805 0.5957 0.24414 0.59375 0.24414 0.5918 0.24219 0.58984 0.24219 0.58789 0.24023 0.58594 0.24023 0.58398 0.23828 0.58203 0.23828 0.57812 0.23438 0.57617 0.23438 0.57422 0.23242 0.57227 0.23242 0.56836 0.22852 0.56641 0.22852 0.5625 0.22461 0.55859 0.22461 0.55469 0.2207 0.54492 0.2207 0.54297 0.21875 0.53906 0.21875 0.53711 0.2168 0.52344 0.2168 0.52148 0.21484 0.51367 0.21484 0.51172 0.21289 0.49609 0.21289 0.49414 0.21094 0.48438 0.21094 0.48242 0.20898 0.48047 0.21094 0.46875 0.21094 0.4668 0.20898 0.45508 0.20898 0.45312 0.21094 0.45117 0.21094 0.44922 0.20898
0 0.34961 0.17773 0.34961 0.17969 0.34766 0.18164 0.33789 0.18164 0.33594 0.18359 0.32617 0.18359 0.32227 0.1875 0.32031 0.1875 0.32031 0.18945 0.31641 0.19336 0.31445 0.19336 0.31055 0.19727 0.30859 0.19727 0.30859 0.19922 0.30469 0.20312 0.30469 0.20508 0.30078 0.20898 0.30078 0.21094 0.29883 0.21289 0.29883 0.21484 0.29688 0.2168 0.29688 0.2207 0.29883 0.22266 0.29883 0.22461 0.30078 0.22656 0.30078 0.22852 0.30469 0.23242 0.30469 0.23633 0.31055 0.24219 0.3125 0.24219 0.32031 0.25 0.32031 0.27734 0.32227 0.2793 0.32227 0.28516 0.32422 0.28711 0.32422 0.29102 0.32617 0.29102 0.33008 0.28711 0.33008 0.28516 0.33203 0.2832 0.33398 0.2832 0.33398 0.28125 0.34375 0.27148 0.34766 0.27148 0.35156 0.26758 0.36328 0.26758 0.36523 0.26953 0.36719 0.26953 0.37109 0.27344 0.37109 0.27539 0.37305 0.27539 0.37695 0.2793 0.37891 0.2793 0.38086 0.28125 0.38086 0.24023 0.38281 0.23828 0.38281 0.23633 0.38477 0.23438 0.38672 0.23438 0.38867 0.23242 0.39258 0.23242 0.39453 0.23047 0.39648 0.23047 0.39648 0.22852 0.39844 0.22656 0.39844 0.22461 0.39648 0.22266 0.39844 0.2207 0.39844 0.21094 0.40039 0.20898 0.40039 0.20508 0.39648 0.20117 0.39648 0.19922 0.38672 0.18945 0.38672 0.1875 0.38477 0.1875 0.38086 0.18359 0.37891 0.18359 0.37695 0.18164 0.36719 0.18164 0.36523 0.17969 0.36133 0.17969 0.35938 0.17773
