0 0.4569 0.57081 0.45582 0.5719 0.45151 0.5719 0.45043 0.57298 0.44504 0.57298 0.44397 0.57407 0.44289 0.57407 0.44181 0.57516 0.43966 0.57516 0.43858 0.57625 0.43642 0.57625 0.43534 0.57734 0.43427 0.57734 0.43319 0.57843 0.43211 0.57843 0.42996 0.58061 0.42888 0.58061 0.42565 0.58388 0.42565 0.58606 0.42134 0.59041 0.42026 0.59041 0.41918 0.5915 0.4181 0.5915 0.41164 0.59804 0.41056 0.59804 0.40733 0.60131 0.40625 0.60131 0.40409 0.60349 0.40302 0.60349 0.40086 0.60566 0.39978 0.60566 0.39655 0.60893 0.39547 0.60893 0.39332 0.61111 0.39224 0.61111 0.39116 0.6122 0.37177 0.6122 0.37069 0.61329 0.3653 0.61329 0.36422 0.61438 0.36099 0.61438 0.35991 0.61547 0.35776 0.61547 0.35668 0.61656 0.35345 0.61656 0.35237 0.61765 0.35022 0.61765 0.34914 0.61874 0.34698 0.61874 0.34483 0.62092 0.34375 0.62092 0.34159 0.62309 0.34052 0.62309 0.34052 0.63725 0.33944 0.63834 0.33944 0.64379 0.33836 0.64488 0.33836 0.65142 0.33728 0.65251 0.33728 0.66885 0.33621 0.66993 0.33621 0.67756 0.33513 0.67865 0.33513 0.68301 0.33405 0.6841 0.33405 0.68627 0.33297 0.68736 0.33297 0.68954 0.3319 0.69063 0.3319 0.69281 0.33082 0.6939 0.33082 0.69608 0.32974 0.69717 0.32974 0.69935 0.32759 0.70153 0.32759 0.70261 0.32543 0.70479 0.32543 0.70588 0.32435 0.70697 0.32435 0.70806 0.3222 0.71024 0.3222 0.71133 0.32112 0.71242 0.32112 0.71351 0.31789 0.71678 0.31681 0.71569 0.31466 0.71786 0.31358 0.71786 0.3125 0.71895 0.31142 0.71895 0.30927 0.72113 0.30819 0.72113 0.30711 0.72222 0.30603 0.72222 0.30496 0.72331 0.30388 0.72331 0.30172 0.72549 0.30065 0.72549 0.29957 0.72658 0.29849 0.72658 0.29741 0.72767 0.29634 0.72767 0.29418 0.72985 0.2931 0.72985 0.29203 0.73094 0.29095 0.73094 0.28987 0.73203 0.28879 0.73203 0.28664 0.7342 0.28556 0.7342 0.28448 0.73529 0.28341 0.73529 0.28125 0.73747 0.28017 0.73747 0.27909 0.73856 0.27802 0.73856 0.27586 0.74074 0.27478 0.74074 0.27371 0.74183 0.27263 0.74183 0.27047 0.74401 0.26832 0.74401 0.26724 0.7451 0.26509 0.7451 0.26401 0.74619 0.26185 0.74619 0.26185 0.75272 0.26078 0.75381 0.26078 0.7658 0.2597 0.76688 0.2597 0.77015 0.26078 0.77015 0.26185 0.77124 0.26293 0.77124 0.26401 0.77233 0.26616 0.77233 0.26724 0.77342 0.2694 0.77342 0.27047 0.77451 0.27263 0.77451 0.27371 0.7756 0.27478 0.7756 0.27586 0.77669 0.27802 0.77669 0.27909 0.77778 0.28125 0.77778 0.28233 0.77887 0.28448 0.77887 0.28556 0.77996 0.28879 0.77996 0.28987 0.78105 0.2931 0.78105 0.29418 0.78214 0.29849 0.78214 0.29957 0.78322 0.30388 0.78322 0.30496 0.78431 0.30927 0.78431 0.31034 0.78322 0.31466 0.78322 0.31573 0.78214 0.31681 0.78214 0.31789 0.78322 0.31897 0.78322 0.32004 0.78214 0.32435 0.78214 0.32543 0.78105 0.32866 0.78105 0.32974 0.77996 0.33297 0.77996 0.33405 0.77887 0.33621 0.77887 0.33728 0.77778 0.34052 0.77778 0.34159 0.77669 0.34375 0.77669 0.34483 0.7756 0.34806 0.7756 0.34914 0.77451 0.35129 0.77451 0.35237 0.77342 0.35453 0.77342 0.3556 0.77233 0.35776 0.77233 0.35884 0.77124 0.36099 0.77124 0.36207 0.77015 0.36422 0.77015 0.3653 0.76906 0.36638 0.76906 0.36746 0.76797 0.36853 0.76797 0.36961 0.76688 0.37177 0.76688 0.37284 0.7658 0.37392 0.7658 0.375 0.76471 0.37608 0.76471 0.37716 0.76362 0.37823 0.76362 0.37931 0.76253 0.38039 0.76253 0.38254 0.76035 0.38362 0.76035 0.3847 0.75926 0.3847 0.75817 0.38685 0.75599 0.38685 0.7549 0.38793 0.75381 0.38793 0.75272 0.39009 0.75054 0.39009 0.74946 0.39116 0.74837 0.39116 0.74728 0.39224 0.74619 0.39224 0.7451 0.3944 0.74292 0.3944 0.72876 0.39547 0.72767 0.39547 0.68627 0.3944 0.68519 0.3944 0.6841 0.39547 0.68301 0.39547 0.66667 0.39655 0.66558 0.39655 0.6634 0.39763 0.66231 0.39763 0.65904 0.39871 0.65795 0.39871 0.65468 0.39978 0.65359 0.39978 0.64924 0.40086 0.64815 0.40086 0.64161 0.40194 0.64052 0.40194 0.63399 0.40302 0.6329 0.40302 0.63072 0.40409 0.62963 0.40409 0.62854 0.40517 0.62745 0.40517 0.62636 0.40625 0.62527 0.40625 0.62418 0.40733 0.62309 0.40733 0.62092 0.40948 0.61874 0.40948 0.61765 0.41164 0.61547 0.41164 0.61438 0.41272 0.61329 0.41379 0.61329 0.41595 0.61111 0.41703 0.61111 0.41918 0.60893 0.42026 0.60893 0.42134 0.60784 0.42241 0.60784 0.42457 0.60566 0.42565 0.60566 0.4278 0.60349 0.42888 0.60349 0.43103 0.60131 0.43211 0.60131 0.43211 0.60022 0.43427 0.59804 0.43427 0.59695 0.43642 0.59477 0.43642 0.59368 0.44073 0.58932 0.44181 0.58932 0.44289 0.58824 0.44397 0.58824 0.44504 0.58715 0.44612 0.58715 0.4472 0.58606 0.44828 0.58606 0.44935 0.58497 0.45366 0.58497 0.45474 0.58606 0.46444 0.58606 0.46444 0.58497 0.46552 0.58388 0.46552 0.58061 0.46659 0.57952 0.46659 0.57734 0.46552 0.57625 0.46552 0.57516 0.46444 0.57407 0.46444 0.57298 0.46228 0.57081
0 0.51509 0.54902 0.51401 0.55011 0.51293 0.55011 0.50862 0.55447 0.50862 0.55556 0.50754 0.55664 0.50754 0.55773 0.50539 0.55991 0.50539 0.561 0.50431 0.56209 0.50431 0.56318 0.50323 0.56427 0.50323 0.56536 0.50216 0.56645 0.50216 0.57516 0.50323 0.57625 0.50323 0.57734 0.50754 0.5817 0.50862 0.5817 0.5097 0.58279 0.51616 0.58279 0.51724 0.5817 0.51832 0.5817 0.52263 0.57734 0.52263 0.57625 0.52371 0.57516 0.52371 0.57298 0.52478 0.5719 0.52478 0.57081 0.53017 0.56536 0.53017 0.56427 0.53125 0.56318 0.53125 0.55664 0.53017 0.55556 0.53017 0.55447 0.52586 0.55011 0.52478 0.55011 0.52371 0.54902
0 0.25323 0.53595 0.25216 0.53704 0.24677 0.53704 0.24569 0.53813 0.2403 0.53813 0.23922 0.53922 0.23707 0.53922 0.23599 0.54031 0.23384 0.54031 0.23276 0.54139 0.23168 0.54139 0.2306 0.54248 0.22845 0.54248 0.22737 0.54357 0.22629 0.54357 0.22522 0.54466 0.22306 0.54466 0.22198 0.54575 0.22091 0.54575 0.21983 0.54684 0.21875 0.54684 0.21767 0.54793 0.21552 0.54793 0.21444 0.54902 0.21121 0.54902 0.21013 0.55011 0.2069 0.55011 0.20582 0.5512 0.20366 0.5512 0.20259 0.55229 0.19935 0.55229 0.19828 0.55338 0.1972 0.55338 0.19504 0.55556 0.19397 0.55556 0.19289 0.55664 0.19181 0.55664 0.19073 0.55773 0.18966 0.55773 0.18858 0.55882 0.1875 0.55882 0.18534 0.561 0.18427 0.561 0.18319 0.56209 0.18211 0.56209 0.18103 0.56318 0.17996 0.56318 0.17888 0.56427 0.1778 0.56427 0.17672 0.56536 0.17565 0.56536 0.17349 0.56754 0.17241 0.56754 0.17134 0.56863 0.17026 0.56863 0.16918 0.56972 0.16703 0.56972 0.16595 0.57081 0.16487 0.57081 0.16379 0.5719 0.16164 0.5719 0.16056 0.57298 0.15841 0.57298 0.15733 0.57407 0.15625 0.57407 0.15517 0.57516 0.15302 0.57516 0.15194 0.57625 0.14978 0.57625 0.14763 0.57843 0.14655 0.57843 0.13793 0.58715 0.13685 0.58715 0.13147 0.59259 0.13039 0.59259 0.12608 0.59695 0.125 0.59695 0.12177 0.60022 0.12069 0.60022 0.11746 0.60349 0.11638 0.60349 0.11315 0.60675 0.11315 0.60893 0.11207 0.61002 0.11207 0.6122 0.11099 0.61329 0.11099 0.61438 0.10991 0.61547 0.10991 0.61874 0.11099 0.61983 0.11099 0.62418 0.11207 0.62527 0.11207 0.62854 0.11315 0.62963 0.11315 0.63399 0.11422 0.63508 0.11422 0.63834 0.1153 0.63943 0.1153 0.64379 0.11638 0.64488 0.11638 0.64815 0.11746 0.64924 0.11746 0.65468 0.11853 0.65577 0.11853 0.66013 0.11961 0.66122 0.11961 0.66667 0.12069 0.66776 0.12069 0.67211 0.12177 0.6732 0.12177 0.67865 0.12284 0.67974 0.12284 0.68519 0.12392 0.68627 0.12392 0.68736 0.125 0.68845 0.125 0.68954 0.12608 0.69063 0.12608 0.69172 0.12716 0.69281 0.12716 0.6939 0.12823 0.69499 0.12823 0.69608 0.12931 0.69717 0.12931 0.69826 0.13039 0.69935 0.13039 0.70044 0.13147 0.70153 0.13147 0.70261 0.13254 0.7037 0.13254 0.70479 0.13362 0.70588 0.13362 0.70697 0.13578 0.70915 0.13685 0.70915 0.14224 0.7146 0.14332 0.7146 0.14871 0.72004 0.14978 0.72004 0.15086 0.72113 0.15948 0.72113 0.16056 0.72004 0.16918 0.72004 0.17026 0.71895 0.19289 0.71895 0.19397 0.72004 0.19828 0.72004 0.19935 0.72113 0.20259 0.72113 0.20366 0.72222 0.2069 0.72222 0.20797 0.72331 0.21228 0.72331 0.21336 0.7244 0.21767 0.7244 0.21875 0.72549 0.22198 0.72549 0.22306 0.72658 0.22953 0.72658 0.2306 0.72767 0.23815 0.72767 0.23922 0.72876 0.24461 0.72876 0.24569 0.72985 0.25323 0.72985 0.25431 0.73094 0.26616 0.73094 0.26724 0.72985 0.27909 0.72985 0.28017 0.72876 0.28341 0.72876 0.28448 0.72767 0.28664 0.72767 0.28772 0.72658 0.28879 0.72658 0.28987 0.72549 0.29095 0.72549 0.29203 0.7244 0.2931 0.7244 0.29418 0.72331 0.29526 0.72331 0.29634 0.72222 0.29849 0.72222 0.29957 0.72113 0.30065 0.72113 0.30172 0.72004 0.3028 0.72004 0.30927 0.71351 0.30927 0.71242 0.31681 0.70479 0.31789 0.70479 0.31789 0.7037 0.32112 0.70044 0.32112 0.69935 0.3222 0.69826 0.3222 0.69608 0.32328 0.69499 0.32328 0.6939 0.32435 0.69281 0.32435 0.69172 0.32543 0.69063 0.32543 0.68845 0.32651 0.68736 0.32651 0.68627 0.32759 0.68519 0.32759 0.6841 0.32974 0.68192 0.32974 0.68083 0.33082 0.67974 0.33082 0.66993 0.3319 0.66885 0.3319 0.65686 0.33297 0.65577 0.33297 0.63617 0.3319 0.63508 0.3319 0.61547 0.33082 0.61438 0.33082 0.60893 0.32974 0.60784 0.32974 0.60349 0.32866 0.6024 0.32866 0.59913 0.32759 0.59804 0.32759 0.59368 0.32651 0.59259 0.32651 0.58932 0.32543 0.58824 0.32543 0.58388 0.32435 0.58279 0.32435 0.58061 0.32004 0.57625 0.32004 0.57516 0.31681 0.5719 0.31681 0.57081 0.31573 0.56972 0.31573 0.56863 0.31142 0.56427 0.31142 0.56318 0.30711 0.55882 0.30711 0.55773 0.30603 0.55664 0.30496 0.55664 0.3028 0.55447 0.30172 0.55447 0.30065 0.55338 0.29957 0.55338 0.29634 0.55011 0.29526 0.55011 0.2931 0.54793 0.29203 0.54793 0.29095 0.54684 0.28987 0.54684 0.28772 0.54466 0.28664 0.54466 0.28448 0.54248 0.28341 0.54248 0.28125 0.54031 0.27694 0.54031 0.27586 0.53922 0.27047 0.53922 0.2694 0.53813 0.26401 0.53813 0.26293 0.53704 0.25647 0.53704 0.25539 0.53595
0 0.5625 0.52179 0.56142 0.52288 0.56034 0.52288 0.55603 0.52723 0.55603 0.52832 0.55496 0.52941 0.55496 0.53704 0.55603 0.53813 0.55603 0.54031 0.55711 0.54139 0.55711 0.54248 0.56142 0.54684 0.5625 0.54684 0.56358 0.54793 0.57004 0.54793 0.57112 0.54684 0.5722 0.54684 0.57651 0.54248 0.57651 0.54139 0.57759 0.54031 0.57759 0.53159 0.57651 0.5305 0.57651 0.52941 0.57543 0.52832 0.57543 0.52723 0.57112 0.52288 0.57004 0.52288 0.56897 0.52179
0 0.48384 0.51961 0.48276 0.5207 0.48168 0.5207 0.47737 0.52505 0.47737 0.52614 0.47629 0.52723 0.47629 0.53377 0.47737 0.53486 0.47737 0.53595 0.48168 0.54031 0.48276 0.54031 0.48384 0.54139 0.4903 0.54139 0.49138 0.54031 0.49246 0.54031 0.49677 0.53595 0.49677 0.53486 0.49784 0.53377 0.49784 0.52723 0.49677 0.52614 0.49677 0.52505 0.49246 0.5207 0.49138 0.5207 0.4903 0.51961
0 0.36638 0.50654 0.3653 0.50763 0.36422 0.50763 0.36315 0.50871 0.36207 0.50871 0.36099 0.5098 0.35991 0.5098 0.35884 0.51089 0.35776 0.51089 0.35668 0.51198 0.3556 0.51198 0.35453 0.51307 0.35345 0.51307 0.35237 0.51416 0.35129 0.51416 0.35022 0.51525 0.34914 0.51525 0.34806 0.51634 0.34698 0.51634 0.34591 0.51743 0.34483 0.51743 0.34483 0.52179 0.34375 0.52288 0.34375 0.52832 0.34267 0.52941 0.34267 0.53486 0.34159 0.53595 0.34159 0.54139 0.34052 0.54248 0.34052 0.54575 0.34159 0.54684 0.34159 0.55011 0.34267 0.5512 0.34267 0.55556 0.34375 0.55664 0.34375 0.55991 0.34483 0.561 0.34483 0.56318 0.34591 0.56427 0.34591 0.56536 0.34698 0.56645 0.34698 0.56754 0.34806 0.56863 0.34806 0.56972 0.34914 0.57081 0.34914 0.5719 0.35022 0.57298 0.35022 0.57407 0.35129 0.57516 0.35129 0.57625 0.35237 0.57734 0.35237 0.57843 0.35345 0.57952 0.35345 0.58061 0.35453 0.5817 0.35453 0.58279 0.3556 0.58388 0.3556 0.58497 0.35668 0.58606 0.35668 0.58715 0.35884 0.58932 0.35884 0.59041 0.36099 0.59259 0.36099 0.59368 0.36315 0.59586 0.36315 0.59695 0.3653 0.59913 0.3653 0.60022 0.36746 0.6024 0.37392 0.6024 0.375 0.60131 0.38362 0.60131 0.3847 0.60022 0.38685 0.60022 0.38793 0.59913 0.38901 0.59913 0.39009 0.59804 0.39224 0.59804 0.39332 0.59695 0.39547 0.59695 0.39655 0.59586 0.39763 0.59586 0.39871 0.59477 0.40086 0.59477 0.40194 0.59368 0.40409 0.59368 0.40517 0.59259 0.40625 0.59259 0.40948 0.58932 0.40948 0.58824 0.41056 0.58715 0.41056 0.58606 0.41164 0.58497 0.41164 0.58388 0.41272 0.58279 0.41272 0.5817 0.41487 0.57952 0.41487 0.57843 0.41595 0.57734 0.41595 0.57625 0.41703 0.57516 0.41703 0.57407 0.4181 0.57298 0.4181 0.55991 0.41703 0.55882 0.41703 0.54139 0.41595 0.54031 0.41595 0.53704 0.41487 0.53595 0.41487 0.53377 0.41379 0.53268 0.41379 0.5305 0.41272 0.52941 0.41272 0.52723 0.41164 0.52614 0.41164 0.52397 0.41056 0.52288 0.41056 0.52179 0.40948 0.5207 0.40948 0.51852 0.40841 0.51743 0.40841 0.51634 0.40733 0.51634 0.40625 0.51525 0.40517 0.51525 0.40409 0.51416 0.40302 0.51416 0.40194 0.51307 0.40086 0.51307 0.39978 0.51198 0.39871 0.51198 0.39763 0.51089 0.39547 0.51089 0.3944 0.5098 0.39332 0.5098 0.39224 0.50871 0.39116 0.50871 0.39009 0.50763 0.37716 0.50763 0.37608 0.50654
0 0.4278 0.49237 0.42672 0.49346 0.42565 0.49346 0.42134 0.49782 0.42134 0.49891 0.42026 0.5 0.42026 0.50654 0.42134 0.50763 0.42134 0.50871 0.42241 0.5098 0.42241 0.51416 0.42349 0.51525 0.42349 0.51743 0.42457 0.51852 0.42457 0.51961 0.42565 0.5207 0.42565 0.52288 0.42672 0.52397 0.42672 0.5305 0.4278 0.53159 0.4278 0.53486 0.42888 0.53595 0.42888 0.54031 0.42996 0.54139 0.42996 0.54248 0.43427 0.54684 0.43534 0.54684 0.43642 0.54793 0.4375 0.54793 0.43858 0.54902 0.43966 0.54902 0.44289 0.55229 0.44397 0.55229 0.44504 0.55338 0.44612 0.55338 0.45043 0.55773 0.45043 0.55882 0.45797 0.56645 0.45905 0.56645 0.46013 0.56754 0.46444 0.56754 0.46552 0.56863 0.46767 0.56863 0.46875 0.56972 0.46983 0.56972 0.47198 0.5719 0.47306 0.5719 0.47414 0.57298 0.47629 0.57298 0.47737 0.57407 0.47845 0.57407 0.4806 0.57625 0.48168 0.57625 0.48276 0.57734 0.4903 0.57734 0.49138 0.57625 0.49246 0.57625 0.49677 0.5719 0.49677 0.57081 0.49784 0.56972 0.49784 0.56318 0.49677 0.56209 0.49677 0.561 0.49246 0.55664 0.49138 0.55664 0.4903 0.55556 0.48922 0.55556 0.48707 0.55338 0.48599 0.55338 0.48491 0.55229 0.48276 0.55229 0.4806 0.55011 0.47953 0.55011 0.47845 0.54902 0.47629 0.54902 0.47522 0.54793 0.47414 0.54793 0.47306 0.54684 0.47091 0.54684 0.46983 0.54575 0.46875 0.54575 0.46659 0.54357 0.46659 0.54248 0.45797 0.53377 0.4569 0.53377 0.45582 0.53268 0.45366 0.53268 0.45259 0.53159 0.45151 0.53159 0.44935 0.52941 0.44935 0.52723 0.44828 0.52614 0.44828 0.51961 0.4472 0.51852 0.4472 0.51634 0.44612 0.51525 0.44612 0.51307 0.44504 0.51198 0.44504 0.51089 0.44397 0.5098 0.44397 0.50436 0.44289 0.50327 0.44289 0.50218 0.44181 0.50109 0.44181 0.5 0.44073 0.49891 0.44073 0.49782 0.43642 0.49346 0.43534 0.49346 0.43427 0.49237
0 0.53879 0.47168 0.53772 0.47277 0.53664 0.47277 0.53233 0.47712 0.53233 0.47821 0.53125 0.4793 0.53125 0.48039 0.53017 0.48148 0.53017 0.48366 0.52909 0.48475 0.52909 0.49237 0.53017 0.49346 0.53017 0.49455 0.53125 0.49564 0.53125 0.49673 0.53556 0.50109 0.53664 0.50109 0.53772 0.50218 0.54634 0.50218 0.54741 0.50109 0.54849 0.50109 0.5528 0.49673 0.5528 0.49564 0.55496 0.49346 0.55496 0.49237 0.55603 0.49129 0.55603 0.48148 0.55496 0.48039 0.55496 0.4793 0.55388 0.47821 0.55388 0.47712 0.54957 0.47277 0.54849 0.47277 0.54741 0.47168
0 0.17565 0.3976 0.17457 0.39869 0.1681 0.39869 0.16703 0.39978 0.16056 0.39978 0.15948 0.40087 0.15409 0.40087 0.15302 0.40196 0.15086 0.40196 0.14978 0.40305 0.14763 0.40305 0.14655 0.40414 0.1444 0.40414 0.14332 0.40523 0.14116 0.40523 0.14009 0.40632 0.13793 0.40632 0.13685 0.40741 0.13039 0.40741 0.12931 0.4085 0.12392 0.4085 0.11961 0.41285 0.11961 0.41394 0.11853 0.41503 0.11746 0.41503 0.11638 0.41612 0.11638 0.41721 0.1056 0.4281 0.1056 0.43464 0.10453 0.43573 0.10453 0.45316 0.10345 0.45425 0.10345 0.45969 0.10237 0.46078 0.10237 0.46514 0.10129 0.46623 0.10129 0.47712 0.10237 0.47821 0.10237 0.48584 0.10345 0.48693 0.10345 0.49564 0.10453 0.49673 0.10453 0.50871 0.1056 0.5098 0.1056 0.52179 0.10668 0.52288 0.10668 0.52941 0.10776 0.5305 0.10776 0.53377 0.10884 0.53486 0.10884 0.53813 0.10991 0.53922 0.10991 0.54248 0.11099 0.54357 0.11099 0.54684 0.11207 0.54793 0.11207 0.55011 0.11315 0.5512 0.11315 0.55229 0.1153 0.55447 0.1153 0.55556 0.11638 0.55664 0.11638 0.55773 0.11746 0.55882 0.11746 0.55991 0.11961 0.56209 0.11961 0.56318 0.12069 0.56427 0.12069 0.56536 0.12284 0.56754 0.12284 0.56863 0.13685 0.56863 0.13793 0.56754 0.14116 0.56754 0.14224 0.56645 0.14332 0.56645 0.1444 0.56536 0.14547 0.56536 0.14655 0.56427 0.14763 0.56427 0.14978 0.56209 0.15086 0.56209 0.15194 0.561 0.15302 0.561 0.15517 0.55882 0.15625 0.55882 0.15733 0.55773 0.15948 0.55773 0.16056 0.55664 0.16164 0.55664 0.16272 0.55556 0.16487 0.55556 0.16595 0.55447 0.16703 0.55447 0.1681 0.55338 0.17026 0.55338 0.17134 0.55229 0.17241 0.55229 0.17349 0.5512 0.17565 0.5512 0.17672 0.55011 0.1778 0.55011 0.17888 0.54902 0.17996 0.54902 0.18103 0.54793 0.18211 0.54793 0.18319 0.54684 0.18427 0.54684 0.18534 0.54575 0.18642 0.54575 0.1875 0.54466 0.18858 0.54466 0.19073 0.54248 0.19181 0.54248 0.19289 0.54139 0.19397 0.54139 0.19504 0.54031 0.19612 0.54031 0.19828 0.53813 0.19935 0.53813 0.20043 0.53704 0.20259 0.53704 0.20366 0.53595 0.20474 0.53595 0.2069 0.53377 0.20797 0.53377 0.20905 0.53268 0.21013 0.53268 0.21228 0.5305 0.21336 0.5305 0.21552 0.52832 0.21659 0.52832 0.21875 0.52614 0.21983 0.52614 0.22091 0.52505 0.22198 0.52505 0.22414 0.52288 0.22522 0.52288 0.22629 0.52179 0.22737 0.52179 0.22845 0.5207 0.2306 0.5207 0.23168 0.51961 0.23707 0.51961 0.23815 0.51852 0.2403 0.51852 0.24138 0.51743 0.24461 0.51743 0.24569 0.51634 0.24892 0.51634 0.25 0.51525 0.25108 0.51525 0.25216 0.51634 0.25754 0.51634 0.25862 0.51743 0.26509 0.51743 0.26616 0.51852 0.27694 0.51852 0.27802 0.51743 0.28556 0.51743 0.28664 0.51634 0.29418 0.51634 0.29526 0.51743 0.29741 0.51743 0.29849 0.51852 0.29957 0.51852 0.30065 0.51961 0.3028 0.51961 0.30388 0.5207 0.30496 0.5207 0.30603 0.52179 0.30819 0.52179 0.30927 0.52288 0.31142 0.52288 0.3125 0.52397 0.31681 0.52397 0.31789 0.52505 0.32004 0.52505 0.32112 0.52397 0.3319 0.52397 0.33297 0.52288 0.33297 0.52179 0.33513 0.51961 0.33513 0.51852 0.33621 0.51743 0.33621 0.51634 0.33728 0.51525 0.33728 0.51416 0.33836 0.51307 0.33836 0.51198 0.34052 0.5098 0.34159 0.5098 0.34267 0.50871 0.34375 0.50871 0.34483 0.50763 0.34591 0.50763 0.34698 0.50654 0.34806 0.50654 0.34914 0.50545 0.35022 0.50545 0.35129 0.50436 0.35237 0.50436 0.35345 0.50327 0.35453 0.50327 0.3556 0.50218 0.37177 0.50218 0.37284 0.50109 0.38147 0.50109 0.38254 0.5 0.38578 0.5 0.38685 0.49891 0.39009 0.49891 0.39116 0.49782 0.3944 0.49782 0.39547 0.49673 0.39763 0.49673 0.39871 0.49564 0.39978 0.49564 0.40086 0.49455 0.40194 0.49455 0.40302 0.49346 0.40517 0.49346 0.40625 0.49237 0.40733 0.49237 0.40841 0.49129 0.40948 0.49129 0.41056 0.4902 0.41164 0.4902 0.41272 0.48911 0.42026 0.48911 0.42134 0.48802 0.42888 0.48802 0.42888 0.48584 0.4278 0.48475 0.4278 0.48257 0.42672 0.48148 0.42672 0.48039 0.42565 0.4793 0.42565 0.47821 0.42457 0.47712 0.42457 0.47603 0.42349 0.47495 0.42349 0.47386 0.42241 0.47386 0.42134 0.47277 0.42026 0.47277 0.41918 0.47168 0.4181 0.47168 0.41595 0.4695 0.41487 0.4695 0.41379 0.46841 0.39332 0.46841 0.39224 0.46732 0.39116 0.46732 0.39009 0.46623 0.38901 0.46623 0.38793 0.46514 0.38685 0.46514 0.38578 0.46405 0.3847 0.46405 0.38362 0.46296 0.375 0.46296 0.37392 0.46187 0.36315 0.46187 0.36207 0.46078 0.35884 0.46078 0.35776 0.45969 0.3556 0.45969 0.35453 0.45861 0.35129 0.45861 0.35022 0.45752 0.34806 0.45752 0.34698 0.45643 0.34483 0.45643 0.34375 0.45534 0.34052 0.45534 0.33944 0.45425 0.33405 0.45425 0.33297 0.45534 0.32328 0.45534 0.3222 0.45643 0.31789 0.45643 0.31681 0.45534 0.3125 0.45534 0.31142 0.45643 0.30927 0.45643 0.30819 0.45534 0.30711 0.45534 0.30603 0.45425 0.30388 0.45425 0.3028 0.45316 0.30172 0.45316 0.30065 0.45207 0.29957 0.45207 0.29849 0.45098 0.29741 0.45098 0.29634 0.44989 0.29526 0.44989 0.2931 0.44771 0.29203 0.44771 0.29095 0.44662 0.28987 0.44662 0.28879 0.44553 0.28772 0.44553 0.28556 0.44336 0.28448 0.44336 0.28341 0.44227 0.28125 0.44227 0.28017 0.44118 0.27909 0.44118 0.27802 0.44009 0.27694 0.44009 0.27586 0.439 0.27478 0.439 0.27371 0.43791 0.27263 0.43791 0.27155 0.43682 0.27047 0.43682 0.2694 0.43573 0.26832 0.43573 0.26616 0.43355 0.26509 0.43355 0.26293 0.43137 0.26185 0.43137 0.26078 0.43028 0.2597 0.43028 0.25754 0.4281 0.25647 0.4281 0.25539 0.42702 0.25431 0.42702 0.25216 0.42484 0.25108 0.42484 0.24892 0.42266 0.24784 0.42266 0.24569 0.42048 0.24461 0.42048 0.24246 0.4183 0.24138 0.4183 0.23922 0.41612 0.23815 0.41612 0.23707 0.41503 0.23599 0.41503 0.22953 0.4085 0.22845 0.4085 0.22306 0.40305 0.22198 0.40305 0.21983 0.40087 0.21336 0.40087 0.21228 0.39978 0.20366 0.39978 0.20259 0.39869 0.19289 0.39869 0.19181 0.3976
0 0.57328 0.39651 0.5722 0.3976 0.57112 0.3976 0.56681 0.40196 0.56681 0.40305 0.56573 0.40414 0.56573 0.41068 0.56681 0.41176 0.56681 0.41285 0.57112 0.41721 0.5722 0.41721 0.57328 0.4183 0.57435 0.4183 0.57759 0.42157 0.57759 0.42266 0.58082 0.42593 0.58082 0.42702 0.5819 0.4281 0.5819 0.42919 0.58621 0.43355 0.58621 0.43464 0.58728 0.43573 0.58728 0.43682 0.58836 0.43791 0.58836 0.439 0.59159 0.44227 0.59159 0.44444 0.59267 0.44553 0.59267 0.44662 0.59375 0.44771 0.59375 0.4488 0.59483 0.44989 0.59483 0.45098 0.59806 0.45425 0.59806 0.45534 0.60022 0.45752 0.60022 0.45969 0.60129 0.46078 0.60129 0.46187 0.60237 0.46296 0.60237 0.46405 0.60345 0.46514 0.60345 0.46623 0.60776 0.47059 0.60776 0.47168 0.60884 0.47277 0.60884 0.47495 0.60991 0.47603 0.60991 0.47821 0.61099 0.4793 0.61099 0.48039 0.61207 0.48148 0.61207 0.48366 0.61315 0.48475 0.61315 0.48802 0.61422 0.48911 0.61422 0.49346 0.6153 0.49455 0.6153 0.49673 0.61638 0.49782 0.61638 0.50654 0.6153 0.50763 0.6153 0.50871 0.61422 0.5098 0.61422 0.51089 0.61315 0.51198 0.61315 0.51416 0.61207 0.51525 0.61207 0.51852 0.61099 0.51961 0.61099 0.5207 0.60991 0.52179 0.60991 0.52832 0.60884 0.52941 0.60884 0.5305 0.60776 0.53159 0.60776 0.53377 0.60129 0.54031 0.60129 0.54139 0.59806 0.54466 0.59698 0.54466 0.59483 0.54684 0.59375 0.54684 0.58621 0.55447 0.58513 0.55447 0.58082 0.55882 0.57974 0.55882 0.57759 0.561 0.57435 0.561 0.57328 0.56209 0.5722 0.56209 0.57112 0.56318 0.56897 0.56318 0.56789 0.56427 0.56681 0.56427 0.56573 0.56536 0.56466 0.56536 0.56358 0.56645 0.5625 0.56645 0.55927 0.56972 0.55711 0.56972 0.55603 0.57081 0.55065 0.57081 0.54957 0.5719 0.54849 0.5719 0.54634 0.57407 0.54526 0.57407 0.54418 0.57516 0.5431 0.57516 0.54095 0.57734 0.52909 0.57734 0.52802 0.57843 0.52694 0.57843 0.52263 0.58279 0.52263 0.58388 0.52155 0.58497 0.52155 0.5915 0.52263 0.59259 0.52263 0.59368 0.52694 0.59804 0.52802 0.59804 0.52909 0.59913 0.54418 0.59913 0.54526 0.59804 0.54634 0.59804 0.54849 0.59586 0.55172 0.59586 0.5528 0.59477 0.55388 0.59477 0.55496 0.59368 0.55603 0.59368 0.55711 0.59259 0.56142 0.59259 0.5625 0.5915 0.56358 0.5915 0.56466 0.59041 0.56573 0.59041 0.56897 0.58715 0.5722 0.58715 0.57328 0.58606 0.57435 0.58606 0.57543 0.58497 0.57759 0.58497 0.57866 0.58388 0.57974 0.58388 0.58082 0.58279 0.58297 0.58279 0.58405 0.5817 0.58621 0.5817 0.58728 0.58061 0.58836 0.58061 0.59052 0.57843 0.59159 0.57843 0.59267 0.57734 0.59375 0.57734 0.59698 0.57407 0.59806 0.57407 0.60991 0.56209 0.61099 0.56209 0.61746 0.55556 0.61746 0.55447 0.61961 0.55229 0.62069 0.55229 0.62608 0.54684 0.62608 0.54575 0.62716 0.54466 0.62716 0.54248 0.62823 0.54139 0.62823 0.53922 0.62931 0.53813 0.62931 0.53595 0.63039 0.53486 0.63039 0.53377 0.63147 0.53268 0.63147 0.52723 0.63254 0.52614 0.63254 0.52505 0.63362 0.52397 0.63362 0.51961 0.63578 0.51743 0.63578 0.51634 0.63685 0.51525 0.63685 0.51307 0.63793 0.51198 0.63793 0.49237 0.63685 0.49129 0.63685 0.48911 0.63578 0.48802 0.63578 0.48693 0.6347 0.48584 0.6347 0.48148 0.63362 0.48039 0.63362 0.47712 0.63254 0.47603 0.63254 0.47495 0.63147 0.47386 0.63147 0.47168 0.63039 0.47059 0.63039 0.46841 0.62931 0.46732 0.62931 0.46514 0.62823 0.46405 0.62823 0.46296 0.62716 0.46187 0.62716 0.45969 0.62608 0.45861 0.62608 0.45752 0.62392 0.45534 0.62392 0.45425 0.62284 0.45316 0.62284 0.45207 0.62069 0.44989 0.62069 0.4488 0.61961 0.44771 0.61961 0.44662 0.61638 0.44336 0.61638 0.44227 0.6153 0.44118 0.6153 0.44009 0.61207 0.43682 0.61207 0.43464 0.61099 0.43355 0.61099 0.43246 0.60991 0.43137 0.60991 0.43028 0.60668 0.42702 0.60668 0.42593 0.6056 0.42484 0.6056 0.42375 0.60453 0.42266 0.60453 0.42157 0.60129 0.4183 0.60129 0.41721 0.60022 0.41612 0.60022 0.41503 0.59914 0.41394 0.59914 0.41285 0.59591 0.40959 0.59591 0.4085 0.59483 0.40741 0.59483 0.40632 0.59375 0.40523 0.59375 0.40414 0.58944 0.39978 0.58836 0.39978 0.58728 0.39869 0.58405 0.39869 0.58297 0.3976 0.5819 0.3976 0.58082 0.39651
0 0.52263 0.38344 0.52155 0.38453 0.51832 0.38453 0.51724 0.38562 0.50862 0.38562 0.50754 0.38671 0.50216 0.38671 0.50108 0.3878 0.5 0.3878 0.49892 0.38889 0.49784 0.38889 0.49677 0.38998 0.49353 0.38998 0.49246 0.39107 0.49138 0.39107 0.48922 0.39325 0.48815 0.39325 0.48707 0.39434 0.48491 0.39434 0.48384 0.39542 0.48276 0.39542 0.48168 0.39651 0.47953 0.39651 0.47845 0.3976 0.47737 0.3976 0.47629 0.39869 0.47522 0.39869 0.47414 0.39978 0.47306 0.39978 0.47198 0.40087 0.47091 0.40087 0.46983 0.40196 0.46875 0.40196 0.46444 0.40632 0.46444 0.40741 0.45797 0.41394 0.4569 0.41394 0.45043 0.42048 0.45043 0.42157 0.44935 0.42266 0.44935 0.42375 0.44504 0.4281 0.44504 0.42919 0.44289 0.43137 0.44289 0.43246 0.44181 0.43355 0.44181 0.43573 0.44073 0.43682 0.44073 0.43791 0.4375 0.44118 0.4375 0.44227 0.43534 0.44444 0.43534 0.44553 0.43319 0.44771 0.43319 0.4488 0.43211 0.44989 0.43211 0.45098 0.42996 0.45316 0.42996 0.45425 0.4278 0.45643 0.4278 0.45752 0.42672 0.45861 0.42672 0.45969 0.42565 0.46078 0.42565 0.4695 0.42672 0.47059 0.42672 0.47168 0.43103 0.47603 0.43211 0.47603 0.43319 0.47712 0.43966 0.47712 0.44073 0.47603 0.44181 0.47603 0.44612 0.47168 0.44612 0.47059 0.4472 0.4695 0.4472 0.46732 0.44935 0.46514 0.44935 0.46405 0.45151 0.46187 0.45151 0.46078 0.45474 0.45752 0.45474 0.45643 0.45582 0.45534 0.45582 0.45316 0.45797 0.45098 0.45797 0.44989 0.46013 0.44771 0.46013 0.44662 0.46121 0.44553 0.46121 0.44444 0.46228 0.44336 0.46228 0.44227 0.46336 0.44118 0.46336 0.44009 0.46767 0.43573 0.46767 0.43464 0.48276 0.41939 0.48384 0.41939 0.48491 0.4183 0.48815 0.4183 0.48922 0.41721 0.4903 0.41721 0.49138 0.41612 0.49353 0.41612 0.49461 0.41503 0.49569 0.41503 0.49784 0.41285 0.49892 0.41285 0.5 0.41176 0.50216 0.41176 0.50323 0.41068 0.50539 0.41068 0.50647 0.40959 0.50754 0.40959 0.50862 0.4085 0.51401 0.4085 0.51509 0.40741 0.52263 0.40741 0.52371 0.40632 0.52802 0.40632 0.52909 0.40523 0.53448 0.40523 0.53556 0.40414 0.53664 0.40414 0.54095 0.39978 0.54095 0.39869 0.54203 0.3976 0.54203 0.39107 0.54095 0.38998 0.54095 0.38889 0.53664 0.38453 0.53556 0.38453 0.53448 0.38344
0 0.54957 0.37582 0.54849 0.37691 0.5431 0.37691 0.54203 0.378 0.53987 0.378 0.53879 0.37908 0.53879 0.38017 0.53987 0.38126 0.53987 0.38235 0.54203 0.38453 0.54203 0.38562 0.5431 0.38671 0.5431 0.3878 0.54418 0.38889 0.54418 0.39107 0.54526 0.39216 0.54418 0.39325 0.54418 0.40196 0.5431 0.40305 0.5431 0.4085 0.54203 0.40959 0.54203 0.41176 0.54095 0.41285 0.54095 0.41612 0.5431 0.41612 0.54418 0.41721 0.54849 0.41721 0.54957 0.4183 0.55172 0.4183 0.5528 0.41939 0.55711 0.41939 0.55927 0.42157 0.56034 0.42157 0.56034 0.4183 0.56142 0.41721 0.56142 0.4085 0.5625 0.40741 0.5625 0.40305 0.56358 0.40196 0.56358 0.39869 0.57004 0.39216 0.57004 0.39107 0.57112 0.38998 0.5722 0.38998 0.57651 0.38562 0.57651 0.38344 0.57543 0.38235 0.57435 0.38235 0.5722 0.38017 0.57112 0.38017 0.57004 0.37908 0.56897 0.37908 0.56789 0.378 0.56681 0.378 0.56573 0.37691 0.56358 0.37691 0.5625 0.37582
