0 0.57031 0.57812 0.56641 0.58203 0.56836 0.58398 0.56641 0.58594 0.56836 0.58789 0.56836 0.59375 0.57617 0.59375 0.57812 0.5918 0.58594 0.5918 0.58789 0.59375 0.59375 0.59375 0.5957 0.5957 0.59766 0.5957 0.59961 0.59766 0.59961 0.59961 0.60156 0.60156 0.60156 0.60352 0.60352 0.60547 0.60352 0.60742 0.60938 0.60742 0.61133 0.60938 0.61328 0.60938 0.61523 0.61133 0.61719 0.61133 0.62109 0.61523 0.62305 0.61523 0.63281 0.625 0.63281 0.62695 0.63477 0.62891 0.63477 0.63086 0.63867 0.63477 0.63867 0.63672 0.64062 0.63867 0.64062 0.64844 0.64258 0.65039 0.64258 0.65234 0.64453 0.6543 0.64453 0.66211 0.64648 0.66406 0.64648 0.66602 0.64844 0.66797 0.64844 0.66992 0.65039 0.67188 0.65039 0.70312 0.65234 0.70508 0.65234 0.73047 0.65625 0.73438 0.65625 0.74805 0.6582 0.75 0.6582 0.75195 0.66016 0.75391 0.66016 0.75586 0.66797 0.76367 0.66797 0.76562 0.66992 0.76562 0.67188 0.76758 0.67578 0.76758 0.67773 0.76953 0.67969 0.76953 0.68164 0.77148 0.6875 0.77148 0.68945 0.77344 0.69336 0.77344 0.69531 0.77539 0.70312 0.77539 0.70508 0.77734 0.71094 0.77734 0.71289 0.7793 0.71484 0.77734 0.7168 0.7793 0.71875 0.7793 0.7207 0.78125 0.73242 0.78125 0.73438 0.7832 0.75 0.7832 0.75195 0.78516 0.75586 0.78516 0.75781 0.7832 0.75977 0.7832 0.76172 0.78125 0.76953 0.78125 0.76953 0.7793 0.77148 0.77734 0.77734 0.77734 0.7793 0.77539 0.7832 0.77539 0.78516 0.77344 0.78711 0.77344 0.78906 0.77148 0.79102 0.77148 0.79297 0.76953 0.79883 0.76953 0.79883 0.76758 0.80078 0.76562 0.80078 0.75391 0.79883 0.75195 0.79883 0.74219 0.79297 0.74219 0.79102 0.74023 0.78711 0.74023 0.78516 0.73828 0.78125 0.73828 0.77734 0.73438 0.77539 0.73438 0.77344 0.73242 0.77148 0.73242 0.76953 0.73047 0.76562 0.73047 0.76367 0.72852 0.76172 0.72852 0.75977 0.72656 0.75781 0.72656 0.75586 0.72461 0.75195 0.72461 0.75 0.72266 0.74805 0.72266 0.74414 0.71875 0.74219 0.71875 0.74023 0.7168 0.73438 0.7168 0.73047 0.71289 0.73047 0.70898 0.72852 0.70898 0.72656 0.70703 0.72656 0.70312 0.72461 0.70312 0.7207 0.69922 0.7207 0.69727 0.71875 0.69531 0.71875 0.69141 0.7168 0.68945 0.7168 0.6875 0.71484 0.68555 0.71484 0.67773 0.71289 0.67578 0.71289 0.66992 0.71094 0.66797 0.71094 0.65039 0.70703 0.64648 0.70703 0.63867 0.70508 0.63672 0.70508 0.62109 0.70312 0.62109 0.70117 0.61914 0.69727 0.61914 0.69531 0.61719 0.6875 0.61719 0.68555 0.61523 0.68359 0.61523 0.68164 0.61328 0.67969 0.61328 0.67773 0.61523 0.67578 0.61328 0.64648 0.61328 0.64453 0.61133 0.64258 0.61133 0.64062 0.60938 0.63867 0.60938 0.63477 0.60547 0.63086 0.60547 0.62695 0.60156 0.625 0.60156 0.62305 0.59961 0.62305 0.59766 0.62109 0.59766 0.61914 0.5957 0.61523 0.5957 0.60938 0.58984 0.60938 0.58789 0.60742 0.58594 0.60352 0.58594 0.59961 0.58203 0.5957 0.58203 0.59375 0.58008 0.58203 0.58008 0.58008 0.57812 0.57812 0.57812 0.57617 0.58008 0.57422 0.57812
0 0.50195 0.56055 0.49609 0.56641 0.49609 0.56836 0.49414 0.57031 0.49609 0.57227 0.49609 0.57812 0.49805 0.57812 0.50195 0.58203 0.50195 0.58398 0.50391 0.58398 0.50586 0.58594 0.50586 0.58789 0.50781 0.58984 0.50781 0.5918 0.50977 0.5918 0.51172 0.59375 0.51953 0.59375 0.52148 0.5918 0.52344 0.5918 0.52344 0.58984 0.52734 0.58594 0.52539 0.58398 0.52539 0.57422 0.51953 0.56836 0.51953 0.56641 0.51758 0.56445 0.51562 0.56445 0.51367 0.5625 0.51367 0.56055
0
0 0.7793 0.52734 0.77734 0.5293 0.77344 0.5293 0.77148 0.53125 0.76562 0.53125 0.76367 0.5332 0.75977 0.5332 0.75586 0.53711 0.75391 0.53711 0.75391 0.53906 0.75195 0.54102 0.74805 0.54102 0.74805 0.54297 0.74609 0.54492 0.74414 0.54492 0.74414 0.54688 0.74219 0.54883 0.74023 0.54883 0.73828 0.55078 0.73633 0.55078 0.73438 0.55273 0.73438 0.55469 0.72852 0.56055 0.72852 0.5625 0.72656 0.56445 0.72656 0.56641 0.7207 0.57227 0.7207 0.57422 0.71875 0.57617 0.71875 0.57812 0.7168 0.58008 0.7168 0.58789 0.71484 0.58984 0.7168 0.5918 0.7168 0.59375 0.71484 0.5957 0.71484 0.61133 0.71289 0.61328 0.71289 0.61719 0.71484 0.61914 0.71484 0.6543 0.7168 0.65625 0.7168 0.66797 0.71875 0.66992 0.71875 0.67188 0.7207 0.67383 0.7207 0.67969 0.72266 0.68164 0.72266 0.68555 0.72461 0.68555 0.72656 0.6875 0.72656 0.69141 0.72852 0.69336 0.72852 0.69727 0.73047 0.69922 0.73242 0.69922 0.73438 0.70117 0.73438 0.70312 0.73828 0.70703 0.74023 0.70703 0.74414 0.71094 0.74414 0.71289 0.74609 0.71289 0.75391 0.7207 0.75586 0.71875 0.75781 0.7207 0.76172 0.7207 0.76367 0.72266 0.76562 0.72266 0.76758 0.72461 0.77734 0.72461 0.7793 0.72656 0.7832 0.72656 0.78516 0.72461 0.79102 0.72461 0.79297 0.72656 0.79688 0.72656 0.79883 0.72461 0.81055 0.72461 0.8125 0.72266 0.82031 0.72266 0.82227 0.7207 0.82812 0.7207 0.83008 0.71875 0.83789 0.71875 0.83984 0.7168 0.8418 0.7168 0.84375 0.71484 0.85352 0.71484 0.85547 0.71289 0.85742 0.71289 0.85938 0.71094 0.86328 0.71094 0.86523 0.70898 0.86719 0.70898 0.86914 0.70703 0.91406 0.70703 0.92188 0.69922 0.92383 0.69922 0.92578 0.69727 0.92578 0.69531 0.92773 0.69336 0.92969 0.69336 0.93164 0.69141 0.93164 0.6875 0.93359 0.68555 0.93359 0.68359 0.9375 0.67969 0.9375 0.67383 0.93945 0.67188 0.93945 0.66992 0.94141 0.66797 0.94141 0.65625 0.94336 0.6543 0.94336 0.65234 0.94141 0.65039 0.94336 0.64844 0.94336 0.64258 0.94531 0.64062 0.94531 0.62695 0.94727 0.625 0.94531 0.62305 0.94531 0.62109 0.94727 0.61914 0.94727 0.61133 0.94922 0.60938 0.94727 0.60742 0.94727 0.60547 0.94922 0.60352 0.94922 0.59961 0.95117 0.59766 0.95117 0.5957 0.94922 0.5957 0.94727 0.59375 0.94727 0.58984 0.94531 0.58789 0.94531 0.58594 0.94336 0.58594 0.9375 0.58008 0.93359 0.58008 0.93164 0.57812 0.92969 0.57812 0.92773 0.57617 0.92773 0.57422 0.92578 0.57422 0.92188 0.57031 0.91797 0.57031 0.90625 0.55859 0.89844 0.55859 0.89648 0.55664 0.89258 0.55664 0.89062 0.55469 0.88867 0.55664 0.88477 0.55273 0.88086 0.55273 0.87891 0.55078 0.875 0.55078 0.87305 0.54883 0.87109 0.54883 0.86914 0.54688 0.86719 0.54688 0.86328 0.54297 0.85742 0.54297 0.85547 0.54102 0.85352 0.54102 0.84961 0.53711 0.84766 0.53711 0.8457 0.53906 0.84375 0.53711 0.83789 0.53711 0.83594 0.53516 0.82812 0.53516 0.82617 0.5332 0.81836 0.5332 0.81641 0.53125 0.81445 0.53125 0.8125 0.5293 0.80859 0.5293 0.80664 0.52734
0
0 0.66016 0.50391 0.6582 0.50586 0.64648 0.50586 0.64453 0.50781 0.64062 0.50781 0.63867 0.50977 0.63672 0.50977 0.63477 0.51172 0.63281 0.51172 0.63086 0.51367 0.62891 0.51367 0.625 0.51758 0.62305 0.51758 0.62109 0.51953 0.62109 0.52734 0.61914 0.5293 0.61914 0.53516 0.61719 0.53711 0.61719 0.54297 0.61523 0.54492 0.61523 0.55078 0.61719 0.55273 0.61719 0.5625 0.61523 0.56445 0.61523 0.56641 0.61719 0.56836 0.61719 0.57617 0.61914 0.57812 0.61914 0.58008 0.625 0.58594 0.625 0.58789 0.62695 0.58984 0.62695 0.5918 0.62891 0.59375 0.63086 0.59375 0.63281 0.5957 0.63867 0.5957 0.64062 0.59766 0.64258 0.59766 0.64453 0.59961 0.65039 0.59961 0.65234 0.60156 0.67383 0.60156 0.67578 0.59961 0.67578 0.59766 0.67969 0.59375 0.67969 0.58984 0.68555 0.58398 0.68555 0.58008 0.6875 0.57812 0.6875 0.57422 0.68945 0.57227 0.68945 0.56836 0.69336 0.56445 0.69336 0.55859 0.69531 0.55664 0.69531 0.54297 0.69727 0.54102 0.69727 0.53906 0.69531 0.53711 0.69531 0.5332 0.69336 0.53125 0.69336 0.52344 0.69141 0.52148 0.69141 0.51953 0.68945 0.51758 0.68945 0.51367 0.6875 0.51367 0.68555 0.51172 0.68359 0.51172 0.68164 0.50977 0.67773 0.50977 0.67578 0.50781 0.67188 0.50781 0.66992 0.50586 0.66797 0.50586 0.66602 0.50391
0 0.58984 0.49609 0.58789 0.49805 0.58789 0.50195 0.58398 0.50586 0.58398 0.51562 0.58203 0.51758 0.58203 0.52344 0.58008 0.52539 0.58203 0.52734 0.58203 0.53125 0.57422 0.53906 0.57227 0.53906 0.5625 0.54883 0.5625 0.55078 0.56055 0.55273 0.55859 0.55273 0.55469 0.55664 0.55078 0.55664 0.54883 0.55859 0.54688 0.55859 0.54102 0.56445 0.53906 0.56445 0.53711 0.56641 0.53516 0.56641 0.5332 0.56836 0.5332 0.57227 0.53125 0.57422 0.53125 0.58008 0.5332 0.58203 0.5332 0.58398 0.53711 0.58398 0.53906 0.58594 0.54883 0.58594 0.55469 0.58008 0.55859 0.58008 0.5625 0.57617 0.56641 0.57617 0.56836 0.57422 0.57031 0.57422 0.57227 0.57227 0.57422 0.57227 0.57617 0.57031 0.57617 0.56836 0.58203 0.5625 0.58203 0.56055 0.58398 0.55859 0.58594 0.55859 0.58984 0.55469 0.5918 0.55469 0.5918 0.55273 0.59375 0.55078 0.59766 0.55078 0.60156 0.54688 0.60156 0.53516 0.60352 0.5332 0.60352 0.52344 0.60547 0.52148 0.60547 0.51758 0.60742 0.51562 0.60742 0.5 0.60547 0.49805 0.60352 0.49805 0.60156 0.49609
0 0.47461 0.48242 0.47266 0.48438 0.46875 0.48438 0.46484 0.48828 0.46484 0.49023 0.46289 0.49219 0.46289 0.50391 0.46484 0.50586 0.46484 0.50781 0.4707 0.51367 0.48242 0.51367 0.48438 0.51172 0.48633 0.51172 0.48633 0.50977 0.48828 0.50781 0.48828 0.50586 0.49023 0.50391 0.49023 0.49609 0.48828 0.49414 0.48828 0.49023 0.48242 0.48438 0.48047 0.48438 0.47852 0.48242
0 0.42969 0.4082 0.42578 0.41211 0.42188 0.41211 0.41992 0.41406 0.41797 0.41406 0.41406 0.41797 0.41406 0.42383 0.4082 0.42969 0.4082 0.43359 0.40625 0.43555 0.40625 0.4375 0.40234 0.44141 0.40234 0.44336 0.40039 0.44531 0.40039 0.44727 0.39844 0.44922 0.39844 0.45508 0.39648 0.45703 0.39453 0.45703 0.39453 0.45898 0.39258 0.46094 0.39258 0.46484 0.38867 0.46875 0.38867 0.4707 0.38672 0.47266 0.38672 0.47461 0.38281 0.47852 0.38477 0.48047 0.38281 0.48242 0.38281 0.48633 0.38086 0.48828 0.38086 0.49414 0.37891 0.49609 0.37891 0.49805 0.37695 0.5 0.37695 0.50977 0.375 0.51172 0.375 0.51953 0.37695 0.52148 0.37695 0.5332 0.38086 0.53711 0.38086 0.53906 0.38281 0.54102 0.38281 0.54688 0.38477 0.54688 0.38672 0.54883 0.38672 0.55469 0.38867 0.55664 0.38867 0.56055 0.39062 0.56055 0.39258 0.5625 0.39258 0.56641 0.39844 0.57227 0.40039 0.57227 0.40234 0.57422 0.40234 0.57617 0.4043 0.57617 0.4082 0.58008 0.41016 0.58008 0.41797 0.58789 0.42188 0.58789 0.42383 0.58984 0.42383 0.5918 0.42578 0.5918 0.42969 0.5957 0.43164 0.5957 0.43359 0.59766 0.43555 0.59766 0.4375 0.59961 0.44336 0.59961 0.44531 0.60156 0.45312 0.60156 0.45508 0.60352 0.45703 0.60352 0.46094 0.60742 0.46875 0.60742 0.4707 0.60938 0.47461 0.60938 0.47656 0.61133 0.47852 0.60938 0.48047 0.61133 0.48438 0.61133 0.48633 0.61328 0.49219 0.61328 0.49414 0.61133 0.50195 0.61133 0.50586 0.60742 0.50586 0.60547 0.50781 0.60352 0.50781 0.59961 0.50586 0.59766 0.50586 0.5957 0.50391 0.59375 0.50195 0.59375 0.49805 0.58984 0.49219 0.58984 0.49023 0.5918 0.48633 0.5918 0.48438 0.58984 0.48242 0.58984 0.48047 0.58789 0.47852 0.58789 0.47656 0.58594 0.46484 0.58594 0.46289 0.58398 0.46289 0.58203 0.45898 0.58203 0.45703 0.58008 0.45312 0.58008 0.45117 0.57812 0.44531 0.57812 0.44141 0.57422 0.43945 0.57422 0.4375 0.57227 0.43555 0.57227 0.43359 0.57031 0.43164 0.57031 0.42969 0.56836 0.42969 0.56641 0.42773 0.56445 0.42578 0.56445 0.42188 0.56055 0.41992 0.56055 0.41602 0.55664 0.41406 0.55664 0.41211 0.55469 0.41211 0.55273 0.41016 0.55078 0.41016 0.54883 0.4082 0.54883 0.40625 0.54688 0.40625 0.53711 0.4043 0.53516 0.4043 0.5332 0.40039 0.5293 0.40039 0.52734 0.39844 0.52539 0.39844 0.51367 0.40039 0.51172 0.40039 0.49805 0.4043 0.49414 0.4043 0.48828 0.40625 0.48633 0.40625 0.48438 0.4082 0.48242 0.41016 0.48242 0.41016 0.48047 0.41211 0.47852 0.41016 0.47656 0.41211 0.47461 0.41211 0.47266 0.41406 0.4707 0.41406 0.46875 0.41797 0.46484 0.41797 0.46094 0.41992 0.45898 0.41992 0.45703 0.42383 0.45312 0.42383 0.44922 0.42773 0.44531 0.42773 0.44336 0.42969 0.44141 0.42969 0.43945 0.43359 0.43555 0.43359 0.43359 0.4375 0.42969 0.43945 0.42969 0.44336 0.42578 0.44336 0.42383 0.44531 0.42188 0.44336 0.41992 0.44336 0.41406 0.44141 0.41211 0.43945 0.41211 0.43555 0.4082
0 0.45508 0.38477 0.45312 0.38672 0.44531 0.38672 0.44336 0.38867 0.44141 0.38867 0.43945 0.39062 0.4375 0.39062 0.43555 0.39258 0.43359 0.39258 0.43359 0.39453 0.43164 0.39648 0.43945 0.4043 0.44141 0.4043 0.44727 0.41016 0.44727 0.41211 0.44922 0.41406 0.44922 0.41992 0.45117 0.42188 0.45117 0.43359 0.45312 0.43359 0.45312 0.43164 0.45508 0.42969 0.45898 0.42969 0.46094 0.42773 0.46875 0.42773 0.4707 0.42578 0.47266 0.42578 0.47266 0.42188 0.46875 0.41797 0.46875 0.41406 0.4668 0.41211 0.4668 0.40625 0.46875 0.4043 0.4707 0.40625 0.4707 0.4082 0.47461 0.41211 0.47656 0.41211 0.47852 0.41406 0.50586 0.41406 0.50977 0.41797 0.51758 0.41797 0.51953 0.41992 0.52148 0.41992 0.52344 0.42188 0.53125 0.42188 0.5332 0.42383 0.53516 0.42383 0.54102 0.42969 0.54297 0.42969 0.55273 0.43945 0.55273 0.44141 0.55469 0.44141 0.55859 0.44531 0.55859 0.44727 0.56445 0.45312 0.56445 0.45508 0.56836 0.45898 0.56836 0.46094 0.57617 0.46875 0.57617 0.4707 0.57812 0.47266 0.57812 0.47461 0.58008 0.47461 0.58203 0.47656 0.58203 0.47852 0.58398 0.47852 0.58594 0.48047 0.58789 0.47852 0.59375 0.47852 0.59961 0.47266 0.59961 0.46289 0.59766 0.46094 0.59766 0.45898 0.5918 0.45312 0.5918 0.45117 0.58789 0.44727 0.58789 0.44531 0.58594 0.44336 0.58398 0.44336 0.58008 0.43945 0.58008 0.43555 0.57617 0.43164 0.57617 0.42969 0.57422 0.42969 0.57031 0.42578 0.57031 0.42383 0.56641 0.41992 0.56445 0.41992 0.5625 0.41797 0.5625 0.41602 0.55859 0.41602 0.54883 0.40625 0.54688 0.40625 0.54492 0.4043 0.53906 0.4043 0.53516 0.40039 0.53125 0.40039 0.5293 0.39844 0.52539 0.39844 0.52344 0.39648 0.51758 0.39648 0.51367 0.39258 0.49023 0.39258 0.48828 0.39062 0.48438 0.39062 0.48242 0.39258 0.47461 0.39258 0.47461 0.39453 0.47266 0.39648 0.4707 0.39648 0.46875 0.39453 0.46875 0.39062 0.4707 0.38867 0.46875 0.38672 0.46094 0.38672 0.45898 0.38477
0 0.85547 0.37695 0.85352 0.37891 0.8457 0.37891 0.84375 0.38086 0.83398 0.38086 0.83203 0.38281 0.82227 0.38281 0.82031 0.38477 0.81445 0.38477 0.80664 0.39258 0.80469 0.39258 0.80469 0.39453 0.79883 0.40039 0.79688 0.40039 0.79297 0.4043 0.79102 0.4043 0.78711 0.4082 0.78516 0.4082 0.78516 0.41016 0.78125 0.41406 0.7793 0.41406 0.77734 0.41602 0.77539 0.41602 0.76758 0.42383 0.76562 0.42383 0.76172 0.42773 0.75781 0.42773 0.75391 0.43164 0.75 0.43164 0.74609 0.43555 0.74414 0.43555 0.74414 0.4375 0.74219 0.43945 0.74023 0.43945 0.73633 0.44336 0.73242 0.44336 0.73047 0.44531 0.72852 0.44531 0.72461 0.44922 0.6875 0.44922 0.68555 0.45117 0.68359 0.45117 0.68164 0.45312 0.67578 0.45312 0.67383 0.45508 0.67188 0.45508 0.66992 0.45703 0.66797 0.45703 0.66602 0.45898 0.65625 0.45898 0.6543 0.46094 0.64453 0.46094 0.64062 0.46484 0.63867 0.46484 0.63672 0.4668 0.62891 0.4668 0.62695 0.46875 0.61328 0.46875 0.60938 0.47266 0.60742 0.47266 0.60547 0.47461 0.60352 0.47461 0.60156 0.47656 0.60156 0.48047 0.59961 0.48242 0.59961 0.49023 0.60156 0.48828 0.60547 0.48828 0.60742 0.49023 0.61914 0.49023 0.62109 0.49219 0.62305 0.49219 0.625 0.49414 0.62695 0.49414 0.62891 0.49609 0.63086 0.49414 0.63281 0.49609 0.63867 0.49609 0.64062 0.49805 0.67969 0.49805 0.68359 0.50195 0.68945 0.50195 0.69141 0.50391 0.69336 0.50391 0.70117 0.51172 0.70117 0.51562 0.70312 0.51758 0.71484 0.51758 0.7168 0.51953 0.71875 0.51758 0.72852 0.51758 0.73047 0.51562 0.73242 0.51562 0.73633 0.51172 0.74023 0.51172 0.74219 0.50977 0.74414 0.50977 0.74609 0.50781 0.75195 0.50781 0.75391 0.50977 0.75781 0.50977 0.75977 0.50781 0.76172 0.50781 0.76367 0.50977 0.77344 0.50977 0.77539 0.50781 0.7832 0.50781 0.78516 0.50586 0.78711 0.50586 0.78906 0.50391 0.79688 0.50391 0.79883 0.50586 0.80469 0.50586 0.80664 0.50781 0.81445 0.50781 0.81641 0.50977 0.81836 0.50781 0.82227 0.51172 0.82617 0.51172 0.82812 0.51367 0.82812 0.51562 0.83398 0.51562 0.83594 0.51758 0.83789 0.51758 0.8418 0.52148 0.84375 0.52148 0.8457 0.52344 0.84961 0.52344 0.85156 0.52539 0.85547 0.52539 0.85742 0.52734 0.86133 0.52734 0.86523 0.53125 0.86914 0.53125 0.87109 0.5332 0.87305 0.5332 0.875 0.53516 0.87695 0.5332 0.87891 0.53516 0.88281 0.53516 0.88672 0.53906 0.89453 0.53906 0.89648 0.54102 0.89844 0.54102 0.90039 0.54297 0.9043 0.54297 0.9082 0.54688 0.91211 0.54688 0.91406 0.54883 0.93164 0.54883 0.93164 0.54688 0.93359 0.54492 0.93359 0.54297 0.9375 0.53906 0.9375 0.53516 0.94141 0.53125 0.94141 0.52148 0.94336 0.51953 0.94336 0.51758 0.94531 0.51562 0.94531 0.5 0.94727 0.49805 0.94531 0.49609 0.94531 0.48633 0.94727 0.48438 0.94531 0.48242 0.94531 0.46289 0.94727 0.46094 0.94727 0.45703 0.94531 0.45508 0.94531 0.45312 0.94727 0.45117 0.94727 0.44336 0.94531 0.44141 0.94531 0.43555 0.94336 0.43359 0.94336 0.42969 0.94141 0.42773 0.94141 0.41602 0.93945 0.41406 0.93945 0.4043 0.93164 0.39648 0.92969 0.39648 0.92773 0.39453 0.92773 0.39258 0.92578 0.39062 0.92383 0.39062 0.91797 0.38477 0.9043 0.38477 0.90234 0.38281 0.89258 0.38281 0.89062 0.38086 0.88672 0.38086 0.88477 0.37891 0.88281 0.38086 0.87891 0.38086 0.87695 0.37891 0.86328 0.37891 0.86133 0.37695
