0 0.53664 0.57081 0.53448 0.57298 0.53448 0.57407 0.53341 0.57516 0.53341 0.57625 0.53233 0.57734 0.53233 0.57952 0.53341 0.58061 0.53341 0.58388 0.53448 0.58497 0.53448 0.58606 0.54418 0.58606 0.54526 0.58497 0.54957 0.58497 0.55065 0.58606 0.55172 0.58606 0.5528 0.58715 0.55388 0.58715 0.55496 0.58824 0.55603 0.58824 0.55711 0.58932 0.55819 0.58932 0.5625 0.59368 0.5625 0.59477 0.56466 0.59695 0.56466 0.59804 0.56681 0.60022 0.56681 0.60131 0.56789 0.60131 0.57004 0.60349 0.57112 0.60349 0.57328 0.60566 0.57435 0.60566 0.57651 0.60784 0.57759 0.60784 0.57866 0.60893 0.57974 0.60893 0.5819 0.61111 0.58297 0.61111 0.58513 0.61329 0.58621 0.61329 0.58728 0.61438 0.58728 0.61547 0.58944 0.61765 0.58944 0.61874 0.59159 0.62092 0.59159 0.62309 0.59267 0.62418 0.59267 0.62527 0.59375 0.62636 0.59375 0.62745 0.59483 0.62854 0.59483 0.62963 0.59591 0.63072 0.59591 0.6329 0.59698 0.63399 0.59698 0.64052 0.59806 0.64161 0.59806 0.64815 0.59914 0.64924 0.59914 0.65359 0.60022 0.65468 0.60022 0.65795 0.60129 0.65904 0.60129 0.66231 0.60237 0.6634 0.60237 0.66558 0.60345 0.66667 0.60345 0.68519 0.60237 0.68627 0.60237 0.72767 0.60345 0.72876 0.60345 0.74292 0.6056 0.7451 0.6056 0.74619 0.60668 0.74728 0.60668 0.74837 0.60776 0.74946 0.60776 0.75054 0.60991 0.75272 0.60991 0.75381 0.61099 0.7549 0.61099 0.75599 0.61315 0.75817 0.61315 0.75926 0.61422 0.76035 0.6153 0.76035 0.61746 0.76253 0.61853 0.76253 0.61961 0.76362 0.62069 0.76362 0.62177 0.76471 0.62284 0.76471 0.62392 0.7658 0.625 0.7658 0.62608 0.76688 0.62823 0.76688 0.62931 0.76797 0.63039 0.76797 0.63147 0.76906 0.63254 0.76906 0.63362 0.77015 0.63578 0.77015 0.63685 0.77124 0.63901 0.77124 0.64009 0.77233 0.64224 0.77233 0.64332 0.77342 0.64547 0.77342 0.64655 0.77451 0.64871 0.77451 0.64978 0.7756 0.65302 0.7756 0.65409 0.77669 0.65625 0.77669 0.65733 0.77778 0.66056 0.77778 0.66164 0.77887 0.66379 0.77887 0.66487 0.77996 0.6681 0.77996 0.66918 0.78105 0.67241 0.78105 0.67349 0.78214 0.6778 0.78214 0.67888 0.78322 0.68211 0.78322 0.68319 0.78431 0.6875 0.78431 0.68858 0.7854 0.69289 0.7854 0.69397 0.78431 0.69828 0.78431 0.69935 0.78322 0.70366 0.78322 0.70474 0.78214 0.70797 0.78214 0.70905 0.78105 0.71228 0.78105 0.71336 0.77996 0.71552 0.77996 0.71659 0.77887 0.71875 0.77887 0.71983 0.77778 0.72198 0.77778 0.72306 0.77669 0.72414 0.77669 0.72522 0.7756 0.72737 0.7756 0.72845 0.77451 0.7306 0.77451 0.73168 0.77342 0.73384 0.77342 0.73491 0.77233 0.73599 0.77233 0.73707 0.77124 0.73815 0.77124 0.73815 0.76797 0.73707 0.76688 0.73707 0.7549 0.73599 0.75381 0.73599 0.74728 0.73384 0.74728 0.73276 0.74619 0.7306 0.74619 0.72953 0.7451 0.72737 0.7451 0.72522 0.74292 0.72414 0.74292 0.72306 0.74183 0.72198 0.74183 0.71983 0.73965 0.71875 0.73965 0.71767 0.73856 0.71659 0.73856 0.71444 0.73638 0.71336 0.73638 0.71228 0.73529 0.71121 0.73529 0.70905 0.73312 0.70797 0.73312 0.7069 0.73203 0.70582 0.73203 0.70474 0.73094 0.70366 0.73094 0.70151 0.72876 0.70043 0.72876 0.69935 0.72767 0.69828 0.72767 0.6972 0.72658 0.69612 0.72658 0.69397 0.7244 0.69289 0.7244 0.69181 0.72331 0.69073 0.72331 0.68966 0.72222 0.68858 0.72222 0.68642 0.72004 0.68534 0.72004 0.68427 0.71895 0.68319 0.71895 0.68103 0.71678 0.67996 0.71678 0.67672 0.71351 0.67672 0.71242 0.67565 0.71133 0.67565 0.71024 0.67349 0.70806 0.67349 0.70697 0.67241 0.70588 0.67241 0.70479 0.67026 0.70261 0.67026 0.70153 0.6681 0.69935 0.6681 0.69717 0.66703 0.69608 0.66703 0.6939 0.66595 0.69281 0.66595 0.69063 0.66487 0.68954 0.66487 0.68736 0.66379 0.68627 0.66379 0.67865 0.66272 0.67756 0.66272 0.66993 0.66164 0.66885 0.66164 0.65251 0.66056 0.65142 0.66056 0.64488 0.65948 0.64379 0.65948 0.63834 0.65841 0.63725 0.65841 0.62309 0.65733 0.62309 0.65517 0.62092 0.65409 0.62092 0.65194 0.61874 0.64978 0.61874 0.64871 0.61765 0.64655 0.61765 0.64547 0.61656 0.64224 0.61656 0.64116 0.61547 0.63901 0.61547 0.63793 0.61438 0.6347 0.61438 0.63362 0.61329 0.62823 0.61329 0.62716 0.6122 0.60776 0.6122 0.60668 0.61111 0.6056 0.61111 0.60345 0.60893 0.60237 0.60893 0.59914 0.60566 0.59806 0.60566 0.59591 0.60349 0.59483 0.60349 0.59267 0.60131 0.59159 0.60131 0.58836 0.59804 0.58728 0.59804 0.58082 0.5915 0.57974 0.5915 0.57866 0.59041 0.57759 0.59041 0.57328 0.58606 0.57328 0.58388 0.57004 0.58061 0.56897 0.58061 0.56681 0.57843 0.56573 0.57843 0.56466 0.57734 0.56358 0.57734 0.5625 0.57625 0.56034 0.57625 0.55927 0.57516 0.55711 0.57516 0.55603 0.57407 0.55496 0.57407 0.55388 0.57298 0.54849 0.57298 0.54741 0.5719 0.5431 0.5719 0.54203 0.57081
0 0.47522 0.54902 0.47414 0.55011 0.47306 0.55011 0.46875 0.55447 0.46875 0.55556 0.46767 0.55664 0.46767 0.56318 0.46875 0.56427 0.46875 0.56536 0.47414 0.57081 0.47414 0.5719 0.47522 0.57298 0.47522 0.57516 0.47629 0.57625 0.47629 0.57734 0.4806 0.5817 0.48168 0.5817 0.48276 0.58279 0.48922 0.58279 0.4903 0.5817 0.49138 0.5817 0.49569 0.57734 0.49569 0.57625 0.49677 0.57516 0.49677 0.56645 0.49569 0.56536 0.49569 0.56427 0.49461 0.56318 0.49461 0.56209 0.49353 0.561 0.49353 0.55991 0.49138 0.55773 0.49138 0.55664 0.4903 0.55556 0.4903 0.55447 0.48599 0.55011 0.48491 0.55011 0.48384 0.54902
0 0.74353 0.53704 0.74246 0.53813 0.73599 0.53813 0.73491 0.53922 0.72953 0.53922 0.72845 0.54031 0.72306 0.54031 0.72198 0.54139 0.71767 0.54139 0.71552 0.54357 0.71444 0.54357 0.71228 0.54575 0.71121 0.54575 0.70905 0.54793 0.70797 0.54793 0.7069 0.54902 0.70582 0.54902 0.70366 0.5512 0.70259 0.5512 0.69935 0.55447 0.69828 0.55447 0.6972 0.55556 0.69612 0.55556 0.69397 0.55773 0.69289 0.55773 0.69181 0.55882 0.69181 0.55991 0.6875 0.56427 0.6875 0.56536 0.68319 0.56972 0.68319 0.57081 0.67888 0.57516 0.67888 0.57625 0.67457 0.58061 0.67457 0.58279 0.67349 0.58388 0.67349 0.58824 0.67241 0.58932 0.67241 0.59259 0.67134 0.59368 0.67134 0.59804 0.67026 0.59913 0.67026 0.6024 0.66918 0.60349 0.66918 0.60784 0.6681 0.60893 0.6681 0.61438 0.66703 0.61547 0.66703 0.63508 0.66595 0.63617 0.66595 0.65577 0.66703 0.65686 0.66703 0.66885 0.6681 0.66993 0.6681 0.67974 0.66918 0.68083 0.66918 0.68192 0.67026 0.68301 0.67026 0.68519 0.67134 0.68627 0.67134 0.68736 0.67241 0.68845 0.67241 0.69063 0.67349 0.69172 0.67349 0.69281 0.67457 0.6939 0.67457 0.69499 0.67565 0.69608 0.67565 0.69826 0.67672 0.69935 0.67672 0.70044 0.67996 0.7037 0.67996 0.70479 0.68858 0.71351 0.68858 0.7146 0.69504 0.72113 0.69612 0.72113 0.6972 0.72222 0.69828 0.72222 0.69935 0.72331 0.70151 0.72331 0.70259 0.7244 0.70366 0.7244 0.70474 0.72549 0.70582 0.72549 0.7069 0.72658 0.70797 0.72658 0.70905 0.72767 0.71013 0.72767 0.71121 0.72876 0.71336 0.72876 0.71444 0.72985 0.71767 0.72985 0.71875 0.73094 0.7306 0.73094 0.73168 0.73203 0.74353 0.73203 0.74461 0.73094 0.75216 0.73094 0.75323 0.72985 0.75862 0.72985 0.7597 0.72876 0.76724 0.72876 0.76832 0.72767 0.77478 0.72767 0.77586 0.72658 0.77909 0.72658 0.78017 0.72549 0.78448 0.72549 0.78556 0.7244 0.78987 0.7244 0.79095 0.72331 0.79418 0.72331 0.79526 0.72222 0.79849 0.72222 0.79957 0.72113 0.80388 0.72113 0.80496 0.72004 0.82759 0.72004 0.82866 0.72113 0.83728 0.72113 0.83836 0.72222 0.84698 0.72222 0.84806 0.72113 0.84914 0.72113 0.85453 0.71569 0.8556 0.71569 0.86099 0.71024 0.86207 0.71024 0.86422 0.70806 0.86422 0.70697 0.8653 0.70588 0.8653 0.70479 0.86638 0.7037 0.86638 0.70261 0.86746 0.70153 0.86746 0.70044 0.86853 0.69935 0.86853 0.69826 0.86961 0.69717 0.86961 0.69608 0.87069 0.69499 0.87069 0.6939 0.87177 0.69281 0.87177 0.69172 0.87284 0.69063 0.87284 0.68954 0.87392 0.68845 0.87392 0.68736 0.875 0.68627 0.875 0.68519 0.87608 0.6841 0.87608 0.68083 0.87716 0.67974 0.87716 0.67429 0.87823 0.6732 0.87823 0.66885 0.87931 0.66776 0.87931 0.66231 0.88039 0.66122 0.88039 0.65686 0.88147 0.65577 0.88147 0.65033 0.88254 0.64924 0.88254 0.64597 0.88362 0.64488 0.88362 0.64052 0.8847 0.63943 0.8847 0.63617 0.88578 0.63508 0.88578 0.63072 0.88685 0.62963 0.88685 0.62636 0.88793 0.62527 0.88793 0.62092 0.88901 0.61983 0.88901 0.61656 0.88793 0.61547 0.88793 0.61438 0.88685 0.61329 0.88685 0.61111 0.88578 0.61002 0.88578 0.60784 0.88254 0.60458 0.88147 0.60458 0.87823 0.60131 0.87716 0.60131 0.87392 0.59804 0.87284 0.59804 0.86853 0.59368 0.86746 0.59368 0.86207 0.58824 0.86099 0.58824 0.85237 0.57952 0.85129 0.57952 0.84914 0.57734 0.84698 0.57734 0.84591 0.57625 0.84375 0.57625 0.84267 0.57516 0.84159 0.57516 0.84052 0.57407 0.83836 0.57407 0.83728 0.57298 0.83513 0.57298 0.83405 0.5719 0.83297 0.5719 0.8319 0.57081 0.82974 0.57081 0.82866 0.56972 0.82759 0.56972 0.82651 0.56863 0.82543 0.56863 0.82328 0.56645 0.8222 0.56645 0.82112 0.56536 0.82004 0.56536 0.81897 0.56427 0.81789 0.56427 0.81681 0.56318 0.81573 0.56318 0.81466 0.56209 0.81358 0.56209 0.81142 0.55991 0.81034 0.55991 0.80927 0.55882 0.80819 0.55882 0.80711 0.55773 0.80603 0.55773 0.80496 0.55664 0.80388 0.55664 0.80172 0.55447 0.80065 0.55447 0.79957 0.55338 0.79634 0.55338 0.79526 0.55229 0.7931 0.55229 0.79203 0.5512 0.78879 0.5512 0.78772 0.55011 0.78448 0.55011 0.78341 0.54902 0.78125 0.54902 0.78017 0.54793 0.77909 0.54793 0.77802 0.54684 0.77694 0.54684 0.77586 0.54575 0.77371 0.54575 0.77263 0.54466 0.77155 0.54466 0.77047 0.54357 0.76832 0.54357 0.76724 0.54248 0.76616 0.54248 0.76509 0.54139 0.76293 0.54139 0.76185 0.54031 0.7597 0.54031 0.75862 0.53922 0.75323 0.53922 0.75216 0.53813 0.74677 0.53813 0.74569 0.53704
0 0.42996 0.52179 0.42888 0.52288 0.4278 0.52288 0.42349 0.52723 0.42349 0.52832 0.42241 0.52941 0.42241 0.5305 0.42134 0.53159 0.42134 0.54031 0.42241 0.54139 0.42241 0.54248 0.42672 0.54684 0.4278 0.54684 0.42888 0.54793 0.43534 0.54793 0.43642 0.54684 0.4375 0.54684 0.44181 0.54248 0.44181 0.54139 0.44289 0.54031 0.44289 0.53813 0.44397 0.53704 0.44397 0.52941 0.44289 0.52832 0.44289 0.52723 0.43858 0.52288 0.4375 0.52288 0.43642 0.52179
0 0.50862 0.51961 0.50754 0.5207 0.50647 0.5207 0.50216 0.52505 0.50216 0.52614 0.50108 0.52723 0.50108 0.53377 0.50216 0.53486 0.50216 0.53595 0.50647 0.54031 0.50754 0.54031 0.50862 0.54139 0.51509 0.54139 0.51616 0.54031 0.51724 0.54031 0.52155 0.53595 0.52155 0.53486 0.52263 0.53377 0.52263 0.52723 0.52155 0.52614 0.52155 0.52505 0.51724 0.5207 0.51616 0.5207 0.51509 0.51961
0 0.62284 0.50654 0.62177 0.50763 0.60884 0.50763 0.60776 0.50871 0.60668 0.50871 0.6056 0.5098 0.60453 0.5098 0.60345 0.51089 0.60129 0.51089 0.60022 0.51198 0.59914 0.51198 0.59806 0.51307 0.59698 0.51307 0.59591 0.51416 0.59483 0.51416 0.59375 0.51525 0.59267 0.51525 0.59159 0.51634 0.59052 0.51634 0.59052 0.51743 0.58944 0.51852 0.58944 0.5207 0.58836 0.52179 0.58836 0.52288 0.58728 0.52397 0.58728 0.52614 0.58621 0.52723 0.58621 0.52941 0.58513 0.5305 0.58513 0.53268 0.58405 0.53377 0.58405 0.53595 0.58297 0.53704 0.58297 0.54031 0.5819 0.54139 0.5819 0.55882 0.58082 0.55991 0.58082 0.57298 0.5819 0.57407 0.5819 0.57516 0.58297 0.57625 0.58297 0.57734 0.58405 0.57843 0.58405 0.57952 0.58621 0.5817 0.58621 0.58279 0.58728 0.58388 0.58728 0.58497 0.58836 0.58606 0.58836 0.58715 0.58944 0.58824 0.58944 0.58932 0.59267 0.59259 0.59375 0.59259 0.59483 0.59368 0.59698 0.59368 0.59806 0.59477 0.60022 0.59477 0.60129 0.59586 0.60237 0.59586 0.60345 0.59695 0.6056 0.59695 0.60668 0.59804 0.60884 0.59804 0.60991 0.59913 0.61099 0.59913 0.61207 0.60022 0.61422 0.60022 0.6153 0.60131 0.62392 0.60131 0.625 0.6024 0.63147 0.6024 0.63362 0.60022 0.63362 0.59913 0.63578 0.59695 0.63578 0.59586 0.63793 0.59368 0.63793 0.59259 0.64009 0.59041 0.64009 0.58932 0.64224 0.58715 0.64224 0.58606 0.64332 0.58497 0.64332 0.58388 0.6444 0.58279 0.6444 0.5817 0.64547 0.58061 0.64547 0.57952 0.64655 0.57843 0.64655 0.57734 0.64763 0.57625 0.64763 0.57516 0.64871 0.57407 0.64871 0.57298 0.64978 0.5719 0.64978 0.57081 0.65086 0.56972 0.65086 0.56863 0.65194 0.56754 0.65194 0.56645 0.65302 0.56536 0.65302 0.56427 0.65409 0.56318 0.65409 0.561 0.65517 0.55991 0.65517 0.55664 0.65625 0.55556 0.65625 0.5512 0.65733 0.55011 0.65733 0.54684 0.65841 0.54575 0.65841 0.54248 0.65733 0.54139 0.65733 0.53595 0.65625 0.53486 0.65625 0.52941 0.65517 0.52832 0.65517 0.52288 0.65409 0.52179 0.65409 0.51743 0.65302 0.51743 0.65194 0.51634 0.65086 0.51634 0.64978 0.51525 0.64871 0.51525 0.64763 0.51416 0.64655 0.51416 0.64547 0.51307 0.6444 0.51307 0.64332 0.51198 0.64224 0.51198 0.64116 0.51089 0.64009 0.51089 0.63901 0.5098 0.63793 0.5098 0.63685 0.50871 0.63578 0.50871 0.6347 0.50763 0.63362 0.50763 0.63254 0.50654
0 0.56466 0.49237 0.56358 0.49346 0.5625 0.49346 0.55819 0.49782 0.55819 0.49891 0.55711 0.5 0.55711 0.50109 0.55603 0.50218 0.55603 0.50327 0.55496 0.50436 0.55496 0.5098 0.55388 0.51089 0.55388 0.51198 0.5528 0.51307 0.5528 0.51525 0.55172 0.51634 0.55172 0.51852 0.55065 0.51961 0.55065 0.52614 0.54957 0.52723 0.54957 0.52941 0.54741 0.53159 0.54634 0.53159 0.54526 0.53268 0.5431 0.53268 0.54203 0.53377 0.54095 0.53377 0.53233 0.54248 0.53233 0.54357 0.53017 0.54575 0.52909 0.54575 0.52802 0.54684 0.52586 0.54684 0.52478 0.54793 0.52371 0.54793 0.52263 0.54902 0.52047 0.54902 0.5194 0.55011 0.51832 0.55011 0.51616 0.55229 0.51401 0.55229 0.51293 0.55338 0.51185 0.55338 0.5097 0.55556 0.50862 0.55556 0.50754 0.55664 0.50647 0.55664 0.50216 0.561 0.50216 0.56209 0.50108 0.56318 0.50108 0.56972 0.50216 0.57081 0.50216 0.5719 0.50647 0.57625 0.50754 0.57625 0.50862 0.57734 0.51616 0.57734 0.51724 0.57625 0.51832 0.57625 0.52047 0.57407 0.52155 0.57407 0.52263 0.57298 0.52478 0.57298 0.52586 0.5719 0.52694 0.5719 0.52909 0.56972 0.53017 0.56972 0.53125 0.56863 0.53341 0.56863 0.53448 0.56754 0.53879 0.56754 0.53987 0.56645 0.54095 0.56645 0.54849 0.55882 0.54849 0.55773 0.5528 0.55338 0.55388 0.55338 0.55496 0.55229 0.55603 0.55229 0.55927 0.54902 0.56034 0.54902 0.56142 0.54793 0.5625 0.54793 0.56358 0.54684 0.56466 0.54684 0.56897 0.54248 0.56897 0.54139 0.57004 0.54031 0.57004 0.53595 0.57112 0.53486 0.57112 0.53159 0.5722 0.5305 0.5722 0.52397 0.57328 0.52288 0.57328 0.5207 0.57435 0.51961 0.57435 0.51852 0.57543 0.51743 0.57543 0.51525 0.57651 0.51416 0.57651 0.5098 0.57759 0.50871 0.57759 0.50763 0.57866 0.50654 0.57866 0.5 0.57759 0.49891 0.57759 0.49782 0.57328 0.49346 0.5722 0.49346 0.57112 0.49237
0 0.45151 0.47168 0.45043 0.47277 0.44935 0.47277 0.44504 0.47712 0.44504 0.47821 0.44397 0.4793 0.44397 0.48039 0.44289 0.48148 0.44289 0.49129 0.44397 0.49237 0.44397 0.49346 0.44612 0.49564 0.44612 0.49673 0.45043 0.50109 0.45151 0.50109 0.45259 0.50218 0.46121 0.50218 0.46228 0.50109 0.46336 0.50109 0.46767 0.49673 0.46767 0.49564 0.46875 0.49455 0.46875 0.49346 0.46983 0.49237 0.46983 0.48475 0.46875 0.48366 0.46875 0.48148 0.46767 0.48039 0.46767 0.4793 0.46659 0.47821 0.46659 0.47712 0.46228 0.47277 0.46121 0.47277 0.46013 0.47168
0 0.80711 0.39869 0.80603 0.39978 0.79634 0.39978 0.79526 0.40087 0.78664 0.40087 0.78556 0.40196 0.77909 0.40196 0.77694 0.40414 0.77586 0.40414 0.77047 0.40959 0.7694 0.40959 0.76293 0.41612 0.76185 0.41612 0.76078 0.41721 0.7597 0.41721 0.75754 0.41939 0.75647 0.41939 0.75431 0.42157 0.75323 0.42157 0.75108 0.42375 0.75 0.42375 0.74784 0.42593 0.74677 0.42593 0.74461 0.4281 0.74353 0.4281 0.74246 0.42919 0.74138 0.42919 0.73922 0.43137 0.73815 0.43137 0.73707 0.43246 0.73599 0.43246 0.73384 0.43464 0.73276 0.43464 0.7306 0.43682 0.72953 0.43682 0.72845 0.43791 0.72737 0.43791 0.72629 0.439 0.72522 0.439 0.72414 0.44009 0.72306 0.44009 0.72198 0.44118 0.72091 0.44118 0.71983 0.44227 0.71875 0.44227 0.71767 0.44336 0.71552 0.44336 0.71444 0.44444 0.71336 0.44444 0.71121 0.44662 0.71013 0.44662 0.70905 0.44771 0.70797 0.44771 0.7069 0.4488 0.70582 0.4488 0.70366 0.45098 0.70259 0.45098 0.70151 0.45207 0.70043 0.45207 0.69935 0.45316 0.69828 0.45316 0.6972 0.45425 0.69612 0.45425 0.69504 0.45534 0.69289 0.45534 0.69181 0.45643 0.69073 0.45643 0.68966 0.45752 0.6875 0.45752 0.68642 0.45643 0.67672 0.45643 0.67565 0.45534 0.66595 0.45534 0.66487 0.45425 0.65948 0.45425 0.65841 0.45534 0.65517 0.45534 0.65409 0.45643 0.65194 0.45643 0.65086 0.45752 0.64871 0.45752 0.64763 0.45861 0.6444 0.45861 0.64332 0.45969 0.64116 0.45969 0.64009 0.46078 0.63685 0.46078 0.63578 0.46187 0.625 0.46187 0.62392 0.46296 0.6153 0.46296 0.61422 0.46405 0.61315 0.46405 0.61207 0.46514 0.61099 0.46514 0.60991 0.46623 0.60884 0.46623 0.60776 0.46732 0.60668 0.46732 0.6056 0.46841 0.58513 0.46841 0.58405 0.4695 0.58297 0.4695 0.58082 0.47168 0.57974 0.47168 0.57866 0.47277 0.57759 0.47277 0.57651 0.47386 0.57543 0.47386 0.57543 0.47495 0.57435 0.47603 0.57435 0.47712 0.57328 0.47821 0.57328 0.4793 0.5722 0.48039 0.5722 0.48148 0.57112 0.48257 0.57112 0.48475 0.57004 0.48584 0.57004 0.48802 0.57759 0.48802 0.57866 0.48911 0.58621 0.48911 0.58728 0.4902 0.58836 0.4902 0.58944 0.49129 0.59052 0.49129 0.59159 0.49237 0.59267 0.49237 0.59375 0.49346 0.59591 0.49346 0.59698 0.49455 0.59806 0.49455 0.59914 0.49564 0.60022 0.49564 0.60129 0.49673 0.60345 0.49673 0.60453 0.49782 0.60776 0.49782 0.60884 0.49891 0.61207 0.49891 0.61315 0.5 0.61638 0.5 0.61746 0.50109 0.62608 0.50109 0.62716 0.50218 0.64332 0.50218 0.6444 0.50327 0.64547 0.50327 0.64655 0.50436 0.64763 0.50436 0.64871 0.50545 0.64978 0.50545 0.65086 0.50654 0.65194 0.50654 0.65302 0.50763 0.65409 0.50763 0.65517 0.50871 0.65625 0.50871 0.65733 0.5098 0.65841 0.5098 0.66056 0.51198 0.66056 0.51307 0.66164 0.51416 0.66164 0.51525 0.66272 0.51634 0.66272 0.51743 0.66379 0.51852 0.66379 0.51961 0.66595 0.52179 0.66595 0.52288 0.66703 0.52397 0.6778 0.52397 0.67888 0.52505 0.68642 0.52505 0.6875 0.52397 0.68966 0.52397 0.69073 0.52288 0.69289 0.52288 0.69397 0.52179 0.69504 0.52179 0.69612 0.5207 0.69828 0.5207 0.69935 0.51961 0.70043 0.51961 0.70151 0.51852 0.70366 0.51852 0.70474 0.51743 0.71228 0.51743 0.71336 0.51852 0.72091 0.51852 0.72198 0.51961 0.73276 0.51961 0.73384 0.51852 0.7403 0.51852 0.74138 0.51743 0.74677 0.51743 0.74784 0.51634 0.74892 0.51634 0.75 0.51743 0.75323 0.51743 0.75431 0.51852 0.75754 0.51852 0.75862 0.51961 0.76078 0.51961 0.76185 0.5207 0.76724 0.5207 0.76832 0.52179 0.77047 0.52179 0.77155 0.52288 0.77263 0.52288 0.77371 0.52397 0.77478 0.52397 0.77694 0.52614 0.77802 0.52614 0.77909 0.52723 0.78017 0.52723 0.78233 0.52941 0.78341 0.52941 0.78556 0.53159 0.78664 0.53159 0.78879 0.53377 0.78987 0.53377 0.79095 0.53486 0.79203 0.53486 0.79418 0.53704 0.79526 0.53704 0.79634 0.53813 0.79849 0.53813 0.79957 0.53922 0.80065 0.53922 0.8028 0.54139 0.80388 0.54139 0.80496 0.54248 0.80603 0.54248 0.80711 0.54357 0.80819 0.54357 0.81034 0.54575 0.81142 0.54575 0.8125 0.54684 0.81358 0.54684 0.81466 0.54793 0.81573 0.54793 0.81681 0.54902 0.81789 0.54902 0.81897 0.55011 0.82004 0.55011 0.82112 0.5512 0.8222 0.5512 0.82328 0.55229 0.82543 0.55229 0.82651 0.55338 0.82759 0.55338 0.82866 0.55447 0.83082 0.55447 0.8319 0.55556 0.83297 0.55556 0.83405 0.55664 0.83621 0.55664 0.83728 0.55773 0.83836 0.55773 0.83944 0.55882 0.84159 0.55882 0.84267 0.55991 0.84375 0.55991 0.84591 0.56209 0.84698 0.56209 0.84806 0.56318 0.84914 0.56318 0.85129 0.56536 0.85237 0.56536 0.85345 0.56645 0.85453 0.56645 0.8556 0.56754 0.85668 0.56754 0.85776 0.56863 0.86099 0.56863 0.86207 0.56972 0.87608 0.56972 0.87608 0.56863 0.87823 0.56645 0.87823 0.56536 0.87931 0.56427 0.87931 0.56318 0.88147 0.561 0.88147 0.55991 0.88254 0.55882 0.88254 0.55773 0.88362 0.55664 0.88362 0.55556 0.88578 0.55338 0.88578 0.55229 0.88685 0.5512 0.88685 0.54902 0.88793 0.54793 0.88793 0.54466 0.88901 0.54357 0.88901 0.54031 0.89009 0.53922 0.89009 0.53595 0.89116 0.53486 0.89116 0.53159 0.89224 0.5305 0.89224 0.52397 0.89332 0.52288 0.89332 0.51089 0.8944 0.5098 0.8944 0.49782 0.89547 0.49673 0.89547 0.48802 0.89655 0.48693 0.89655 0.4793 0.89763 0.47821 0.89763 0.46732 0.89655 0.46623 0.89655 0.46187 0.89547 0.46078 0.89547 0.45534 0.8944 0.45425 0.8944 0.43682 0.89332 0.43573 0.89332 0.42919 0.88254 0.4183 0.88254 0.41721 0.88147 0.41612 0.88039 0.41612 0.87931 0.41503 0.87931 0.41394 0.875 0.40959 0.86961 0.40959 0.86853 0.4085 0.86207 0.4085 0.86099 0.40741 0.85884 0.40741 0.85776 0.40632 0.8556 0.40632 0.85453 0.40523 0.85237 0.40523 0.85129 0.40414 0.84914 0.40414 0.84806 0.40305 0.84591 0.40305 0.84483 0.40196 0.83944 0.40196 0.83836 0.40087 0.8319 0.40087 0.83082 0.39978 0.82435 0.39978 0.82328 0.39869
0 0.4181 0.39651 0.41703 0.3976 0.41595 0.3976 0.41487 0.39869 0.41164 0.39869 0.41056 0.39978 0.40948 0.39978 0.40517 0.40414 0.40517 0.40523 0.40409 0.40632 0.40409 0.40741 0.40302 0.4085 0.40302 0.40959 0.39978 0.41285 0.39978 0.41394 0.39871 0.41503 0.39871 0.41612 0.39763 0.41721 0.39763 0.4183 0.3944 0.42157 0.3944 0.42266 0.39332 0.42375 0.39332 0.42484 0.39224 0.42593 0.39224 0.42702 0.38901 0.43028 0.38901 0.43137 0.38793 0.43246 0.38793 0.43355 0.38685 0.43464 0.38685 0.43682 0.38362 0.44009 0.38362 0.44118 0.38254 0.44227 0.38254 0.44336 0.37931 0.44662 0.37931 0.44771 0.37823 0.4488 0.37823 0.44989 0.37608 0.45207 0.37608 0.45316 0.375 0.45425 0.375 0.45534 0.37284 0.45752 0.37284 0.45861 0.37177 0.45969 0.37177 0.46187 0.37069 0.46296 0.37069 0.46405 0.36961 0.46514 0.36961 0.46732 0.36853 0.46841 0.36853 0.47059 0.36746 0.47168 0.36746 0.47386 0.36638 0.47495 0.36638 0.47603 0.3653 0.47712 0.3653 0.48039 0.36422 0.48148 0.36422 0.48584 0.36315 0.48693 0.36315 0.48802 0.36207 0.48911 0.36207 0.49129 0.36099 0.49237 0.36099 0.51198 0.36207 0.51307 0.36207 0.51525 0.36315 0.51634 0.36315 0.51743 0.3653 0.51961 0.3653 0.52397 0.36638 0.52505 0.36638 0.52614 0.36746 0.52723 0.36746 0.53268 0.36853 0.53377 0.36853 0.53486 0.36961 0.53595 0.36961 0.53813 0.37069 0.53922 0.37069 0.54139 0.37177 0.54248 0.37177 0.54466 0.37284 0.54575 0.37284 0.54684 0.37823 0.55229 0.37931 0.55229 0.38147 0.55447 0.38147 0.55556 0.38793 0.56209 0.38901 0.56209 0.40086 0.57407 0.40194 0.57407 0.40517 0.57734 0.40625 0.57734 0.40733 0.57843 0.40841 0.57843 0.41056 0.58061 0.41164 0.58061 0.41272 0.5817 0.41487 0.5817 0.41595 0.58279 0.4181 0.58279 0.41918 0.58388 0.42026 0.58388 0.42134 0.58497 0.42349 0.58497 0.42457 0.58606 0.42565 0.58606 0.42672 0.58715 0.42996 0.58715 0.43319 0.59041 0.43427 0.59041 0.43534 0.5915 0.43642 0.5915 0.4375 0.59259 0.44181 0.59259 0.44289 0.59368 0.44397 0.59368 0.44504 0.59477 0.44612 0.59477 0.4472 0.59586 0.45043 0.59586 0.45259 0.59804 0.45366 0.59804 0.45474 0.59913 0.46983 0.59913 0.47091 0.59804 0.47198 0.59804 0.47629 0.59368 0.47629 0.59259 0.47737 0.5915 0.47737 0.58497 0.47629 0.58388 0.47629 0.58279 0.47198 0.57843 0.47091 0.57843 0.46983 0.57734 0.45797 0.57734 0.45582 0.57516 0.45474 0.57516 0.45366 0.57407 0.45259 0.57407 0.45043 0.5719 0.44935 0.5719 0.44828 0.57081 0.44289 0.57081 0.44181 0.56972 0.43966 0.56972 0.43642 0.56645 0.43534 0.56645 0.43427 0.56536 0.43319 0.56536 0.43211 0.56427 0.43103 0.56427 0.42996 0.56318 0.4278 0.56318 0.42672 0.56209 0.42565 0.56209 0.42457 0.561 0.42134 0.561 0.41918 0.55882 0.4181 0.55882 0.41379 0.55447 0.41272 0.55447 0.40517 0.54684 0.40409 0.54684 0.40194 0.54466 0.40086 0.54466 0.39763 0.54139 0.39763 0.54031 0.39116 0.53377 0.39116 0.53159 0.39009 0.5305 0.39009 0.52941 0.38901 0.52832 0.38901 0.52179 0.38793 0.5207 0.38793 0.51961 0.38685 0.51852 0.38685 0.51525 0.38578 0.51416 0.38578 0.51198 0.3847 0.51089 0.3847 0.5098 0.38362 0.50871 0.38362 0.50763 0.38254 0.50654 0.38254 0.49782 0.38362 0.49673 0.38362 0.49455 0.3847 0.49346 0.3847 0.48911 0.38578 0.48802 0.38578 0.48475 0.38685 0.48366 0.38685 0.48148 0.38793 0.48039 0.38793 0.4793 0.38901 0.47821 0.38901 0.47603 0.39009 0.47495 0.39009 0.47277 0.39116 0.47168 0.39116 0.47059 0.39547 0.46623 0.39547 0.46514 0.39655 0.46405 0.39655 0.46296 0.39763 0.46187 0.39763 0.46078 0.39871 0.45969 0.39871 0.45752 0.40086 0.45534 0.40086 0.45425 0.40409 0.45098 0.40409 0.44989 0.40517 0.4488 0.40517 0.44771 0.40625 0.44662 0.40625 0.44553 0.40733 0.44444 0.40733 0.44227 0.41056 0.439 0.41056 0.43791 0.41164 0.43682 0.41164 0.43573 0.41272 0.43464 0.41272 0.43355 0.41703 0.42919 0.41703 0.4281 0.4181 0.42702 0.4181 0.42593 0.42134 0.42266 0.42134 0.42157 0.42457 0.4183 0.42565 0.4183 0.42672 0.41721 0.4278 0.41721 0.43211 0.41285 0.43211 0.41176 0.43319 0.41068 0.43319 0.40414 0.43211 0.40305 0.43211 0.40196 0.4278 0.3976 0.42672 0.3976 0.42565 0.39651
0 0.46444 0.38344 0.46336 0.38453 0.46228 0.38453 0.45797 0.38889 0.45797 0.38998 0.4569 0.39107 0.4569 0.3976 0.45797 0.39869 0.45797 0.39978 0.46228 0.40414 0.46336 0.40414 0.46444 0.40523 0.46983 0.40523 0.47091 0.40632 0.47522 0.40632 0.47629 0.40741 0.48384 0.40741 0.48491 0.4085 0.4903 0.4085 0.49138 0.40959 0.49246 0.40959 0.49353 0.41068 0.49569 0.41068 0.49677 0.41176 0.49892 0.41176 0.5 0.41285 0.50108 0.41285 0.50323 0.41503 0.50431 0.41503 0.50539 0.41612 0.50754 0.41612 0.50862 0.41721 0.5097 0.41721 0.51078 0.4183 0.51401 0.4183 0.51509 0.41939 0.51616 0.41939 0.53125 0.43464 0.53125 0.43573 0.53556 0.44009 0.53556 0.44118 0.53664 0.44227 0.53664 0.44336 0.53772 0.44444 0.53772 0.44553 0.53879 0.44662 0.53879 0.44771 0.54095 0.44989 0.54095 0.45098 0.5431 0.45316 0.5431 0.45534 0.54418 0.45643 0.54418 0.45752 0.54741 0.46078 0.54741 0.46187 0.54957 0.46405 0.54957 0.46514 0.55172 0.46732 0.55172 0.4695 0.5528 0.47059 0.5528 0.47168 0.55711 0.47603 0.55819 0.47603 0.55927 0.47712 0.56573 0.47712 0.56681 0.47603 0.56789 0.47603 0.5722 0.47168 0.5722 0.47059 0.57328 0.4695 0.57328 0.46078 0.5722 0.45969 0.5722 0.45861 0.57112 0.45752 0.57112 0.45643 0.56897 0.45425 0.56897 0.45316 0.56681 0.45098 0.56681 0.44989 0.56573 0.4488 0.56573 0.44771 0.56358 0.44553 0.56358 0.44444 0.56142 0.44227 0.56142 0.44118 0.55819 0.43791 0.55819 0.43682 0.55711 0.43573 0.55711 0.43355 0.55603 0.43246 0.55603 0.43137 0.55388 0.42919 0.55388 0.4281 0.54957 0.42375 0.54957 0.42266 0.54849 0.42157 0.54849 0.42048 0.54203 0.41394 0.54095 0.41394 0.53448 0.40741 0.53448 0.40632 0.53017 0.40196 0.52909 0.40196 0.52802 0.40087 0.52694 0.40087 0.52586 0.39978 0.52478 0.39978 0.52371 0.39869 0.52263 0.39869 0.52155 0.3976 0.52047 0.3976 0.5194 0.39651 0.51724 0.39651 0.51616 0.39542 0.51509 0.39542 0.51401 0.39434 0.51185 0.39434 0.51078 0.39325 0.5097 0.39325 0.50754 0.39107 0.50647 0.39107 0.50539 0.38998 0.50216 0.38998 0.50108 0.38889 0.5 0.38889 0.49892 0.3878 0.49784 0.3878 0.49677 0.38671 0.49138 0.38671 0.4903 0.38562 0.48168 0.38562 0.4806 0.38453 0.47737 0.38453 0.47629 0.38344
0 0.43642 0.37582 0.43534 0.37691 0.43319 0.37691 0.43211 0.378 0.43103 0.378 0.42996 0.37908 0.42888 0.37908 0.4278 0.38017 0.42672 0.38017 0.42457 0.38235 0.42349 0.38235 0.42241 0.38344 0.42241 0.38562 0.42672 0.38998 0.4278 0.38998 0.42888 0.39107 0.42888 0.39216 0.43534 0.39869 0.43534 0.40196 0.43642 0.40305 0.43642 0.40741 0.4375 0.4085 0.4375 0.41721 0.43858 0.4183 0.43858 0.42157 0.43966 0.42157 0.44181 0.41939 0.44612 0.41939 0.4472 0.4183 0.44935 0.4183 0.45043 0.41721 0.45474 0.41721 0.45582 0.41612 0.45797 0.41612 0.45797 0.41285 0.4569 0.41176 0.4569 0.40959 0.45582 0.4085 0.45582 0.40305 0.45474 0.40196 0.45474 0.39325 0.45366 0.39216 0.45474 0.39107 0.45474 0.38889 0.45582 0.3878 0.45582 0.38671 0.4569 0.38562 0.4569 0.38453 0.45905 0.38235 0.45905 0.38126 0.46013 0.38017 0.46013 0.37908 0.45905 0.378 0.4569 0.378 0.45582 0.37691 0.45043 0.37691 0.44935 0.37582
