0 0.5890625 0.40234375 0.55703125 0.3953125 0.53359375 0.409375 0.4828125 0.38359375 0.4625 0.35546875 0.44765625 0.31875 0.43046875 0.315625 0.41328125 0.325 0.38828125 0.3203125 0.38125 0.33828125 0.4015625 0.38984375 0.3921875 0.42734375 0.4015625 0.47109375 0.41640625 0.4796875 0.43984375 0.4734375 0.46015625 0.4796875 0.49140625 0.5140625 0.50703125 0.515625 0.53359375 0.54375 0.54375 0.54609375 0.58046875 0.53125 0.6125 0.49609375 0.6109375 0.46953125 0.5890625 0.40234375
0 0.5828125 0.19296875 0.590625 0.16328125 0.57109375 0.1578125 0.53359375 0.1625 0.4953125 0.20078125 0.496875 0.21328125 0.51796875 0.2296875 0.54609375 0.2203125 0.55 0.25390625 0.5671875 0.25390625 0.5921875 0.22890625 0.58203125 0.2171875 0.5640625 0.21796875 0.5828125 0.19296875
0 0.8140625 0.38515625 0.8015625 0.41171875 0.803125 0.43984375 0.8078125 0.45546875 0.8125 0.45546875 0.834375 0.41328125 0.8359375 0.38828125 0.83046875 0.38125 0.8140625 0.38515625
0 0.925 0.98046875 0.93203125 0.9921875 0.9453125 0.99453125 0.953125 0.99140625 0.953125 0.98203125 0.93984375 0.9546875 0.925 0.98046875
0 0.96953125 0.6796875 0.978125 0.67890625 0.98125 0.66640625 0.97265625 0.659375 0.9640625 0.67265625 0.96953125 0.6796875
0 0.69453125 0.503125 0.68359375 0.5046875 0.671875 0.52109375 0.6765625 0.54296875 0.6875 0.54609375 0.69765625 0.54375 0.70625 0.52890625 0.70625 0.51484375 0.69453125 0.503125
0 0.09453125 0.53125 0.08203125 0.5328125 0.0671875 0.55390625 0.06875 0.57890625 0.07578125 0.5890625 0.0859375 0.59140625 0.0984375 0.58359375 0.1078125 0.56484375 0.1046875 0.54140625 0.09453125 0.53125
0 0.88046875 0.225 0.878125 0.22890625 0.8859375 0.23515625 0.8828125 0.26953125 0.9015625 0.28203125 0.9203125 0.26796875 0.921875 0.24296875 0.90703125 0.2296875 0.88046875 0.225
0 0.98046875 0.1671875 0.9703125 0.18046875 0.9640625 0.22265625 0.95625 0.22890625 0.96953125 0.240625 0.9765625 0.23984375 0.978125 0.22109375 0.9953125 0.18359375 0.99140625 0.1640625 0.98046875 0.1671875
0 0.846875 0.17890625 0.8484375 0.19296875 0.8578125 0.19609375 0.8703125 0.17578125 0.86484375 0.15 0.8546875 0.15546875 0.846875 0.17890625
0 0.875 0.16171875 0.875 0.17265625 0.884375 0.17421875 0.89375 0.15078125 0.88828125 0.1359375 0.88125 0.13828125 0.875 0.16171875
0 0.7921875 0.06484375 0.8015625 0.06796875 0.8203125 0.04765625 0.81171875 0.0359375 0.79375 0.03984375 0.7921875 0.06484375
0 0.840625 0.09921875 0.84453125 0.0625 0.83125 0.07109375 0.8296875 0.09453125 0.840625 0.09921875
0 0.03828125 0.11875 0.0078125 0.14140625 0.009375 0.16640625 0.01796875 0.175 0.028125 0.17421875 0.053125 0.15703125 0.0546875 0.12890625 0.04765625 0.11875 0.03828125 0.11875
0 0.00078125 0.009375 0 0.06953125 0.00625 0.07109375 0.021875 0.05390625 0.0234375 0.03515625 0.0140625 0.01171875 0.00078125 0.009375