0 0.84765625 0 0.834375 0.06796875 0.8421875 0.11015625 0.821875 0.12890625 0.8140625 0.17578125 0.8265625 0.19609375 0.8234375 0.22421875 0.8375 0.27578125 0.8375 0.30234375 0.8609375 0.33359375 0.8625 0.39921875 0.853125 0.43359375 0.834375 0.45859375 0.8234375 0.50703125 0.825 0.51953125 0.8328125 0.52578125 0.834375 0.54609375 0.86875 0.58046875 0.86328125 0.596875 0.8375 0.60859375 0.83125 0.63203125 0.853125 0.69453125 0.8703125 0.69765625 0.86796875 0.7046875 0.85625 0.70703125 0.865625 0.71015625 0.86328125 0.71875 0.8421875 0.72265625 0.846875 0.73046875 0.8390625 0.73828125 0.8453125 0.74609375 0.8375 0.75390625 0.8359375 0.79765625 0.8421875 0.80859375 0.840625 0.82109375 0.84609375 0.8234375 0.84765625 0.8171875 0.86015625 0.821875 0.871875 0.83359375 0.8765625 0.87109375 0.86640625 0.878125 0.8375 0.88046875 0.8359375 0.91640625 0.8421875 0.94140625 0.8359375 0.95546875 0.834375 0.99296875 0.83984375 1 0.9125 0.99921875 0.9078125 0.99765625 0.91171875 0.9875 0.91640625 0.9953125 0.925 0.98984375 0.91875 0.98203125 0.9234375 0.97109375 0.909375 0.96484375 0.9078125 0.93515625 0.91484375 0.9265625 0.9171875 0.94609375 0.9234375 0.94609375 0.91875 0.93515625 0.925 0.92265625 0.921875 0.91796875 0.92734375 0.9078125 0.9390625 0.90703125 0.9375 0.87109375 0.9484375 0.85546875 0.94296875 0.85 0.95625 0.85546875 0.959375 0.89140625 0.9640625 0.81484375 0.965625 0.60546875 0.9546875 0.39453125 0.9578125 0.14609375 0.953125 0.01640625 0.94765625 0 0.84765625 0
0 0.8015625 0.96640625 0.8109375 0.95078125 0.80625 0.94453125 0.8109375 0.93828125 0.80625 0.92734375 0.8125 0.92265625 0.8078125 0.89453125 0.821875 0.88671875 0.8234375 0.85703125 0.81875 0.80234375 0.809375 0.78828125 0.80625 0.75390625 0.809375 0.67578125 0.8015625 0.66953125 0.80390625 0.665625 0.80859375 0.6703125 0.809375 0.66328125 0.8 0.66015625 0.790625 0.63359375 0.76875 0.61015625 0.7671875 0.59765625 0.78515625 0.575 0.79609375 0.578125 0.79375 0.56953125 0.803125 0.56171875 0.80078125 0.5484375 0.7859375 0.54609375 0.7828125 0.51484375 0.784375 0.49453125 0.7984375 0.48046875 0.8078125 0.37890625 0.7921875 0.36484375 0.7859375 0.34765625 0.7890625 0.27265625 0.7609375 0.22109375 0.7578125 0.19609375 0.74765625 0.1859375 0.71953125 0.178125 0.67734375 0.134375 0.66015625 0.1296875 0.6234375 0.17265625 0.628125 0.18359375 0.621875 0.18984375 0.6265625 0.20078125 0.6203125 0.21015625 0.6296875 0.24609375 0.6296875 0.27421875 0.65 0.31328125 0.6484375 0.32734375 0.63125 0.34609375 0.63125 0.37578125 0.625 0.39296875 0.6359375 0.43984375 0.65 0.45546875 0.65625 0.58203125 0.6484375 0.99609375 0.7984375 0.99921875 0.8015625 0.99609375 0.7921875 0.98984375 0.8015625 0.98515625 0.8015625 0.96640625
0 0.61875 0.59296875 0.628125 0.56171875 0.603125 0.53671875 0.6171875 0.48359375 0.59296875 0.4640625 0.57890625 0.4625 0.5671875 0.43515625 0.565625 0.41640625 0.5953125 0.38359375 0.59375 0.34296875 0.57890625 0.33125 0.54296875 0.3203125 0.49453125 0.3296875 0.4703125 0.34609375 0.47109375 0.3734375 0.50234375 0.365625 0.5109375 0.37734375 0.4984375 0.40546875 0.5015625 0.43515625 0.4921875 0.47421875 0.47890625 0.4796875 0.45546875 0.4765625 0.44609375 0.46875 0.4234375 0.47109375 0.4203125 0.55546875 0.4296875 0.56484375 0.43125 0.57734375 0.4171875 0.61328125 0.4296875 0.65859375 0.4453125 0.66953125 0.4578125 0.69609375 0.4546875 0.72578125 0.4625 0.74140625 0.45234375 0.74375 0.44375 0.75859375 0.4625 0.77734375 0.4625 0.78515625 0.44765625 0.7984375 0.40625 0.80078125 0.390625 0.84765625 0.4 0.89921875 0.39375 0.92890625 0.4 0.96171875 0.40703125 0.9640625 0.409375 0.95859375 0.41328125 1 0.646875 0.99921875 0.6484375 0.67734375 0.64375 0.66015625 0.61875 0.64609375 0.61875 0.59296875
0 0.25859375 0.2484375 0.26796875 0.2515625 0.2796875 0.24453125 0.275 0.21796875 0.25234375 0.203125 0.20234375 0.2046875 0.1859375 0.22734375 0.1859375 0.26484375 0.1953125 0.27578125 0.1953125 0.29609375 0.2 0.31015625 0.2125 0.31328125 0.22734375 0.29375 0.240625 0.28984375 0.24375 0.26171875 0.25859375 0.2484375
0 0.39296875 0.003125 0.2203125 0.00078125 0.23203125 0.003125 0.2390625 0.01640625 0.23671875 0.025 0.215625 0.02890625 0.21796875 0.05625 0.25390625 0.05625 0.27578125 0.06875 0.2859375 0.05234375 0.284375 0.02578125 0.29453125 0.0203125 0.3109375 0.04609375 0.3125 0.07890625 0.3234375 0.09296875 0.31875 0.10390625 0.321875 0.12421875 0.371875 0.12578125 0.384375 0.08984375 0.3828125 0.05546875 0.396875 0.00859375 0.39296875 0.003125
0 0.07421875 0.00625 0.0265625 0.00859375 0.0265625 0.23203125 0.046875 0.23515625 0.07578125 0.23125 0.0796875 0.22578125 0.0796875 0.00859375 0.07421875 0.00625
0 0.00078125 0.240625 0 0.47734375 0.02109375 0.5125 0.05 0.51484375 0.05625 0.48359375 0.0546875 0.26171875 0.04140625 0.2421875 0.00078125 0.240625
0 0.36328125 0.9640625 0.36875 0.94296875 0.35625 0.88984375 0.3203125 0.85859375 0.321875 0.82421875 0.315625 0.80859375 0.3171875 0.77265625 0.3109375 0.74453125 0.31875 0.71484375 0.34140625 0.7109375 0.353125 0.69140625 0.3546875 0.65078125 0.3671875 0.62578125 0.3671875 0.60546875 0.29140625 0.5875 0.26796875 0.56875 0.25 0.57578125 0.25546875 0.5828125 0.26796875 0.5796875 0.26796875 0.584375 0.24765625 0.5859375 0.246875 0.57734375 0.23671875 0.5734375 0.2390625 0.58515625 0.23203125 0.5859375 0.234375 0.57890625 0.21875 0.56484375 0.22265625 0.5609375 0.21171875 0.559375 0.20390625 0.5703125 0.20078125 0.5640625 0.15859375 0.5625 0.14609375 0.5515625 0.12734375 0.5515625 0.121875 0.60859375 0.1046875 0.62421875 0.1 0.79453125 0.1046875 0.99921875 0.3546875 0.99921875 0.3546875 0.97421875 0.3609375 0.96953125 0.35625 0.95546875 0.36328125 0.9640625
0 0.21875 0.45546875 0.215625 0.40078125 0.20078125 0.4015625 0.18984375 0.390625 0.18125 0.39921875 0.184375 0.42265625 0.175 0.43984375 0.175 0.46171875 0.1859375 0.47109375 0.1875 0.49765625 0.165625 0.52109375 0.18203125 0.54375 0.2140625 0.54609375 0.2171875 0.53515625 0.209375 0.52890625 0.2046875 0.51171875 0.21875 0.45546875
0 0.4171875 0.45859375 0.403125 0.41484375 0.40703125 0.4015625 0.421875 0.39765625 0.428125 0.33046875 0.4125 0.30234375 0.3890625 0.27890625 0.3953125 0.26171875 0.375 0.21640625 0.3859375 0.18046875 0.35234375 0.1609375 0.3359375 0.16953125 0.34375 0.18203125 0.34296875 0.1984375 0.33046875 0.1984375 0.31484375 0.1828125 0.2984375 0.18203125 0.296875 0.20234375 0.3109375 0.22109375 0.3125 0.24765625 0.3046875 0.25546875 0.3 0.27734375 0.29140625 0.28125 0.28359375 0.275 0.2734375 0.28671875 0.2671875 0.32578125 0.2734375 0.33046875 0.271875 0.36328125 0.2671875 0.36484375 0.2734375 0.38203125 0.26640625 0.403125 0.2640625 0.37109375 0.259375 0.37265625 0.259375 0.40859375 0.26875 0.41484375 0.271875 0.45078125 0.28125 0.45546875 0.28125 0.46796875 0.2734375 0.48671875 0.2734375 0.52890625 0.265625 0.53828125 0.271875 0.56640625 0.28515625 0.5859375 0.30703125 0.596875 0.36171875 0.603125 0.36953125 0.6109375 0.39375 0.61640625 0.40625 0.60703125 0.4078125 0.56796875 0.4171875 0.53828125 0.4171875 0.45859375
0 0.93984375 0.6765625 0.93828125 0.6875 0.93359375 0.6765625 0.93046875 0.6921875 0.92734375 0.684375 0.91484375 0.690625 0.90703125 0.6875 0.9046875 0.68203125 0.9125 0.67890625 0.90234375 0.675 0.89921875 0.6890625 0.88984375 0.6875 0.88671875 0.6765625 0.88359375 0.6875 0.82890625 0.6875 0.8203125 0.70234375 0.8234375 0.70703125 0.809375 0.74140625 0.815625 0.74609375 0.809375 0.74921875 0.809375 0.77421875 0.8171875 0.77734375 0.809375 0.78203125 0.8203125 0.79296875 0.8140625 0.83515625 0.8203125 0.85546875 0.790625 0.89921875 0.796875 0.91015625 0.790625 0.91328125 0.790625 0.92265625 0.8 0.92578125 0.7921875 0.92890625 0.7921875 0.93828125 0.79765625 0.93125 0.803125 0.93359375 0.790625 0.94609375 0.79296875 0.953125 0.8015625 0.94921875 0.8 0.95859375 0.790625 0.96171875 0.8 0.97265625 0.7921875 0.97734375 0.7921875 0.98515625 0.80078125 0.9796875 0.7984375 0.98515625 0.80625 0.99296875 0.79609375 0.990625 0.790625 0.99765625 0.965625 0.99921875 0.965625 0.66328125 0.95859375 0.6421875 0.9546875 0.67109375 0.93984375 0.6765625
0 0.296875 0.46796875 0.296875 0.42421875 0.2859375 0.41953125 0.290625 0.40859375 0.27890625 0.3984375 0.2734375 0.40234375 0.28125 0.39453125 0.271875 0.38828125 0.2734375 0.37734375 0.26484375 0.375 0.26328125 0.3671875 0.25546875 0.375 0.24921875 0.3734375 0.24765625 0.3609375 0.2421875 0.37578125 0.246875 0.40703125 0.2234375 0.45390625 0.225 0.52265625 0.2203125 0.54140625 0.228125 0.54453125 0.23203125 0.559375 0.23984375 0.553125 0.24609375 0.553125 0.24609375 0.559375 0.26953125 0.55625 0.2734375 0.56640625 0.28359375 0.55 0.296875 0.54765625 0.303125 0.47265625 0.296875 0.46796875
0 0.4375 0.92109375 0.4421875 0.91015625 0.42421875 0.8921875 0.38828125 0.89375 0.37734375 0.884375 0.36015625 0.8859375 0.35625 0.91015625 0.365625 0.93984375 0.3515625 0.94921875 0.35 0.95703125 0.3609375 0.99921875 0.446875 0.99921875 0.44375 0.98515625 0.459375 0.97421875 0.4609375 0.96484375 0.4375 0.92109375
0 0.7359375 0.09765625 0.734375 0.05078125 0.72890625 0.04375 0.71796875 0.0609375 0.70703125 0.046875 0.696875 0.05078125 0.7046875 0.10234375 0.7 0.15859375 0.7078125 0.16015625 0.72421875 0.1390625 0.7359375 0.13359375 0.7296875 0.11171875 0.7359375 0.09765625
0 0.54296875 0.0390625 0.5296875 0.05234375 0.5296875 0.06640625 0.5515625 0.09453125 0.5671875 0.08515625 0.5703125 0.05859375 0.56015625 0.0328125 0.54296875 0.0390625