0 0.55859375 0.475 0.58515625 0.4796875 0.6 0.47265625 0.609375 0.43359375 0.6 0.39140625 0.6203125 0.33984375 0.61328125 0.3203125 0.60546875 0.3171875 0.59140625 0.325 0.57109375 0.315625 0.55390625 0.31875 0.534375 0.36328125 0.51875 0.38359375 0.47109375 0.4078125 0.44609375 0.3953125 0.42421875 0.3953125 0.4125 0.40234375 0.4109375 0.41953125 0.390625 0.46796875 0.390625 0.50078125 0.42109375 0.53125 0.4625 0.54765625 0.49765625 0.515625 0.51015625 0.515625 0.53984375 0.48125 0.55859375 0.475
0 0.5078125 0.16484375 0.50078125 0.159375 0.44453125 0.1640625 0.4109375 0.20078125 0.4140625 0.21796875 0.43203125 0.2296875 0.46171875 0.2203125 0.4640625 0.25234375 0.4796875 0.25546875 0.5078125 0.22890625 0.490625 0.20546875 0.5078125 0.17421875 0.5078125 0.16484375
0 1 0.12265625 0.99453125 0.11875 0.9578125 0.13984375 0.959375 0.16640625 0.975 0.17421875 1 0.15859375 1 0.12265625
0 0.165625 0.38984375 0.1671875 0.41328125 0.1828125 0.43828125 0.184375 0.45234375 0.19375 0.45546875 0.2 0.41015625 0.1890625 0.38671875 0.17265625 0.38125 0.165625 0.38984375
0 0.30703125 0.503125 0.2953125 0.51484375 0.2953125 0.52890625 0.30390625 0.54375 0.31875 0.54609375 0.3265625 0.53984375 0.3296875 0.52109375 0.31796875 0.5046875 0.30703125 0.503125
0 0.12109375 0.225 0.08671875 0.234375 0.078125 0.24765625 0.08125 0.26640625 0.1046875 0.28203125 0.1171875 0.27265625 0.121875 0.26015625 0.1171875 0.24140625 0.12109375 0.225
0 0.13125 0.17421875 0.1375 0.18984375 0.1515625 0.19609375 0.153125 0.16953125 0.13828125 0.15 0.13125 0.15859375 0.13125 0.17421875
0 0.0296875 0.17734375 0.01953125 0.165625 0.01015625 0.1640625 0.0078125 0.19140625 0.0234375 0.22109375 0.0234375 0.23671875 0.03125 0.23984375 0.046875 0.22734375 0.0375 0.22421875 0.0375 0.19609375 0.0296875 0.17734375
0 0.06796875 0.9328125 0.0484375 0.95078125 0.046875 0.99140625 0.05234375 0.996875 0.0890625 0.99921875 0.09375 0.98046875 0.084375 0.95078125 0.0765625 0.93515625 0.06796875 0.9328125
0 0.90703125 0.53125 0.896875 0.54140625 0.89375 0.56484375 0.903125 0.58359375 0.9203125 0.59140625 0.9328125 0.57890625 0.934375 0.55546875 0.91953125 0.5328125 0.90703125 0.53125
0 1 0.01015625 0.98984375 0.009375 0.978125 0.03359375 0.978125 0.04765625 0.990625 0.06953125 1 0.07109375 1 0.01015625