0 0.36484375 0.7234375 0.3640625 0.71796875 0.3703125 0.71796875 0.3640625 0.71015625 0.3734375 0.69921875 0.3671875 0.69453125 0.38125 0.67578125 0.3875 0.65234375 0.3828125 0.41484375 0.4 0.40859375 0.38515625 0.40625 0.3796875 0.38828125 0.36875 0.38359375 0.36953125 0.375 0.37734375 0.3828125 0.3796875 0.37734375 0.37734375 0.3640625 0.37421875 0.371875 0.36875 0.36953125 0.3734375 0.35859375 0.36875 0.34765625 0.3734375 0.34296875 0.36875 0.33828125 0.36875 0.27890625 0.3625 0.26796875 0.3640625 0.25546875 0.353125 0.25234375 0.36796875 0.246875 0.26640625 0.246875 0.2453125 0.25234375 0.2484375 0.73359375 0.2953125 0.73671875 0.36796875 0.7328125 0.35 0.72578125 0.35703125 0.715625 0.36484375 0.7234375
0 0.6671875 0.41640625 0.67578125 0.40625 0.72109375 0.4078125 0.73046875 0.4453125 0.7515625 0.44296875 0.734375 0.43671875 0.73828125 0.4265625 0.76171875 0.4328125 0.77890625 0.4140625 0.80390625 0.4015625 0.85078125 0.4015625 0.87578125 0.4140625 0.88984375 0.4296875 0.93671875 0.4171875 0.94140625 0.421875 0.97578125 0.4203125 0.98984375 0.4140625 0.98828125 0.4078125 0.99921875 0.409375 1 0.23203125 0.34296875 0.2484375 0.3484375 0.25234375 0.340625 0.25546875 0.35625 0.26015625 0.359375 0.27578125 0.353125 0.28671875 0.3578125 0.29140625 0.35 0.29453125 0.3484375 0.34609375 0.3390625 0.34921875 0.34609375 0.35 0.353125 0.36171875 0.346875 0.38046875 0.3546875 0.38671875 0.35078125 0.4 0.36953125 0.403125 0.37265625 0.4125 0.49140625 0.409375 0.52578125 0.4328125 0.53359375 0.45 0.54609375 0.446875 0.55390625 0.459375 0.55625 0.41640625 0.56328125 0.4109375 0.60546875 0.4078125 0.615625 0.41328125 0.6171875 0.56484375 0.6203125 0.57734375 0.6359375 0.58359375 0.65859375 0.578125 0.6671875 0.56484375 0.665625 0.43046875 0.6671875 0.41640625
0 0.98515625 0.68125 0.96640625 0.6765625 0.93828125 0.6796875 0.94140625 0.66875 0.8953125 0.66015625 0.8921875 0.64453125 0.9078125 0.63984375 0.90234375 0.6296875 0.89140625 0.63125 0.86484375 0.653125 0.81328125 0.6609375 0.77734375 0.6484375 0.7578125 0.62890625 0.75390625 0.6140625 0.74921875 0.634375 0.73984375 0.63125 0.7265625 0.63984375 0.73359375 0.6375 0.73515625 0.6453125 0.72578125 0.6453125 0.71796875 0.6296875 0.70703125 0.6296875 0.69296875 0.646875 0.67578125 0.65625 0.63046875 0.6609375 0.59296875 0.6453125 0.57265625 0.621875 0.565625 0.62421875 0.571875 0.62890625 0.56171875 0.6375 0.53359375 0.634375 0.53046875 0.6234375 0.5171875 0.64453125 0.50234375 0.6515625 0.38671875 0.6546875 0.378125 0.66953125 0.384375 0.68671875 0.3984375 0.69765625 0.39375 0.70234375 0.4 0.70703125 0.4015625 0.72109375 0.396875 0.73515625 0.41015625 0.7375 1 0.73984375 0.9984375 0.66171875 0.9875 0.66796875 0.99375 0.67578125 0.98515625 0.68125
0 0.9875 0.36953125 0.98828125 0.378125 0.96640625 0.38125 0.96328125 0.390625 0.9546875 0.38828125 0.959375 0.38515625 0.95078125 0.3765625 0.9484375 0.38984375 0.93515625 0.3921875 0.9328125 0.40703125 0.921875 0.41171875 0.93125 0.41640625 0.93046875 0.421875 0.91015625 0.4234375 0.89609375 0.4375 0.89375 0.42421875 0.884375 0.42265625 0.8953125 0.44921875 0.8984375 0.48359375 0.878125 0.50234375 0.903125 0.55390625 0.903125 0.59609375 0.89375 0.62265625 0.903125 0.64453125 0.8953125 0.65859375 0.890625 0.65703125 0.890625 0.66484375 0.8984375 0.66640625 0.9 0.69453125 0.90859375 0.696875 0.91171875 0.6890625 0.9203125 0.70546875 0.91796875 0.7125 0.925 0.71015625 0.92734375 0.696875 0.93515625 0.7140625 0.96171875 0.7140625 0.96875 0.71953125 0.96640625 0.728125 0.97734375 0.715625 0.9796875 0.72578125 0.9859375 0.72734375 0.99296875 0.7171875 1 0.71953125 0.99765625 0.3625 0.9875 0.36953125
0 0.75078125 0.6265625 0.75390625 0.634375 0.7578125 0.62578125 0.746875 0.57890625 0.778125 0.56484375 0.7734375 0.56171875 0.778125 0.54453125 0.7640625 0.52734375 0.7546875 0.49453125 0.7546875 0.45859375 0.7640625 0.43046875 0.75390625 0.4234375 0.73828125 0.4265625 0.734375 0.41015625 0.72578125 0.40625 0.7234375 0.58203125 0.7109375 0.62421875 0.7265625 0.63515625 0.725 0.64453125 0.7171875 0.64765625 0.73125 0.65078125 0.7375 0.64765625 0.73828125 0.6265625 0.74609375 0.634375 0.75078125 0.6265625
0 0.5671875 0.61015625 0.565625 0.58984375 0.5609375 0.58828125 0.55859375 0.409375 0.546875 0.41484375 0.54609375 0.4421875 0.53046875 0.4296875 0.5234375 0.43203125 0.528125 0.43515625 0.5265625 0.49921875 0.51875 0.52109375 0.5125 0.52265625 0.51484375 0.5296875 0.5203125 0.52890625 0.5359375 0.56640625 0.5359375 0.62265625 0.5296875 0.62265625 0.5234375 0.63828125 0.53125 0.64296875 0.53203125 0.6265625 0.55859375 0.6265625 0.559375 0.61171875 0.5671875 0.61015625
0 0.43671875 0.459375 0.434375 0.50703125 0.4609375 0.50859375 0.478125 0.49609375 0.478125 0.46953125 0.46328125 0.459375 0.43671875 0.459375
0 0.43984375 0.5515625 0.434375 0.55546875 0.434375 0.60390625 0.4640625 0.60546875 0.4828125 0.59609375 0.4859375 0.56796875 0.47109375 0.553125 0.43984375 0.5515625
0 0.43671875 0.459375 0.434375 0.50703125 0.4609375 0.50859375 0.478125 0.49609375 0.478125 0.46953125 0.46328125 0.459375 0.43671875 0.459375
0 0.81484375 0.553125 0.7984375 0.57109375 0.8015625 0.59140625 0.81171875 0.60625 0.834375 0.61171875 0.8484375 0.59921875 0.8515625 0.58046875 0.83828125 0.5609375 0.81484375 0.553125
0 0.83359375 0.45 0.81796875 0.4484375 0.8109375 0.45390625 0.80625 0.47265625 0.81640625 0.4859375 0.871875 0.50390625 0.8796875 0.48828125 0.87578125 0.478125 0.85078125 0.4765625 0.83359375 0.45