0 0.48125 0.86328125 0.36171875 0.7375 0.321875 0.88359375 0.2984375 0.99921875 0.4203125 0.99921875 0.48125 0.91328125 0.4859375 0.89921875 0.4796875 0.88515625 0.48125 0.86328125
0 0.3 0.66640625 0.27578125 0.65 0.20859375 0.578125 0.15625 0.77578125 0.1 0.91953125 0.090625 0.98671875 0.1015625 0.98984375 0.15 0.93359375 0.20625 0.83046875 0.30625 0.69140625 0.3 0.66640625
0 0.1765625 0.50234375 0.14609375 0.478125 0.128125 0.48671875 0.1140625 0.51484375 0.0875 0.59765625 0.0375 0.71484375 0.040625 0.73671875 0.109375 0.66796875 0.2 0.55546875 0.1953125 0.53046875 0.1765625 0.50234375
0 0.1046875 0.47265625 0.06796875 0.4359375 0.0625 0.43828125 0.028125 0.56640625 0 0.63828125 0.0015625 0.68671875 0.0984375 0.55390625 0.1140625 0.51328125 0.115625 0.49921875 0.1046875 0.47265625
0 0.04609375 0.390625 0.0234375 0.39296875 0.0109375 0.42890625 0 0.47578125 0.0015625 0.54296875 0.05 0.48046875 0.059375 0.43828125 0.06875 0.42578125 0.04609375 0.390625
0 0.69453125 0 0.65546875 0.0109375 0.65390625 0.0171875 0.61640625 0.0359375 0.59453125 0.0328125 0.54140625 0.0421875 0.50703125 0.059375 0.4859375 0.07890625 0.484375 0.08671875 0.50390625 0.09375 0.5078125 0.10078125 0.51171875 0.303125 0.58046875 0.3109375 0.64296875 0.3375 0.66796875 0.3390625 0.72578125 0.359375 0.76171875 0.3578125 0.82734375 0.375 0.996875 0.38203125 0.99921875 0 0.69453125 0
0 0.7859375 0.58515625 0.77734375 0.5765625 0.76015625 0.5765625 0.75390625 0.56875 0.74453125 0.56875 0.7328125 0.57734375 0.725 0.59609375 0.7234375 0.65859375 0.73125 0.67578125 0.753125 0.69140625 0.778125 0.67890625 0.796875 0.65234375 0.8 0.63203125 0.7859375 0.58515625
0 0.659375 0.43984375 0.6484375 0.43046875 0.65 0.41640625 0.6609375 0.40078125 0.65234375 0.403125 0.64609375 0.39375 0.61640625 0.3921875 0.47421875 0.3953125 0.46875 0.40390625 0.465625 0.56953125 0.4703125 0.73828125 0.51484375 0.7453125 0.6546875 0.74453125 0.6625 0.73828125 0.6640625 0.71953125 0.6625 0.45859375 0.659375 0.43984375
0 0.30390625 0.259375 0.3515625 0.25546875 0.35625 0.17265625 0.3703125 0.16171875 0.3765625 0.11640625 0.4140625 0.03515625 0.415625 0.01796875 0.40625 0.01484375 0.40234375 0 0.28125 0.00390625 0.26875 0.04453125 0.2390625 0.08515625 0.2078125 0.14453125 0.1140625 0.25859375 0.11484375 0.28125 0.15625 0.29140625 0.18515625 0.26875 0.22265625 0.259375 0.22890625 0.2515625 0.30390625 0.259375
0 0.43671875 0.09375 0.43125 0.09921875 0.43125 0.21015625 0.43984375 0.221875 0.484375 0.23828125 0.5 0.23046875 0.50625 0.21015625 0.5046875 0.09765625 0.43671875 0.09375
0 0.5078125 0.12109375 0.50078125 0.0953125 0.43671875 0.09375 0.43125 0.09921875 0.428125 0.29453125 0.43125 0.31796875 0.446875 0.32109375 0.47734375 0.3125 0.49921875 0.315625 0.50625 0.30546875 0.5078125 0.12109375
0 0.3578125 0.17265625 0.3578125 0.29140625 0.36171875 0.2984375 0.3796875 0.29921875 0.4265625 0.27265625 0.4265625 0.17265625 0.42109375 0.16875 0.3578125 0.17265625
0 0.346875 0.48359375 0.3640625 0.47265625 0.36875 0.44921875 0.3828125 0.42421875 0.41875 0.38203125 0.4265625 0.32578125 0.41640625 0.315625 0.3765625 0.31953125 0.3515625 0.35078125 0.3484375 0.37109375 0.334375 0.39609375 0.3015625 0.42890625 0.2984375 0.44453125 0.2828125 0.46484375 0.265625 0.53671875 0.278125 0.58671875 0.28671875 0.596875 0.296875 0.59765625 0.303125 0.59609375 0.309375 0.56171875 0.3359375 0.51953125 0.346875 0.48359375
0 0.74375 0.38828125 0.74921875 0.384375 0.73828125 0.3828125 0.73359375 0.390625 0.71953125 0.384375 0.6859375 0.40703125 0.6640625 0.44140625 0.665625 0.53203125 0.70234375 0.5453125 0.72578125 0.5796875 0.74296875 0.5671875 0.75390625 0.5671875 0.7921875 0.58515625 0.7921875 0.41328125 0.75625 0.39609375 0.76171875 0.3921875 0.74375 0.38828125
0 0.96640625 0.3828125 0.83671875 0.3828125 0.8 0.38828125 0.7984375 0.61171875 0.8453125 0.61640625 0.9953125 0.61171875 0.996875 0.41796875 0.99140625 0.3875 0.96640625 0.3828125
0 1 0.72578125 0.98828125 0.7171875 0.96640625 0.7125 0.93515625 0.715625 0.865625 0.77734375 0.775 0.90859375 0.7390625 0.99765625 0.903125 0.99921875 0.9328125 0.90234375 0.9796875 0.80859375 1 0.78359375 1 0.72578125
0 0.91484375 0.725 0.94609375 0.709375 1 0.71640625 0.99765625 0.61875 0.84765625 0.6203125 0.803125 0.67890625 0.7578125 0.72265625 0.7484375 0.79296875 0.7484375 0.93515625 0.75 0.94765625 0.7546875 0.94765625 0.7796875 0.88984375 0.796875 0.87734375 0.859375 0.78203125 0.91484375 0.725
0 0.74296875 0.7203125 0.67265625 0.7234375 0.65859375 0.746875 0.56953125 0.7453125 0.540625 0.75234375 0.5359375 0.79296875 0.525 0.79765625 0.50625 0.82734375 0.484375 0.86640625 0.4828125 0.88515625 0.49375 0.90546875 0.5453125 0.96328125 0.6 0.89453125 0.64453125 0.853125 0.746875 0.78828125 0.74296875 0.7203125
0 0.1546875 0.91953125 0.140625 0.91015625 0.1453125 0.92734375 0.13671875 0.9390625 0.12734375 0.9203125 0.1234375 0.95078125 0.11796875 0.9546875 0.1125 0.92734375 0.11640625 0.890625 0.103125 0.92265625 0.109375 0.93046875 0.0984375 0.93359375 0.09375 0.95703125 0.0921875 0.98203125 0.09453125 0.9875 0.103125 0.98671875 0.1078125 0.97890625 0.1015625 0.97109375 0.11015625 0.9765625 0.1546875 0.91953125
0 0.1921875 0.50234375 0.1859375 0.48828125 0.190625 0.46484375 0.2015625 0.43828125 0.2515625 0.37109375 0.24921875 0.353125 0.23203125 0.3484375 0.2234375 0.35234375 0.1515625 0.44921875 0.1453125 0.47265625 0.125 0.48671875 0.0875 0.59921875 0.040625 0.70546875 0.0375 0.73046875 0.04375 0.73515625 0.196875 0.56171875 0.196875 0.52734375 0.2046875 0.51015625 0.1921875 0.50234375
0 0.07109375 0.6890625 0.071875 0.67734375 0.06328125 0.665625 0.0578125 0.66796875 0.0609375 0.67890625 0.0546875 0.67734375 0.0390625 0.71328125 0.0390625 0.73046875 0.0484375 0.73203125 0.0890625 0.68359375 0.07890625 0.671875 0.0765625 0.68984375 0.07109375 0.6890625
0 0.125 0.44609375 0.121875 0.41015625 0.140625 0.36953125 0.16875 0.33515625 0.16171875 0.3203125 0.11875 0.35078125 0.0984375 0.38046875 0.0765625 0.43828125 0.0609375 0.44140625 0.0234375 0.58515625 0 0.64140625 0.0015625 0.68515625 0.1015625 0.54921875 0.115625 0.51015625 0.1078125 0.47421875 0.125 0.44609375
0 0.08203125 0.315625 0.053125 0.36015625 0.0484375 0.38515625 0.0671875 0.39765625 0.08125 0.35859375 0.10625 0.32890625 0.11015625 0.3046875 0.08203125 0.315625
0 0.20859375 0.3453125 0.2984375 0.34921875 0.3515625 0.34453125 0.34921875 0.2625 0.2078125 0.26328125 0.20859375 0.3453125
0 0.371875 0.60546875 0.39921875 0.6015625 0.40703125 0.5796875 0.42109375 0.578125 0.434375 0.56796875 0.4125 0.54921875 0.4171875 0.48203125 0.38828125 0.45625 0.359375 0.47578125 0.3046875 0.58359375 0.32421875 0.603125 0.3828125 0.62265625 0.396875 0.61640625 0.37734375 0.60625 0.37265625 0.6109375 0.371875 0.60546875
0 0.4328125 0.56953125 0.4296875 0.58671875 0.4109375 0.60703125 0.403125 0.64296875 0.421875 0.67109375 0.42421875 0.6953125 0.43984375 0.7015625 0.45703125 0.696875 0.4640625 0.70078125 0.465625 0.58046875 0.46015625 0.5390625 0.446875 0.56015625 0.4328125 0.56953125
0 0.5578125 0.97734375 0.57578125 1 0.7328125 0.99921875 0.740625 0.97578125 0.73203125 0.9703125 0.58359375 0.9703125 0.5578125 0.97734375
0 0.73203125 0.8484375 0.70703125 0.8609375 0.70234375 0.8515625 0.69921875 0.85625 0.69453125 0.853125 0.69140625 0.8609375 0.68671875 0.85625 0.678125 0.86328125 0.67578125 0.875 0.6703125 0.86015625 0.66875 0.88828125 0.6546875 0.92421875 0.659375 0.93515625 0.653125 0.94765625 0.65859375 0.9453125 0.659375 0.95390625 0.6546875 0.95234375 0.65 0.96640625 0.7109375 0.96953125 0.73203125 0.96875 0.7453125 0.95390625 0.74453125 0.85 0.73203125 0.8484375