0 0.65625 0.45078125 0.64453125 0.4546875 0.60078125 0.45 0.58828125 0.45625 0.56484375 0.4484375 0.55703125 0.4390625 0.55390625 0.4453125 0.54765625 0.4390625 0.53046875 0.4390625 0.51796875 0.45 0.51484375 0.4390625 0.50234375 0.4390625 0.4953125 0.43203125 0.49375 0.51484375 0.4984375 0.53359375 0.54609375 0.565625 0.6 0.56953125 0.64765625 0.559375 0.6578125 0.54609375 0.66328125 0.4078125 0.65625 0.45078125
0 0.69765625 0.565625 0.67578125 0.5375 0.66015625 0.54375 0.6609375 0.55078125 0.64921875 0.5640625 0.56171875 0.575 0.50390625 0.5515625 0.5140625 0.54609375 0.50390625 0.5421875 0.4828125 0.57109375 0.4859375 0.58203125 0.54140625 0.628125 0.55859375 0.6359375 0.575 0.63515625 0.74921875 0.596875 0.7546875 0.58828125 0.73828125 0.571875 0.69765625 0.565625
0 0.578125 0.23046875 0.5984375 0.24140625 0.6109375 0.22578125 0.60390625 0.2171875 0.58828125 0.2171875 0.578125 0.23046875
0 0.57265625 0.265625 0.5875 0.26796875 0.5953125 0.25859375 0.59296875 0.2515625 0.56875 0.25546875 0.57265625 0.265625
0 0.65546875 0.290625 0.64140625 0.2921875 0.6296875 0.28984375 0.6375 0.27734375 0.62265625 0.271875 0.62109375 0.265625 0.61796875 0.2734375 0.6015625 0.27734375 0.60078125 0.2875 0.58984375 0.2796875 0.58359375 0.29375 0.5796875 0.27890625 0.59453125 0.275 0.596875 0.26171875 0.58359375 0.2703125 0.571875 0.26484375 0.571875 0.33828125 0.56484375 0.346875 0.57578125 0.3515625 0.58359375 0.3453125 0.59765625 0.3484375 0.60859375 0.3359375 0.61171875 0.3453125 0.62578125 0.3453125 0.62734375 0.3515625 0.63984375 0.3453125 0.64375 0.35078125 0.634375 0.35390625 0.64609375 0.3546875 0.6578125 0.34765625 0.66328125 0.3328125 0.66875 0.35703125 0.6734375 0.29609375 0.66796875 0.2703125 0.6578125 0.27890625 0.65546875 0.290625
0 0.54609375 0.01875 0.53359375 0.025 0.52734375 0.0125 0.528125 0.06796875 0.5484375 0.06953125 0.5640625 0.06015625 0.565625 0.02578125 0.54921875 0.0265625 0.54609375 0.01875
0 0.10859375 0.7734375 0.12890625 0.759375 0.14453125 0.7578125 0.15546875 0.740625 0.20703125 0.7 0.22890625 0.7 0.25390625 0.6890625 0.2609375 0.68203125 0.26171875 0.66875 0.31015625 0.66875 0.33984375 0.65625 0.3578125 0.63046875 0.34921875 0.6140625 0.334375 0.60859375 0.3265625 0.58828125 0.3421875 0.57265625 0.31953125 0.559375 0.28046875 0.55 0.2828125 0.53984375 0.27734375 0.5328125 0.23828125 0.5125 0.22265625 0.5109375 0.18046875 0.5390625 0.16484375 0.540625 0.16015625 0.553125 0.13046875 0.55625 0.10703125 0.571875 0.01796875 0.5765625 0.0125 0.56953125 0.0203125 0.54296875 0.00390625 0.5125 0.0015625 0.78515625 0.01328125 0.775 0.05546875 0.775 0.09453125 0.759375 0.10859375 0.7734375
0 0.625 0.81640625 0.634375 0.83203125 0.6453125 0.83671875 0.6453125 0.84765625 0.66328125 0.8546875 0.66796875 0.865625 0.67578125 0.8640625 0.71640625 0.8921875 0.728125 0.89296875 0.72578125 0.8828125 0.70234375 0.871875 0.65546875 0.828125 0.625 0.81640625
0 0.62109375 0.6578125 0.6015625 0.67109375 0.60546875 0.678125 0.61796875 0.68125 0.65625 0.68046875 0.6609375 0.67421875 0.65625 0.66640625 0.63984375 0.6578125 0.62109375 0.6578125
0 0.79375 0.95546875 0.79375 0.94765625 0.77421875 0.9296875 0.765625 0.93046875 0.79375 0.95546875
0 0.753125 0.91015625 0.76015625 0.9046875 0.73828125 0.8984375 0.73359375 0.890625 0.71875 0.89140625 0.74921875 0.925 0.7703125 0.93359375 0.7734375 0.93046875 0.7640625 0.92578125 0.76875 0.92109375 0.753125 0.91015625
0 0.49453125 0.7453125 0.50546875 0.7296875 0.559375 0.75390625 0.5609375 0.74921875 0.54140625 0.7296875 0.4953125 0.70703125 0.49453125 0.7453125