0 0.49453125 0.1625 0.47421875 0.1921875 0.45703125 0.1984375 0.43828125 0.19375 0.43125 0.19921875 0.4203125 0.23671875 0.43359375 0.25 0.453125 0.25546875 0.48203125 0.23125 0.5125 0.22421875 0.51953125 0.1640625 0.49453125 0.1625
0 0.49609375 0.0984375 0.47578125 0.096875 0.4703125 0.10078125 0.471875 0.12578125 0.4875 0.13515625 0.49453125 0.1234375 0.50703125 0.125 0.5140625 0.11484375 0.49609375 0.0984375
0 0.8421875 0.14296875 0.875 0.12578125 0.8765625 0.11953125 0.86640625 0.10625 0.81171875 0.09375 0.79921875 0.08125 0.78671875 0.0921875 0.74765625 0.0984375 0.7234375 0.11796875 0.71875 0.12890625 0.72265625 0.1390625 0.76171875 0.1328125 0.78203125 0.1609375 0.80546875 0.146875 0.815625 0.16484375 0.81875 0.20078125 0.85625 0.20234375 0.8671875 0.19765625 0.865625 0.18046875 0.846875 0.16796875 0.8421875 0.14296875
0 0.78203125 0.203125 0.73515625 0.203125 0.73125 0.21015625 0.7359375 0.27734375 0.74921875 0.2921875 0.75625 0.29140625 0.765625 0.28046875 0.7671875 0.26171875 0.7859375 0.23984375 0.78203125 0.203125
0 0.66875 0.47578125 0.66484375 0.45625 0.659375 0.45703125 0.65234375 0.4734375 0.6203125 0.49609375 0.61875 0.51015625 0.6390625 0.51953125 0.64765625 0.5109375 0.66796875 0.509375 0.684375 0.49921875 0.66875 0.47578125
0 0.21640625 0.8203125 0.23203125 0.821875 0.2453125 0.81015625 0.2828125 0.76015625 0.29375 0.72578125 0.296875 0.69296875 0.284375 0.66484375 0.24453125 0.63125 0.20234375 0.615625 0.18515625 0.615625 0.16171875 0.6265625 0.1375 0.65546875 0.115625 0.69453125 0.1 0.76015625 0.1 0.80859375 0.125 0.85546875 0.1171875 0.88046875 0.159375 0.88203125 0.1765625 0.87421875 0.1828125 0.85859375 0.20625 0.83984375 0.21640625 0.8203125
0 0.81015625 0.96875 0.77890625 0.975 0.7625 0.99296875 0.76640625 1 0.8265625 0.99921875 0.8328125 0.98828125 0.828125 0.96171875 0.82109375 0.953125 0.81015625 0.96875
0 0.95078125 0.76875 0.9484375 0.81953125 0.9609375 0.83515625 0.9640625 0.85078125 0.9703125 0.85078125 0.978125 0.84140625 0.98125 0.79140625 0.97421875 0.778125 0.95078125 0.76875
0 0.759375 0.78984375 0.78671875 0.8015625 0.7984375 0.80078125 0.80625 0.77578125 0.803125 0.75546875 0.76171875 0.7546875 0.759375 0.78984375
0 0.9203125 0.55859375 0.92421875 0.5734375 0.94375 0.57421875 0.946875 0.56953125 0.93828125 0.5609375 0.92578125 0.5546875 0.9203125 0.55859375
0 0.17734375 0.13125 0.18828125 0.1328125 0.19765625 0.1484375 0.20859375 0.15 0.215625 0.14140625 0.21875 0.11484375 0.22734375 0.1046875 0.25234375 0.0953125 0.27109375 0.1015625 0.2796875 0.09453125 0.2625 0.07578125 0.271875 0.04453125 0.25078125 0.040625 0.04453125 0.0484375 0.0375 0.05859375 0.0296875 0.13359375 0.028125 0.17421875 0.0375 0.17421875 0.07734375 0.1625 0.11015625 0.1609375 0.14609375 0.1359375 0.17734375 0.13125
0 0.85859375 0.7 0.86796875 0.7 0.88359375 0.71875 0.89765625 0.71875 0.90703125 0.703125 0.92265625 0.7046875 0.93203125 0.7125 0.94609375 0.7125 0.95859375 0.7046875 0.9703125 0.70859375 0.96796875 0.7171875 0.99296875 0.7171875 0.99375 0.64609375 0.91953125 0.64375 0.91015625 0.678125 0.86640625 0.6703125 0.83046875 0.6765625 0.80546875 0.65 0.76640625 0.64375 0.7609375 0.65859375 0.7625 0.73828125 0.7828125 0.74453125 0.80859375 0.715625 0.82421875 0.7359375 0.83984375 0.734375 0.85859375 0.7
0 0.9328125 0.22734375 0.9171875 0.18359375 0.9203125 0.17421875 0.90703125 0.171875 0.9046875 0.18046875 0.9109375 0.18515625 0.90390625 0.1859375 0.9 0.19609375 0.90625 0.21640625 0.91015625 0.209375 0.915625 0.21171875 0.91875 0.25546875 0.8890625 0.33046875 0.90390625 0.34375 0.9234375 0.34296875 0.9390625 0.32890625 0.940625 0.30390625 0.9328125 0.28515625 0.9328125 0.22734375