0 0.22109375 0.159375 0.23828125 0.1328125 0.2578125 0.12734375 0.25546875 0.0984375 0.21484375 0.0921875 0.19765625 0.08125 0.18671875 0.0953125 0.13515625 0.1046875 0.128125 0.11328125 0.125 0.12421875 0.13046875 0.1296875 0.14921875 0.1328125 0.159375 0.14140625 0.1546875 0.16796875 0.1359375 0.18203125 0.1359375 0.19921875 0.178125 0.20234375 0.184375 0.19453125 0.190625 0.15078125 0.20078125 0.1453125 0.22109375 0.159375
0 0.26171875 0.203125 0.2140625 0.20703125 0.215625 0.26953125 0.2203125 0.28203125 0.2328125 0.28984375 0.2421875 0.28359375 0.2484375 0.26015625 0.2671875 0.23828125 0.26171875 0.203125
0 0.54453125 0.1984375 0.52734375 0.1921875 0.50703125 0.1625 0.48203125 0.1640625 0.4890625 0.22421875 0.51484375 0.228125 0.54765625 0.2546875 0.5578125 0.25390625 0.58125 0.23515625 0.5703125 0.19921875 0.56171875 0.19375 0.54453125 0.1984375
0 0.51171875 0.0984375 0.49140625 0.096875 0.4875 0.12578125 0.503125 0.13515625 0.50859375 0.1234375 0.52578125 0.1234375 0.528125 0.11328125 0.51171875 0.0984375
0 0.33828125 0.4546875 0.3171875 0.49921875 0.3671875 0.51953125 0.3828125 0.51015625 0.38125 0.49609375 0.35234375 0.475 0.33828125 0.4546875
0 0.8859375 0.69609375 0.8640625 0.65390625 0.83828125 0.625 0.81640625 0.615625 0.79921875 0.615625 0.76015625 0.628125 0.715625 0.66640625 0.70625 0.68828125 0.715625 0.75546875 0.7578125 0.81328125 0.76953125 0.821875 0.78515625 0.8234375 0.7953125 0.84140625 0.8171875 0.85703125 0.82578125 0.8765625 0.865625 0.88203125 0.8828125 0.87890625 0.878125 0.85078125 0.9015625 0.80390625 0.8859375 0.69609375
0 0.721875 0.08984375 0.721875 0.09921875 0.73125 0.10390625 0.7484375 0.09296875 0.74453125 0.084375 0.73359375 0.0828125 0.721875 0.08984375
0 0.02734375 0.778125 0.0203125 0.78984375 0.0234375 0.83984375 0.03203125 0.8515625 0.0375 0.85078125 0.040625 0.83515625 0.053125 0.81953125 0.05078125 0.76875 0.02734375 0.778125
0 0.15546875 1 0.2609375 0.99921875 0.25859375 0.94375 0.23828125 0.9484375 0.15625 0.94609375 0.15546875 1
0 0.196875 0.78359375 0.22109375 0.8 0.234375 0.79921875 0.2421875 0.76953125 0.23203125 0.7578125 0.21953125 0.7578125 0.196875 0.78359375
0 0.7390625 0.90234375 0.7625 0.88359375 0.7171875 0.88359375 0.72109375 0.8984375 0.7390625 0.90234375
0 0.0859375 0.57421875 0.07890625 0.5609375 0.0609375 0.55859375 0.06484375 0.5734375 0.0859375 0.57421875
0 0.21875 0.68046875 0.2140625 0.70234375 0.22265625 0.715625 0.2375 0.71640625 0.25625 0.70234375 0.2578125 0.68046875 0.23359375 0.665625 0.21875 0.68046875
0 0.09375 0.70546875 0.10234375 0.6984375 0.11015625 0.6984375 0.12421875 0.7171875 0.13828125 0.7171875 0.15078125 0.7046875 0.18515625 0.7125 0.2 0.70234375 0.2015625 0.68203125 0.18828125 0.6703125 0.14921875 0.6796875 0.10234375 0.6703125 0.06953125 0.6765625 0.05078125 0.6546875 0.01171875 0.646875 0.00625 0.66015625 0.00625 0.67890625 0.0125 0.68828125 0.00625 0.73046875 0.01171875 0.740625 0.0234375 0.74140625 0.05078125 0.715625 0.06484375 0.7328125 0.08359375 0.7328125 0.09375 0.70546875
0 0.4109375 0.14921875 0.4171875 0.13828125 0.4109375 0.13046875 0.4171875 0.12109375 0.4125 0.12265625 0.415625 0.11015625 0.40625 0.06796875 0.38984375 0.053125 0.37734375 0.0515625 0.365625 0.06953125 0.36875 0.08984375 0.37734375 0.0984375 0.3828125 0.09453125 0.371875 0.15390625 0.3875 0.16171875 0.390625 0.17734375 0.3765625 0.18828125 0.3765625 0.20234375 0.39375 0.22109375 0.403125 0.20078125 0.3921875 0.18046875 0.4125 0.16953125 0.4109375 0.14921875
0 0.7296875 0.04453125 0.7359375 0.07578125 0.721875 0.09453125 0.72734375 0.1 0.74609375 0.0953125 0.77578125 0.109375 0.784375 0.14296875 0.79296875 0.1515625 0.80390625 0.1515625 0.82109375 0.134375 0.85234375 0.1359375 0.88515625 0.159375 0.94453125 0.1671875 0.9734375 0.18046875 0.965625 0.07109375 0.95859375 0.05 0.75859375 0.040625 0.7296875 0.04453125