0 0.5140625 0.67109375 0.525 0.63671875 0.525 0.62109375 0.4953125 0.55390625 0.5140625 0.51015625 0.5390625 0.48359375 0.5421875 0.45859375 0.5609375 0.43671875 0.5625 0.40859375 0.5703125 0.39609375 0.559375 0.36953125 0.5609375 0.34453125 0.54140625 0.3234375 0.5171875 0.32109375 0.5171875 0.28984375 0.51328125 0.284375 0.50546875 0.2859375 0.4921875 0.32265625 0.4703125 0.33828125 0.4625 0.36171875 0.47265625 0.3765625 0.5046875 0.37734375 0.4984375 0.40390625 0.5 0.43828125 0.49375 0.43984375 0.4953125 0.45234375 0.4875 0.45546875 0.4859375 0.47421875 0.45859375 0.471875 0.44609375 0.4609375 0.42265625 0.4640625 0.40625 0.42734375 0.40625 0.40859375 0.421875 0.40078125 0.4234375 0.34453125 0.4296875 0.33359375 0.4125 0.30078125 0.3921875 0.27890625 0.396875 0.26328125 0.3765625 0.21640625 0.3890625 0.18359375 0.38046875 0.1703125 0.34921875 0.1578125 0.334375 0.16796875 0.340625 0.18359375 0.33828125 0.1984375 0.31796875 0.1828125 0.296875 0.18359375 0.2984375 0.20859375 0.3125 0.22734375 0.3125 0.24765625 0.303125 0.26015625 0.3015625 0.28046875 0.2875 0.29453125 0.296875 0.29765625 0.2984375 0.33515625 0.30234375 0.328125 0.3125 0.33671875 0.31015625 0.346875 0.29921875 0.34375 0.2984375 0.34921875 0.3140625 0.35390625 0.31171875 0.359375 0.296875 0.36171875 0.30703125 0.378125 0.3078125 0.36953125 0.3140625 0.36953125 0.3140625 0.38671875 0.2984375 0.39296875 0.3046875 0.40234375 0.30234375 0.4109375 0.296875 0.40859375 0.31796875 0.4296875 0.35078125 0.4296875 0.3515625 0.44140625 0.3671875 0.44765625 0.3671875 0.45859375 0.384375 0.46328125 0.38046875 0.4703125 0.3671875 0.47109375 0.3828125 0.48203125 0.35859375 0.4859375 0.3671875 0.49765625 0.36484375 0.503125 0.353125 0.50234375 0.36953125 0.5140625 0.37265625 0.509375 0.3828125 0.51171875 0.353125 0.52109375 0.3765625 0.52578125 0.3671875 0.53828125 0.36953125 0.54375 0.375 0.54140625 0.375 0.55390625 0.3828125 0.55859375 0.3703125 0.56640625 0.3859375 0.57734375 0.359375 0.58203125 0.38828125 0.590625 0.39609375 0.5890625 0.40078125 0.578125 0.40625 0.58046875 0.409375 0.62890625 0.4296875 0.66328125 0.45 0.67734375 0.459375 0.70234375 0.4546875 0.72265625 0.46015625 0.7328125 0.4703125 0.73359375 0.4796875 0.72578125 0.478125 0.71796875 0.4984375 0.68359375 0.5140625 0.67109375
0 0.34140625 0.7125 0.353125 0.69140625 0.35625 0.64921875 0.3734375 0.60859375 0.3859375 0.59765625 0.38828125 0.58125 0.390625 0.60234375 0.4 0.60078125 0.4 0.57421875 0.40625 0.56484375 0.4 0.56328125 0.4 0.54921875 0.39296875 0.546875 0.390625 0.57890625 0.3859375 0.57734375 0.3796875 0.56171875 0.384375 0.50234375 0.3765625 0.49140625 0.3828125 0.48828125 0.378125 0.48359375 0.3828125 0.47890625 0.384375 0.43984375 0.38828125 0.4328125 0.3984375 0.43984375 0.4 0.40859375 0.39609375 0.3984375 0.3953125 0.42890625 0.38828125 0.43125 0.3828125 0.40078125 0.37109375 0.3984375 0.3765625 0.39296875 0.3671875 0.38828125 0.36953125 0.3765625 0.3765625 0.38046875 0.3734375 0.38515625 0.38046875 0.3953125 0.3828125 0.37890625 0.38828125 0.3765625 0.3984375 0.39609375 0.396875 0.35390625 0.4015625 0.34609375 0.39375 0.34296875 0.38828125 0.3140625 0.3515625 0.31171875 0.3515625 0.29921875 0.36328125 0.2890625 0.32265625 0.2828125 0.30234375 0.2875 0.28203125 0.2765625 0.2734375 0.28671875 0.271875 0.31796875 0.2578125 0.33359375 0.24375 0.36640625 0.246875 0.40859375 0.22421875 0.4515625 0.215625 0.44296875 0.2140625 0.40390625 0.19609375 0.3984375 0.19296875 0.3921875 0.18515625 0.39375 0.18125 0.40390625 0.184375 0.42578125 0.1765625 0.43984375 0.1765625 0.46015625 0.1890625 0.48984375 0.18125 0.50703125 0.1859375 0.51484375 0.17421875 0.515625 0.171875 0.52578125 0.18203125 0.5421875 0.21328125 0.546875 0.2140625 0.55703125 0.19765625 0.5640625 0.17109375 0.5640625 0.15859375 0.5625 0.14140625 0.55 0.10703125 0.5515625 0.1 0.66015625 0.059375 0.68671875 0.05625 0.71015625 0.0890625 0.78671875 0.10625 0.85234375 0.1015625 0.87578125 0.10625 0.92734375 0.09375 0.94765625 0.0796875 0.99921875 0.3171875 0.99921875 0.31875 0.77578125 0.3109375 0.74453125 0.321875 0.71484375 0.34140625 0.7125
0 0.84921875 0 0.834375 0.06796875 0.8421875 0.10859375 0.8234375 0.12578125 0.8125 0.17265625 0.8265625 0.19609375 0.8234375 0.22421875 0.8359375 0.27109375 0.8375 0.30390625 0.8609375 0.33828125 0.8609375 0.40234375 0.8515625 0.43359375 0.8359375 0.45234375 0.8234375 0.48359375 0.8125 0.51953125 0.8109375 0.55546875 0.82109375 0.575 0.82421875 0.571875 0.82890625 0.58125 0.84140625 0.5796875 0.8421875 0.58984375 0.84765625 0.5859375 0.85 0.59296875 0.8328125 0.61171875 0.8234375 0.65859375 0.81015625 0.665625 0.79609375 0.6625 0.7921875 0.66953125 0.7953125 0.69609375 0.80078125 0.6875 0.803125 0.70546875 0.7953125 0.70703125 0.8 0.71484375 0.79375 0.72421875 0.7921875 0.75859375 0.796875 0.76171875 0.7875 0.80078125 0.790625 0.87578125 0.76953125 0.878125 0.765625 0.87109375 0.76484375 0.7828125 0.7578125 0.80390625 0.74609375 0.7984375 0.740625 0.81171875 0.7390625 0.87734375 0.71484375 0.8734375 0.71015625 0.8796875 0.69921875 0.878125 0.696875 0.89140625 0.68125 0.89609375 0.68125 0.90703125 0.69375 0.91796875 0.6890625 0.92890625 0.696875 0.93515625 0.6828125 0.94453125 0.68125 0.96171875 0.68359375 0.96875 0.6890625 0.96640625 0.69375 0.98359375 0.659375 0.98984375 0.66796875 0.9984375 0.68203125 1 0.965625 0.99921875 0.965625 0.64921875 0.9625 0.45859375 0.9546875 0.39453125 0.9578125 0.15703125 0.9515625 0.01171875 0.94453125 0 0.84921875 0
0 0.7875 0.98046875 0.7875 0.95390625 0.79609375 0.9546875 0.803125 0.94765625 0.8015625 0.92578125 0.79921875 0.9328125 0.790625 0.93046875 0.7984375 0.91953125 0.7921875 0.91015625 0.8 0.90234375 0.79296875 0.9015625 0.7921875 0.89453125 0.79765625 0.8921875 0.80078125 0.9015625 0.8109375 0.87421875 0.81640625 0.878125 0.821875 0.87109375 0.8203125 0.81640625 0.8140625 0.81640625 0.81328125 0.8375 0.79921875 0.8296875 0.7953125 0.81953125 0.81875 0.80859375 0.81640625 0.7984375 0.815625 0.80546875 0.809375 0.80546875 0.8125 0.79296875 0.8078125 0.78984375 0.803125 0.71796875 0.809375 0.71953125 0.809375 0.67421875 0.81875 0.66328125 0.8109375 0.66015625 0.81015625 0.6515625 0.80390625 0.65625 0.7984375 0.65234375 0.8078125 0.64453125 0.7921875 0.64140625 0.7921875 0.63046875 0.7765625 0.62109375 0.76875 0.60078125 0.77734375 0.5890625 0.7828125 0.59453125 0.78515625 0.5796875 0.79921875 0.5796875 0.80078125 0.575 0.81328125 0.5796875 0.809375 0.59921875 0.80390625 0.590625 0.7953125 0.59921875 0.7953125 0.60859375 0.80546875 0.6171875 0.80859375 0.603125 0.8140625 0.61171875 0.8125 0.63203125 0.82265625 0.634375 0.8234375 0.61796875 0.828125 0.61640625 0.8234375 0.59609375 0.83203125 0.6046875 0.834375 0.59765625 0.81640625 0.571875 0.80625 0.57109375 0.8078125 0.55234375 0.80078125 0.5453125 0.78984375 0.546875 0.784375 0.53671875 0.784375 0.49609375 0.7984375 0.48359375 0.7984375 0.43984375 0.8125 0.40078125 0.80625 0.37109375 0.7921875 0.36328125 0.7859375 0.34609375 0.7890625 0.27421875 0.7609375 0.22265625 0.7578125 0.19765625 0.7375 0.17421875 0.7359375 0.13515625 0.72265625 0.1296875 0.66015625 0.1859375 0.64140625 0.18125 0.61796875 0.1890625 0.58671875 0.1578125 0.57265625 0.15625 0.56875 0.16171875 0.565625 0.22421875 0.5703125 0.25546875 0.58046875 0.265625 0.59140625 0.265625 0.5953125 0.23515625 0.60625 0.23046875 0.60703125 0.221875 0.61171875 0.234375 0.62578125 0.234375 0.628125 0.22109375 0.63203125 0.225 0.63984375 0.2203125 0.64375 0.25703125 0.6484375 0.25859375 0.6484375 0.26640625 0.634375 0.27890625 0.6453125 0.31015625 0.63046875 0.3265625 0.60390625 0.334375 0.5953125 0.35390625 0.596875 0.38671875 0.61171875 0.40625 0.625 0.41328125 0.625 0.43828125 0.61875 0.45859375 0.59140625 0.471875 0.5796875 0.48671875 0.5875 0.53671875 0.5671875 0.56640625 0.5765625 0.60390625 0.571875 0.61953125 0.575 0.64609375 0.55234375 0.6578125 0.54453125 0.675 0.51484375 0.678125 0.509375 0.68359375 0.4953125 0.70546875 0.4984375 0.73046875 0.490625 0.74765625 0.490625 0.78515625 0.47578125 0.78125 0.46640625 0.796875 0.440625 0.80859375 0.4390625 0.96171875 0.4421875 0.97421875 0.45 0.97421875 0.4421875 0.98515625 0.44609375 1 0.79375 0.99921875 0.78828125 0.990625 0.77734375 0.9953125 0.7734375 0.98828125 0.7875 0.98046875
0 0.39296875 0.88125 0.378125 0.84609375 0.3671875 0.83515625 0.3578125 0.79609375 0.34609375 0.7890625 0.32109375 0.7890625 0.31875 0.99921875 0.4375 0.99921875 0.434375 0.86796875 0.41640625 0.8671875 0.40234375 0.8828125 0.39296875 0.88125
0 0.5710227265625 0.04296875 0.5511363640625 0.051136364062499995 0.5482954546875 0.0941051359375 0.5767045453125 0.09552556875 0.578125 0.0628551140625 0.5710227265625 0.04296875
0 0.67109375 0.059375 0.66328125 0.04375 0.653125 0.06328125 0.6578125 0.10703125 0.653125 0.13359375 0.6875 0.16015625 0.6859375 0.10234375 0.69375 0.04921875 0.68515625 0.0453125 0.67109375 0.059375
0 0.290625 0.10546875 0.284375 0.09140625 0.2953125 0.07890625 0.296875 0.04453125 0.31328125 0.0171875 0.325 0.02109375 0.3296875 0.03359375 0.325 0.05390625 0.33515625 0.06875 0.35703125 0.0546875 0.39375 0.05390625 0.39375 0.03203125 0.37734375 0.03125 0.3671875 0.02109375 0.36953125 0 0.2046875 0.00078125 0.2171875 0.01484375 0.2203125 0.03984375 0.228125 0.05234375 0.2234375 0.07734375 0.234375 0.11015625 0.2328125 0.12265625 0.2453125 0.13046875 0.26640625 0.125 0.27890625 0.1296875 0.2890625 0.12265625 0.290625 0.10546875
0 0.25 0.25390625 0.2796875 0.24453125 0.2765625 0.22109375 0.25234375 0.203125 0.21953125 0.209375 0.20390625 0.2046875 0.1859375 0.22734375 0.1859375 0.26484375 0.1953125 0.27421875 0.2 0.31015625 0.2109375 0.31328125 0.22734375 0.29375 0.240625 0.28984375 0.2421875 0.26640625 0.25 0.25390625
0 0.10234375 0.48125 0.08046875 0.4828125 0.06328125 0.475 0.046875 0.48671875 0.0375 0.50390625 0.0359375 0.53203125 0.0390625 0.55546875 0.06875 0.57578125 0.0859375 0.54765625 0.1109375 0.52734375 0.1125 0.49921875 0.10234375 0.48125
0 0.05234375 0 0.05234375 0.0046875 0.03984375 0 0.0234375 0.01015625 0.021875 0.23671875 0.01640625 0.2453125 0.01171875 0.240625 0.009375 0.25078125 0 0.25703125 0.0015625 0.58046875 0.0234375 0.46484375 0.0484375 0.40390625 0.0484375 0.38359375 0.0359375 0.35703125 0.034375 0.28828125 0.05625 0.23671875 0.07578125 0.2328125 0.0796875 0.22578125 0.0796875 0.02265625 0.07265625 0 0.05234375 0