0 0.8390625 0.36953125 0.82890625 0.359375 0.7859375 0.34296875 0.809375 0.32578125 0.8046875 0.30390625 0.815625 0.28671875 0.8015625 0.26015625 0.803125 0.23203125 0.7671875 0.21328125 0.784375 0.19296875 0.7875 0.16171875 0.7703125 0.14609375 0.76484375 0.1015625 0.71328125 0.1109375 0.68671875 0.1109375 0.66328125 0.103125 0.6609375 0.15390625 0.66796875 0.165625 0.67109375 0.1625 0.69140625 0.178125 0.69453125 0.1734375 0.7015625 0.17890625 0.6875 0.19921875 0.678125 0.23203125 0.65078125 0.240625 0.646875 0.24765625 0.6515625 0.35390625 0.68046875 0.3609375 0.72109375 0.359375 0.74609375 0.36875 0.753125 0.38046875 0.7515625 0.41328125 0.7671875 0.41953125 0.82734375 0.4171875 0.8296875 0.40859375 0.809375 0.38515625 0.8390625 0.36953125
0 1 0.32109375 0.96328125 0.3078125 0.9484375 0.32890625 0.9484375 0.35078125 1 0.35703125 1 0.32109375
0 0.65546875 0.0796875 0.61953125 0.08125 0.609375 0.08828125 0.6 0.10703125 0.61171875 0.1234375 0.6203125 0.12421875 0.64375 0.11484375 0.6453125 0.09453125 0.6578125 0.08828125 0.65546875 0.0796875
0 0.73984375 0.7609375 0.715625 0.78515625 0.7328125 0.79453125 0.76484375 0.7890625 0.7703125 0.77265625 0.75078125 0.759375 0.73984375 0.7609375
0 0.7671875 0.80078125 0.7703125 0.83515625 0.7765625 0.83671875 0.79375 0.82265625 0.79921875 0.8 0.77734375 0.7953125 0.7671875 0.80078125
0 0.92421875 0.9046875 0.909375 0.93359375 0.94609375 0.9578125 0.965625 0.96171875 0.984375 0.94921875 0.978125 0.90859375 0.95546875 0.8984375 0.92421875 0.9046875
0 0.7546875 0.84921875 0.734375 0.84765625 0.7390625 0.83984375 0.734375 0.81953125 0.740625 0.81640625 0.7359375 0.81328125 0.7390625 0.80078125 0.76484375 0.790625 0.771875 0.77734375 0.7703125 0.76953125 0.75546875 0.7609375 0.71484375 0.7640625 0.70390625 0.775 0.65859375 0.771875 0.6515625 0.78046875 0.65546875 0.7890625 0.66796875 0.7859375 0.6734375 0.79296875 0.6671875 0.80078125 0.66875 0.83046875 0.6625 0.84765625 0.66640625 0.8578125 0.68125 0.86015625 0.675 0.86484375 0.684375 0.87421875 0.6796875 0.88671875 0.68515625 0.8921875 0.7078125 0.89140625 0.73046875 0.8828125 0.73828125 0.8875 0.7546875 0.87421875 0.7546875 0.84921875
0 0.00078125 1 0.0515625 0.99921875 0.0484375 0.98515625 0.03359375 0.96875 0 0.94921875 0.00078125 1
0 0.00078125 0.7875 0 0.81796875 0.0078125 0.81796875 0.015625 0.81328125 0.015625 0.80546875 0.0125 0.79296875 0.00078125 0.7875
0 0.53046875 0.5875 0.54375 0.58203125 0.53046875 0.575 0.515625 0.57578125 0.540625 0.56640625 0.5390625 0.54921875 0.515625 0.53515625 0.57578125 0.53125 0.5734375 0.52265625 0.59140625 0.4859375 0.57421875 0.475 0.55078125 0.4765625 0.54921875 0.4703125 0.52890625 0.4703125 0.5171875 0.46328125 0.51484375 0.4546875 0.50390625 0.4609375 0.49921875 0.4546875 0.478125 0.46015625 0.475 0.49140625 0.4671875 0.49765625 0.4734375 0.50234375 0.4734375 0.52265625 0.4484375 0.53828125 0.4484375 0.55703125 0.496875 0.59765625 0.4953125 0.59296875 0.50703125 0.5921875 0.51015625 0.584375 0.53046875 0.5875
0 0.68671875 0 0.6671875 0.02421875 0.67109375 0.0390625 0.70390625 0.0484375 0.73359375 0.0484375 0.75390625 0.0359375 0.80390625 0.0390625 0.83359375 0.05 0.8984375 0.05703125 0.9234375 0.02578125 0.89375 0.01640625 0.90703125 0.0140625 0.91640625 0 0.68671875 0
0 0.61328125 0.428125 0.56953125 0.4390625 0.52109375 0.4234375 0.4890625 0.43203125 0.49140625 0.459375 0.51328125 0.4609375 0.53515625 0.475 0.546875 0.47578125 0.58984375 0.45 0.62421875 0.4484375 0.621875 0.43359375 0.61328125 0.428125