0 0.3765625 0.04921875 0.3890625 0.05546875 0.396875 0.04296875 0.38984375 0.03125 0.38203125 0.03125 0.3765625 0.04921875
0 0.40078125 0.1453125 0.38515625 0.1390625 0.36875 0.15390625 0.371875 0.19296875 0.37421875 0.1984375 0.4 0.19765625 0.4109375 0.18984375 0.4125 0.14609375 0.40859375 0.140625 0.40078125 0.1453125
0 0.48828125 0.165625 0.4703125 0.17890625 0.4703125 0.18828125 0.50078125 0.2296875 0.53359375 0.2265625 0.55 0.23828125 0.5640625 0.22421875 0.5640625 0.21015625 0.54921875 0.1765625 0.48828125 0.165625
0 0.6328125 0.25546875 0.6953125 0.25859375 0.696875 0.18046875 0.63671875 0.1765625 0.63125 0.19765625 0.6328125 0.25546875
0 0.76328125 0.596875 0.75546875 0.596875 0.746875 0.61796875 0.7515625 0.65234375 0.7453125 0.68046875 0.7453125 0.72890625 0.7546875 0.77890625 0.7640625 0.78984375 0.7765625 0.71484375 0.771875 0.66640625 0.775 0.61328125 0.76328125 0.596875
0 0.47734375 0.603125 0.45234375 0.60625 0.4375 0.62421875 0.43984375 0.640625 0.44453125 0.6296875 0.45078125 0.640625 0.471875 0.64921875 0.46875 0.74453125 0.4734375 0.74765625 0.48125 0.66640625 0.5 0.63203125 0.4953125 0.61171875 0.47734375 0.603125
0 0.34921875 0.8703125 0.3484375 0.91484375 0.35625 0.93046875 0.3703125 0.93984375 0.390625 0.91015625 0.3921875 0.89140625 0.37734375 0.86875 0.34921875 0.8703125
0 0.2484375 0.90859375 0.25 0.93203125 0.2625 0.95078125 0.2796875 0.92421875 0.2765625 0.89140625 0.26796875 0.8796875 0.2484375 0.90859375
0 0.140625 0.79921875 0.13359375 0.790625 0.12578125 0.7921875 0.096875 0.82734375 0.0890625 0.88828125 0.103125 0.89140625 0.11484375 0.875 0.1265625 0.86953125 0.1375 0.84765625 0.140625 0.79921875
0 0.15625 0.84296875 0.159375 0.86953125 0.1703125 0.87265625 0.1828125 0.85703125 0.17421875 0.8 0.159375 0.80859375 0.15625 0.84296875
0 0.1578125 0.66640625 0.1578125 0.79921875 0.1625 0.80703125 0.175 0.67109375 0.17109375 0.5984375 0.165625 0.60078125 0.1578125 0.66640625
0 0.2328125 0.54453125 0.25546875 0.49375 0.29609375 0.4890625 0.30625 0.46328125 0.33125 0.45390625 0.3375 0.39609375 0.35625 0.38046875 0.3625 0.36640625 0.3703125 0.20078125 0.3625 0.14453125 0.3625 0.05859375 0.36875 0.02265625 0.36484375 0 0.17734375 0.0015625 0.1703125 0.00390625 0.175 0.00859375 0.1609375 0.03671875 0.1578125 0.13046875 0.1640625 0.17421875 0.17734375 0.1921875 0.18046875 0.1890625 0.1890625 0.19609375 0.1828125 0.20703125 0.16875 0.30390625 0.16875 0.43984375 0.184375 0.52265625 0.20625 0.54140625 0.20390625 0.546875 0.2171875 0.55390625 0.21953125 0.546875 0.228125 0.54609375 0.22734375 0.540625 0.2328125 0.54453125
0 0.49375 0.82109375 0.490625 0.78203125 0.51015625 0.7796875 0.515625 0.76953125 0.5203125 0.65546875 0.5265625 0.62890625 0.51875 0.60078125 0.521875 0.50390625 0.5171875 0.48359375 0.509375 0.45234375 0.484375 0.43203125 0.46328125 0.3671875 0.4546875 0.36953125 0.453125 0.38828125 0.4390625 0.40703125 0.4390625 0.51640625 0.43125 0.54921875 0.4328125 0.58671875 0.4234375 0.61953125 0.4328125 0.77734375 0.4203125 0.89453125 0.425 0.90703125 0.43984375 0.9109375 0.4453125 0.92265625 0.4453125 0.96640625 0.4546875 0.99921875 0.475 0.99921875 0.4828125 0.94140625 0.4828125 0.88203125 0.4875 0.88203125 0.49375 0.82109375
0 0.5609375 0.13515625 0.56484375 0.1484375 0.59296875 0.1515625 0.6015625 0.13046875 0.58203125 0.1046875 0.54453125 0.084375 0.5328125 0.07109375 0.54609375 0.0515625 0.54921875 0.0765625 0.55390625 0.0640625 0.55703125 0.0703125 0.565625 0.06796875 0.553125 0.04140625 0.5515625 0.01953125 0.546875 0.01953125 0.54609375 0.03125 0.5421875 0.01953125 0.5375 0.02265625 0.55 0.01171875 0.54296875 0.003125 0.52890625 0.0015625 0.5328125 0.00859375 0.52109375 0.021875 0.49296875 0.0234375 0.46953125 0.0109375 0.45546875 0.009375 0.44765625 0.01875 0.44453125 0.0109375 0.43828125 0.0109375 0.4359375 0.03984375 0.428125 0.05546875 0.4328125 0.08671875 0.42890625 0.096875 0.4078125 0.09296875 0.4078125 0.06171875 0.4140625 0.05546875 0.403125 0.05390625 0.4046875 0.10078125 0.40859375 0.096875 0.4203125 0.10234375 0.4140625 0.14140625 0.415625 0.19765625 0.42109375 0.2015625 0.42265625 0.19375 0.44765625 0.190625 0.45625 0.21328125 0.453125 0.22109375 0.46171875 0.23125 0.53359375 0.2375 0.5515625 0.25390625 0.5734375 0.22265625 0.5671875 0.16015625 0.5609375 0.16328125 0.5609375 0.13515625
0 0.76171875 0 0.7625 0.02578125 0.75546875 0.034375 0.7484375 0.02734375 0.7515625 0.00078125 0.72734375 0 0.7203125 0.03984375 0.7015625 0.05234375 0.6796875 0.09609375 0.64453125 0.1171875 0.6359375 0.13046875 0.628125 0.26171875 0.65546875 0.265625 0.6609375 0.28203125 0.65625 0.33359375 0.65 0.34609375 0.64375 0.46796875 0.6515625 0.49140625 0.66015625 0.4921875 0.66171875 0.4984375 0.66953125 0.49375 0.6671875 0.50703125 0.6828125 0.51015625 0.6890625 0.50703125 0.690625 0.47890625 0.6953125 0.48203125 0.70703125 0.3796875 0.72578125 0.384375 0.73359375 0.3984375 0.7365010453124999 0.39871885156250003 0.7468890828125 0.3871765875 0.7428977265625 0.37819602343750003 0.7471590906250001 0.37819602343750003 0.7585227265625 0.38245742968749996 0.7741479 0.37819602343750003 0.767045628125 0.36257102343750003 0.7727272734375 0.36541193125000004 0.7741479 0.3597301140625 0.7741479 0.26455965937500003 0.84375 0.24765625 0.840625 0.21953125 0.8453125 0.21640625 0.8359375 0.15703125 0.840625 0.14609375 0.834375 0.14296875 0.834375 0.13359375 0.840625 0.13046875 0.8328125 0.12578125 0.8390625 0.11484375 0.83125 0.11015625 0.828125 0.09609375 0.82265625 0 0.76171875 0
0 0.61171875 0.6125 0.6046875 0.62265625 0.60625 0.64609375 0.6140625 0.65703125 0.6296875 0.64921875 0.6296875 0.62265625 0.62109375 0.6125 0.61171875 0.6125
0 0.534375 0.63515625 0.54375 0.64453125 0.56953125 0.6421875 0.5703125 0.61953125 0.53984375 0.615625 0.534375 0.63515625
0 0.55625 0.60546875 0.5625 0.44765625 0.575 0.40703125 0.5703125 0.38359375 0.55390625 0.3640625 0.54765625 0.3640625 0.5375 0.38046875 0.5296875 0.46953125 0.51875 0.50703125 0.521875 0.60078125 0.5171875 0.61640625 0.5234375 0.62421875 0.5265625 0.67734375 0.5421875 0.72265625 0.553125 0.65390625 0.575 0.63359375 0.5734375 0.62109375 0.55625 0.60546875
0 0.3046875 0.80703125 0.3046875 0.77109375 0.2890625 0.74765625 0.2890625 0.69921875 0.2828125 0.68515625 0.28125 0.63515625 0.2875 0.60390625 0.27265625 0.58125 0.26015625 0.584375 0.25 0.60078125 0.2484375 0.63984375 0.2421875 0.64765625 0.2421875 0.69765625 0.2171875 0.71015625 0.21875 0.75703125 0.2109375 0.79296875 0.215625 0.83203125 0.23203125 0.8484375 0.24140625 0.8515625 0.25546875 0.8421875 0.25625 0.85078125 0.2640625 0.85390625 0.2734375 0.84765625 0.284375 0.81171875 0.30078125 0.8203125 0.3046875 0.80703125
0 0.03828125 0.453125 0.03203125 0.446875 0.02734375 0.453125 0.00390625 0.453125 0 0.56328125 0.01484375 0.5671875 0.03515625 0.5609375 0.0484375 0.57109375 0.059375 0.54921875 0.0609375 0.45546875 0.04765625 0.45 0.03828125 0.453125
0 0 0.21796875 0.003125 0.23359375 0.009375 0.23671875 0.0046875 0.24765625 0.0203125 0.24765625 0.05234375 0.1484375 0.07109375 0.1484375 0.08671875 0.1703125 0.10390625 0.1796875 0.128125 0.17421875 0.1390625 0.05546875 0.1390625 0.01328125 0.13359375 0.0046875 0.10703125 0 0 0.00234375 0 0.21796875
0 0.853125 0.54296875 0.8515625 0.55703125 0.8625 0.58515625 0.8703125 0.58671875 0.884375 0.54921875 0.87421875 0.5390625 0.86015625 0.5375 0.853125 0.54296875
0 0.809375 0.64921875 0.8140625 0.63359375 0.80546875 0.6265625 0.803125 0.64296875 0.809375 0.64921875
0 0.796875 0.66484375 0.7984375 0.64765625 0.79296875 0.64375 0.7890625 0.65859375 0.796875 0.66484375
0 0.1390625 0.84296875 0.140625 0.79921875 0.13515625 0.790625 0.12578125 0.7921875 0.0984375 0.82265625 0.0890625 0.88671875 0.08359375 0.9 0.0734375 0.89921875 0.078125 0.94453125 0.071875 0.99765625 0.096875 0.99921875 0.103125 0.89765625 0.1125 0.87890625 0.1265625 0.86953125 0.1390625 0.84296875
0 0.065625 0.82265625 0.065625 0.85234375 0.0734375 0.86328125 0.0859375 0.70703125 0.0859375 0.63984375 0.08046875 0.621875 0.065625 0.82265625
0 0.134375 0.56171875 0.1375 0.57421875 0.1421875 0.57421875 0.1546875 0.52265625 0.15234375 0.50625 0.1453125 0.51484375 0.134375 0.56171875