0 0.328125 0.43359375 0.31328125 0.43125 0.31015625 0.4421875 0.28671875 0.4359375 0.27421875 0.4234375 0.24453125 0.4125 0.23046875 0.3953125 0.20703125 0.3875 0.1984375 0.36796875 0.203125 0.31484375 0.2375 0.29609375 0.2671875 0.23984375 0.26875 0.21640625 0.2515625 0.18515625 0.2515625 0.16328125 0.22109375 0.1375 0.18984375 0.146875 0.16953125 0.1296875 0.13671875 0.134375 0.12578125 0.1234375 0.09765625 0.115625 0.0953125 0.14140625 0.10390625 0.1546875 0.14296875 0.15 0.1546875 0.16171875 0.1515625 0.19453125 0.140625 0.20859375 0.1390625 0.23828125 0.1140625 0.26640625 0.10625 0.32109375 0.10625 0.37265625 0.121875 0.39609375 0.11875 0.41171875 0.1265625 0.43046875 0.1203125 0.44765625 0.1234375 0.46796875 0.13203125 0.4765625 0.284375 0.47890625 0.31796875 0.4765625 0.325 0.47109375 0.334375 0.45078125 0.328125 0.43359375
0 0.69375 0.26171875 0.72109375 0.228125 0.73125 0.22890625 0.740625 0.24296875 0.7421875 0.26328125 0.75234375 0.275 0.78359375 0.2828125 0.78828125 0.2890625 0.80078125 0.275 0.82109375 0.2734375 0.83046875 0.2796875 0.84453125 0.2734375 0.85 0.26328125 0.84375 0.25546875 0.8453125 0.23671875 0.853125 0.23203125 0.84375 0.22109375 0.8453125 0.15859375 0.85 0.15390625 0.84375 0.13828125 0.83203125 0.1265625 0.80078125 0.125 0.76640625 0.08125 0.74609375 0.0828125 0.7390625 0.09140625 0.7390625 0.10078125 0.759375 0.12578125 0.75390625 0.153125 0.74140625 0.1578125 0.68359375 0.1546875 0.65390625 0.1671875 0.60546875 0.19375 0.5984375 0.21328125 0.559375 0.24609375 0.559375 0.26640625 0.5859375 0.28203125 0.60546875 0.35 0.62109375 0.3515625 0.63671875 0.340625 0.65234375 0.35 0.671875 0.35234375 0.68125 0.34296875 0.6859375 0.32265625 0.68125 0.28828125 0.69375 0.26171875
0 0.56484375 0.1078125 0.56171875 0.1140625 0.5640625 0.10703125 0.55703125 0.1015625 0.5515625 0.10703125 0.55625 0.11015625 0.55390625 0.1203125 0.5421875 0.09296875 0.51171875 0.0640625 0.49296875 0.059375 0.484375 0.06796875 0.490625 0.08046875 0.4875 0.09453125 0.4734375 0.10546875 0.484375 0.13203125 0.52734375 0.14375 0.55390625 0.13125 0.55625 0.14296875 0.57265625 0.159375 0.5828125 0.16015625 0.5859375 0.15390625 0.5734375 0.13046875 0.575 0.11796875 0.56484375 0.1078125
0 0.54453125 0.365625 0.52109375 0.35625 0.5015625 0.32578125 0.48125 0.31328125 0.4828125 0.27578125 0.47265625 0.2625 0.4703125 0.36640625 0.484375 0.36796875 0.4890625 0.40078125 0.4859375 0.41640625 0.4734375 0.42578125 0.503125 0.42890625 0.54140625 0.428125 0.5625 0.40390625 0.5640625 0.39296875 0.54453125 0.365625
0 0.859375 0.33046875 0.859375 0.34140625 0.8765625 0.35078125 0.89375 0.33515625 0.8921875 0.31484375 0.88046875 0.309375 0.859375 0.33046875
0 0.8109375 0.33515625 0.80625 0.33203125 0.8109375 0.30859375 0.80234375 0.2984375 0.78515625 0.3 0.7640625 0.32421875 0.76875 0.33359375 0.759375 0.36015625 0.76953125 0.3671875 0.78125 0.36640625 0.7984375 0.35703125 0.790625 0.34609375 0.80390625 0.34375 0.8109375 0.33515625
0 0.90234375 0.2640625 0.9 0.36171875 0.91484375 0.3765625 0.928125 0.37734375 0.953125 0.34140625 0.9390625 0.30546875 0.9203125 0.29296875 0.90234375 0.2640625
0 0.6265625 0.34140625 0.63671875 0.3328125 0.6359375 0.33828125 0.6453125 0.34296875 0.63515625 0.346875 0.67265625 0.3546875 0.684375 0.33203125 0.6796875 0.29140625 0.665625 0.28671875 0.6796875 0.28359375 0.696875 0.24453125 0.6875 0.25078125 0.68203125 0.265625 0.6796875 0.24296875 0.67421875 0.25 0.6734375 0.24296875 0.665625 0.24140625 0.66796875 0.2296875 0.67421875 0.2375 0.68125 0.23046875 0.67890625 0.1828125 0.6765625 0.20234375 0.67109375 0.19375 0.6703125 0.20859375 0.665625 0.20859375 0.665625 0.17578125 0.6703125 0.17578125 0.67109375 0.1859375 0.67265625 0.165625 0.66796875 0.171875 0.65546875 0.16875 0.64453125 0.1796875 0.60859375 0.19375 0.6 0.21484375 0.5609375 0.24609375 0.5609375 0.26328125 0.56640625 0.2609375 0.56640625 0.2671875 0.5890625 0.27890625 0.5921875 0.29921875 0.5984375 0.30234375 0.5953125 0.31484375 0.603125 0.32265625 0.5953125 0.33046875 0.6046875 0.33359375 0.578125 0.34609375 0.56875 0.36171875 0.56875 0.38046875 0.57890625 0.39375 0.590625 0.39609375 0.6 0.41953125 0.60625 0.41953125 0.6171875 0.40546875 0.61875 0.35703125 0.6296875 0.34609375 0.6265625 0.34140625
0 1 0.22265625 0.97421875 0.2296875 0.94609375 0.21875 0.93046875 0.203125 0.925 0.21796875 0.9328125 0.23203125 0.921875 0.25234375 0.93828125 0.2515625 0.94609375 0.265625 0.96796875 0.2734375 0.990625 0.27265625 1 0.26640625 1 0.22265625
0 0.93046875 0 0.92578125 0.009375 0.89921875 0.009375 0.875 0.02421875 0.8984375 0.02734375 0.9 0.06796875 0.91484375 0.0734375 0.92890625 0.0578125 0.95546875 0.0515625 0.965625 0.03203125 0.97890625 0.0234375 0.99375 0.03828125 0.975 0.06328125 0.9765625 0.07421875 0.9875 0.07734375 1 0.06796875 0.99921875 0 0.93046875 0
0 0.80078125 0.05 0.78515625 0.0453125 0.775 0.07578125 0.7828125 0.10703125 0.80234375 0.128125 0.8453125 0.12890625 0.8609375 0.09140625 0.853125 0.03359375 0.82109375 0.0296875 0.80078125 0.05
0 0.959375 0.57109375 0.94453125 0.5625 0.9328125 0.56796875 0.9265625 0.61484375 0.90703125 0.6171875 0.9015625 0.63359375 0.903125 0.66171875 0.91484375 0.6703125 0.934375 0.67109375 0.96796875 0.665625 0.975 0.64765625 0.95625 0.59453125 0.959375 0.57109375
0 0.990625 0.82265625 0.9953125 0.80546875 0.96953125 0.7625 0.94609375 0.7609375 0.9375 0.78515625 0.9359375 0.87890625 0.9375 0.88984375 0.946875 0.88984375 0.95390625 0.8828125 0.98203125 0.8859375 0.9953125 0.85234375 0.990625 0.82265625
0 0.82890625 0.9078125 0.790625 0.92890625 0.7890625 0.94140625 0.796875 0.95390625 0.7890625 0.97734375 0.834375 0.97734375 0.853125 0.94140625 0.83125 0.93203125 0.8375 0.91171875 0.82890625 0.9078125
0 0.603125 0.91640625 0.6 0.93046875 0.6625 0.93359375 0.68125 0.90546875 0.65390625 0.8765625 0.61640625 0.9015625 0.603125 0.91640625
0 0.74765625 0.9109375 0.7265625 0.92578125 0.71875 0.95078125 0.72890625 0.96875 0.76875 0.97734375 0.7828125 0.97265625 0.7734375 0.93359375 0.76640625 0.915625 0.74765625 0.9109375
0 0.8375 0.91171875 0.83203125 0.9078125 0.80078125 0.91875 0.7890625 0.93515625 0.7953125 0.96015625 0.7859375 0.97734375 0.821875 0.97890625 0.8359375 0.97421875 0.8515625 0.94453125 0.8328125 0.92890625 0.8375 0.91171875
0 0.44296875 0.9171875 0.471875 0.90859375 0.4578125 0.86953125 0.4640625 0.85234375 0.4828125 0.83203125 0.4859375 0.80859375 0.47890625 0.7984375 0.46328125 0.8 0.4546875 0.77890625 0.45859375 0.771875 0.46640625 0.775 0.48203125 0.7578125 0.50390625 0.7609375 0.5140625 0.76953125 0.5234375 0.78515625 0.5234375 0.79453125 0.5140625 0.80078125 0.52109375 0.8125 0.53359375 0.821875 0.55703125 0.81875 0.57265625 0.85 0.58515625 0.8546875 0.5875 0.84765625 0.5875 0.69609375 0.54921875 0.684375 0.53828125 0.659375 0.51015625 0.6640625 0.47734375 0.6921875 0.43984375 0.6890625 0.4328125 0.68359375 0.43828125 0.675 0.44765625 0.6734375 0.45703125 0.68125 0.48125 0.65546875 0.48125 0.64296875 0.47421875 0.6234375 0.44765625 0.6328125 0.4078125 0.59296875 0.390625 0.53671875 0.40703125 0.5015625 0.43984375 0.4984375 0.45 0.48671875 0.33359375 0.4859375 0.321875 0.49765625 0.32890625 0.496875 0.346875 0.51328125 0.3515625 0.54140625 0.33828125 0.5625 0.32578125 0.55625 0.3046875 0.56640625 0.29765625 0.6015625 0.23828125 0.603125 0.20546875 0.625 0.19140625 0.6234375 0.16953125 0.63125 0.15703125 0.6484375 0.10703125 0.6453125 0.06015625 0.66875 0.053125 0.66328125 0.0546875 0.62421875 0.06328125 0.6109375 0.0765625 0.60703125 0.084375 0.58203125 0.1 0.57734375 0.1 0.55390625 0.0671875 0.51171875 0.06875 0.48671875 0.06015625 0.48125 0.03671875 0.4828125 0.028125 0.50078125 0.009375 0.51015625 0 0.53046875 0.0046875 0.56484375 0 0.62421875 0.009375 0.63203125 0.0140625 0.65703125 0.00625 0.70390625 0.0453125 0.72890625 0.046875 0.74453125 0.0578125 0.76171875 0.0546875 0.78828125 0.06796875 0.7984375 0.10390625 0.796875 0.11015625 0.8265625 0.15390625 0.8125 0.17421875 0.7875 0.18046875 0.7875 0.19921875 0.7921875 0.22421875 0.809375 0.27578125 0.8109375 0.31796875 0.840625 0.33828125 0.840625 0.35 0.86015625 0.340625 0.86953125 0.340625 0.87890625 0.3625 0.91796875 0.3671875 0.93828125 0.37734375 0.95 0.3875 0.95078125 0.3921875 0.93515625 0.41640625 0.915625 0.42890625 0.9109375 0.44296875 0.9171875
0 0.30234375 0.425 0.28984375 0.4328125 0.25234375 0.415625 0.22890625 0.39375 0.20859375 0.3859375 0.2 0.36640625 0.203125 0.31640625 0.2328125 0.30234375 0.265625 0.24296875 0.2671875 0.21171875 0.2515625 0.18671875 0.2515625 0.16328125 0.22265625 0.1375 0.18984375 0.146875 0.16328125 0.128125 0.13828125 0.134375 0.13046875 0.125 0.1109375 0.11796875 0.10078125 0.09375 0.08984375 0.09375 0.096875 0.10703125 0.096875 0.14921875 0.10390625 0.15625 0.14453125 0.1515625 0.153125 0.16015625 0.1546875 0.17578125 0.15 0.19609375 0.140625 0.20703125 0.1390625 0.23671875 0.1140625 0.26640625 0.103125 0.32734375 0.1046875 0.38515625 0.08671875 0.4140625 0.0609375 0.42421875 0.0578125 0.47578125 0.09921875 0.478125 0.11953125 0.471875 0.13203125 0.478125 0.26640625 0.478125 0.303125 0.49140625 0.3296875 0.46953125 0.3375 0.44765625 0.334375 0.43203125 0.30234375 0.425
0 0.29296875 0.0359375 0.26015625 0.0546875 0.2546875 0.06484375 0.259375 0.08515625 0.2875 0.10546875 0.3046875 0.07421875 0.321875 0.06171875 0.31015625 0.034375 0.29296875 0.0359375
0 0.00078125 0 0 0.06171875 0.03671875 0.05 0.04765625 0.053125 0.0609375 0.06015625 0.0609375 0.07109375 0.07265625 0.0859375 0.0828125 0.08671875 0.0859375 0.07109375 0.0640625 0.05234375 0.059375 0.02421875 0.01640625 0 0.00078125 0