0 0.4125 0.51640625 0.390625 0.48828125 0.384375 0.46484375 0.36953125 0.446875 0.3421875 0.43203125 0.32734375 0.39375 0.3046875 0.44296875 0.3234375 0.45390625 0.3265625 0.50078125 0.340625 0.51640625 0.334375 0.54609375 0.34375 0.55703125 0.3484375 0.58515625 0.37265625 0.6109375 0.384375 0.61328125 0.425 0.58515625 0.4296875 0.56015625 0.41875 0.54765625 0.4125 0.51640625
0 0.6296875 0.72265625 0.63125 0.73359375 0.6265625 0.73515625 0.62421875 0.725 0.6171875 0.73046875 0.6234375 0.74140625 0.615625 0.73984375 0.615625 0.75078125 0.6234375 0.75390625 0.61875 0.76171875 0.6328125 0.77421875 0.6375 0.72578125 0.6453125 0.71484375 0.64140625 0.7109375 0.6296875 0.72265625
0 0.52421875 0.4453125 0.51875 0.43203125 0.51015625 0.4296875 0.5140625 0.44296875 0.49375 0.44921875 0.515625 0.45546875 0.4921875 0.46328125 0.51015625 0.4734375 0.52578125 0.4671875 0.5390625 0.48359375 0.54375 0.48046875 0.5390625 0.44140625 0.53515625 0.446875 0.52421875 0.4453125
0 0.41484375 0.234375 0.3953125 0.23984375 0.3890625 0.26484375 0.3765625 0.27578125 0.3859375 0.33828125 0.3921875 0.35390625 0.4015625 0.35703125 0.4078125 0.35078125 0.4140625 0.31328125 0.4375 0.27578125 0.41484375 0.234375
0 0.4828125 0.10859375 0.45546875 0.075 0.44765625 0.075 0.434375 0.09453125 0.4390625 0.14921875 0.45625 0.18515625 0.47109375 0.1984375 0.484375 0.19765625 0.496875 0.18515625 0.5 0.15390625 0.4859375 0.13359375 0.4828125 0.10859375
0 0.54921875 0.2640625 0.49921875 0.2609375 0.48671875 0.2515625 0.47578125 0.259375 0.45859375 0.240625 0.446875 0.26484375 0.44375 0.29296875 0.4625 0.33046875 0.47578125 0.34375 0.4875 0.34609375 0.54921875 0.34375 0.55625 0.32734375 0.55625 0.28203125 0.54921875 0.2640625
0 0.4546875 0.55703125 0.44453125 0.55 0.42890625 0.55625 0.421875 0.54921875 0.4140625 0.51953125 0.3953125 0.49453125 0.390625 0.45859375 0.37265625 0.446875 0.36171875 0.453125 0.3625 0.44453125 0.34375 0.43515625 0.32734375 0.3953125 0.3078125 0.43671875 0.3125 0.44765625 0.325 0.45546875 0.3265625 0.50078125 0.340625 0.51640625 0.3359375 0.54609375 0.3484375 0.58671875 0.37265625 0.6109375 0.3859375 0.61328125 0.43828125 0.59375 0.4546875 0.57734375 0.4453125 0.56953125 0.4546875 0.55703125
0 0.6890625 0.37578125 0.6734375 0.33515625 0.6609375 0.32734375 0.6609375 0.30234375 0.64765625 0.2953125 0.63203125 0.275 0.60390625 0.30625 0.56953125 0.3 0.5671875 0.31171875 0.590625 0.33671875 0.60625 0.38828125 0.62421875 0.3921875 0.63125 0.40859375 0.6453125 0.41484375 0.6515625 0.41171875 0.66328125 0.38125 0.68359375 0.3953125 0.6890625 0.37578125
0 0.85625 0.48046875 0.78203125 0.475 0.7609375 0.55234375 0.7625 0.60859375 0.8328125 0.61328125 0.84453125 0.6125 0.8515625 0.59765625 0.8734375 0.57890625 0.85625 0.48046875
0 0.675 0.70234375 0.6796875 0.67734375 0.65703125 0.6421875 0.63046875 0.6375 0.57578125 0.6140625 0.56484375 0.61875 0.553125 0.59453125 0.54453125 0.590625 0.53125 0.61484375 0.53125 0.63359375 0.54375 0.64453125 0.55 0.67265625 0.578125 0.70390625 0.58125 0.73359375 0.6078125 0.78046875 0.6296875 0.78359375 0.6375 0.77265625 0.640625 0.72265625 0.65703125 0.7078125 0.675 0.70234375
0 0.1578125 0.19296875 0.14765625 0.1890625 0.13359375 0.196875 0.1203125 0.21640625 0.128125 0.25546875 0.15859375 0.278125 0.190625 0.29140625 0.19375 0.28671875 0.184375 0.26171875 0.1625 0.23671875 0.1578125 0.19296875
0 0.88359375 0.15625 0.8640625 0.12265625 0.85234375 0.1140625 0.828125 0.13203125 0.8265625 0.15390625 0.8484375 0.16953125 0.85625 0.19765625 0.8734375 0.20078125 0.88671875 0.1796875 0.9 0.19140625 0.9 0.16015625 0.88359375 0.15625
0 0.95234375 0.365625 0.94375 0.37421875 0.9421875 0.40078125 0.9515625 0.42265625 0.959375 0.42578125 0.9703125 0.41328125 0.9703125 0.39296875 0.9640625 0.37109375 0.95234375 0.365625
0 0.07578125 0.8640625 0.06796875 0.8640625 0.0609375 0.87421875 0.065625 0.88828125 0.06328125 0.8921875 0.06015625 0.88125 0.0546875 0.89609375 0.06640625 0.915625 0.075 0.91484375 0.0796875 0.88203125 0.0703125 0.88515625 0.078125 0.87265625 0.07578125 0.8640625
0 0.19140625 0.5671875 0.1734375 0.61015625 0.171875 0.63671875 0.18203125 0.646875 0.196875 0.64765625 0.215625 0.62578125 0.21875 0.60546875 0.203125 0.57265625 0.19140625 0.5671875
0 0.1484375 0.52421875 0.15 0.50390625 0.1703125 0.46953125 0.1734375 0.42421875 0.16171875 0.3953125 0.146875 0.40078125 0.14375 0.43046875 0.13125 0.46484375 0.12265625 0.46875 0.11015625 0.4625 0.075 0.48671875 0.078125 0.51171875 0.09140625 0.515625 0.096875 0.52578125 0.09375 0.59296875 0.109375 0.59765625 0.121875 0.58828125 0.1390625 0.55078125 0.134375 0.53515625 0.1484375 0.52421875
0 0.1703125 0.72734375 0.18125 0.69453125 0.17265625 0.6859375 0.15703125 0.69375 0.15078125 0.6875 0.14921875 0.6953125 0.140625 0.68828125 0.1390625 0.66015625 0.1296875 0.64921875 0.1375 0.63046875 0.13671875 0.6125 0.121875 0.61953125 0.11171875 0.6484375 0.10703125 0.6265625 0.1015625 0.62890625 0.10078125 0.640625 0.0859375 0.64453125 0.1015625 0.65546875 0.09609375 0.665625 0.0890625 0.65859375 0.07890625 0.6859375 0.0734375 0.67578125 0.06875 0.70078125 0.0765625 0.71015625 0.05625 0.73671875 0.065625 0.78359375 0.07734375 0.7984375 0.090625 0.80390625 0.121875 0.77890625 0.1359375 0.75390625 0.15703125 0.7328125 0.1703125 0.72734375
0 0.453125 0.99765625 0.515625 0.99921875 0.51875 0.97890625 0.49765625 0.96875 0.47890625 0.975 0.453125 0.99765625
0 0.5546875 0.69765625 0.559375 0.69140625 0.55234375 0.6796875 0.540625 0.68828125 0.5328125 0.71640625 0.525 0.72265625 0.53125 0.72578125 0.5328125 0.74921875 0.5421875 0.75390625 0.5578125 0.71953125 0.5546875 0.70703125 0.559375 0.70078125 0.5546875 0.69765625
0 0.571875 0.89140625 0.56875 0.85703125 0.5875 0.83359375 0.5890625 0.79765625 0.59609375 0.7953125 0.59765625 0.803125 0.60859375 0.7984375 0.61328125 0.8046875 0.6171875 0.78515625 0.59375 0.78046875 0.6 0.76953125 0.5796875 0.73359375 0.57734375 0.71875 0.5703125 0.72265625 0.575 0.72734375 0.5671875 0.76484375 0.5703125 0.77265625 0.5484375 0.79296875 0.5328125 0.84609375 0.5375 0.87421875 0.5484375 0.89609375 0.5515625 0.92734375 0.5453125 0.98359375 0.5546875 0.98828125 0.5625 0.98359375 0.56875 0.96171875 0.5578125 0.92890625 0.571875 0.89140625
0 0.4046875 0.80234375 0.4078125 0.76328125 0.3984375 0.74453125 0.4046875 0.73828125 0.3921875 0.73359375 0.39296875 0.71875 0.3703125 0.71796875 0.371875 0.70546875 0.36484375 0.696875 0.359375 0.70546875 0.365625 0.71015625 0.36328125 0.71875 0.30703125 0.715625 0.29921875 0.7203125 0.2984375 0.69609375 0.3046875 0.68828125 0.3125 0.64296875 0.29140625 0.6421875 0.2921875 0.65546875 0.28671875 0.6578125 0.2859375 0.64453125 0.26328125 0.628125 0.2546875 0.63984375 0.2609375 0.65234375 0.2578125 0.69140625 0.26015625 0.696875 0.26796875 0.69375 0.278125 0.69921875 0.25078125 0.7015625 0.24375 0.71484375 0.25234375 0.7234375 0.26484375 0.71875 0.27109375 0.70625 0.2734375 0.71171875 0.265625 0.71953125 0.26875 0.73828125 0.246875 0.76953125 0.2390625 0.82734375 0.27265625 0.8046875 0.28984375 0.8109375 0.31015625 0.7796875 0.334375 0.78203125 0.33046875 0.8015625 0.3390625 0.79765625 0.34921875 0.7796875 0.37421875 0.7828125 0.378125 0.78828125 0.359375 0.84765625 0.353125 0.88984375 0.37265625 0.890625 0.3984375 0.90546875 0.41875 0.87890625 0.4078125 0.83203125 0.3953125 0.82578125 0.4046875 0.80234375
0 0.61875 0.97734375 0.61875 0.98671875 0.62421875 0.9921875 0.63515625 0.9890625 0.63828125 1 0.6515625 0.99921875 0.6484375 0.95390625 0.63984375 0.94375 0.6359375 0.96015625 0.61875 0.97734375
0 0.67578125 0.8421875 0.69140625 0.8546875 0.7 0.82109375 0.7 0.72890625 0.68984375 0.7171875 0.6640625 0.74296875 0.6625 0.76171875 0.671875 0.77109375 0.6765625 0.78984375 0.65546875 0.8140625 0.64609375 0.7984375 0.6375 0.80078125 0.6359375 0.81171875 0.6390625 0.84140625 0.6453125 0.84921875 0.646875 0.88828125 0.65859375 0.8984375 0.6734375 0.89765625 0.6765625 0.88046875 0.659375 0.85234375 0.66796875 0.8421875 0.67578125 0.8421875
0 0.69296875 0.89375 0.68671875 0.89375 0.6765625 0.91015625 0.675 0.93828125 0.66875 0.94609375 0.671875 0.96171875 0.68515625 0.9578125 0.7015625 0.93515625 0.7015625 0.90390625 0.69296875 0.89375
0 0.74453125 0.8328125 0.72109375 0.8296875 0.70625 0.84140625 0.709375 0.88671875 0.71328125 0.8921875 0.7234375 0.89140625 0.7359375 0.86953125 0.75 0.86015625 0.7515625 0.83828125 0.74453125 0.8328125
0 0.8765625 0.95390625 0.87265625 0.9484375 0.84765625 0.9515625 0.84296875 0.9453125 0.83203125 0.946875 0.8375 0.98515625 0.85078125 0.9796875 0.85 0.98828125 0.8609375 0.99140625 0.865625 0.98828125 0.8609375 0.96484375 0.8515625 0.95703125 0.8765625 0.95390625
0 0.8671875 0.66484375 0.8703125 0.63359375 0.86328125 0.625 0.85 0.63671875 0.8484375 0.66015625 0.8421875 0.66953125 0.8421875 0.70078125 0.8515625 0.70703125 0.8640625 0.70234375 0.8609375 0.67578125 0.871875 0.67109375 0.8671875 0.66484375
0 0.859375 0.90703125 0.8453125 0.89296875 0.85703125 0.89375 0.86015625 0.8859375 0.87890625 0.89375 0.8875 0.89140625 0.884375 0.86796875 0.871875 0.86328125 0.878125 0.86171875 0.878125 0.85390625 0.86875 0.83203125 0.8703125 0.80703125 0.865625 0.80078125 0.8875 0.75703125 0.890625 0.73046875 0.90625 0.71640625 0.909375 0.68515625 0.9203125 0.66015625 0.9140625 0.63671875 0.91640625 0.60625 0.88515625 0.6109375 0.8796875 0.61796875 0.884375 0.63671875 0.88125 0.66171875 0.86875 0.68515625 0.8703125 0.72265625 0.8578125 0.72578125 0.8578125 0.73828125 0.846875 0.74921875 0.8484375 0.87421875 0.859375 0.87890625 0.85546875 0.8828125 0.8390625 0.88046875 0.84375 0.85859375 0.8359375 0.84765625 0.8421875 0.83671875 0.8328125 0.83203125 0.84375 0.82890625 0.84375 0.81953125 0.8375 0.81640625 0.8453125 0.80546875 0.834375 0.80078125 0.84375 0.79140625 0.8375 0.78671875 0.84375 0.77265625 0.8359375 0.76953125 0.8421875 0.76484375 0.8359375 0.75078125 0.840625 0.74453125 0.834375 0.73828125 0.8359375 0.65078125 0.83203125 0.64375 0.81875 0.64765625 0.81953125 0.61875 0.8140625 0.61953125 0.81328125 0.65 0.803125 0.63984375 0.8078125 0.63828125 0.809375 0.62109375 0.7921875 0.61953125 0.7921875 0.64765625 0.7984375 0.65390625 0.80078125 0.678125 0.809375 0.67265625 0.809375 0.65546875 0.8171875 0.65859375 0.80625 0.70703125 0.815625 0.80078125 0.8140625 0.88984375 0.821875 0.92265625 0.8328125 0.92578125 0.8296875 0.93828125 0.84375 0.93984375 0.8453125 0.92578125 0.8578125 0.92265625 0.8453125 0.91015625 0.859375 0.90703125
0 0.93828125 0.3171875 0.93046875 0.31875 0.921875 0.33359375 0.9265625 0.35859375 0.940625 0.36640625 0.94140625 0.375 0.9671875 0.37421875 0.96171875 0.3640625 0.946875 0.36015625 0.9484375 0.32578125 0.93828125 0.3171875
0 1 0.26015625 0.97734375 0.25625 0.96171875 0.2609375 0.95390625 0.25625 0.9484375 0.26640625 0.95 0.29296875 0.9859375 0.33046875 0.9875 0.38515625 0.98046875 0.396875 0.9734375 0.39296875 0.9703125 0.41953125 0.96640625 0.415625 0.9515625 0.42421875 0.9546875 0.44921875 0.9484375 0.46796875 0.9546875 0.48515625 0.9546875 0.51640625 0.940625 0.51796875 0.940625 0.53359375 0.959375 0.53828125 0.95 0.55703125 0.953125 0.57109375 0.94921875 0.578125 0.93359375 0.5828125 0.92578125 0.596875 0.925 0.56796875 0.90078125 0.5328125 0.878125 0.54140625 0.8765625 0.56484375 0.87890625 0.575 0.89609375 0.56875 0.9078125 0.57734375 0.90703125 0.6015625 0.92578125 0.5984375 0.94140625 0.60625 0.94921875 0.590625 0.965625 0.60078125 0.975 0.62890625 0.975 0.67578125 0.990625 0.68203125 1 0.66953125 1 0.26015625
0 0.403125 0.41484375 0.409375 0.38046875 0.42421875 0.353125 0.4140625 0.35859375 0.40859375 0.371875 0.39765625 0.3640625 0.3875 0.38046875 0.378125 0.44765625 0.39375 0.47578125 0.403125 0.44765625 0.421875 0.43359375 0.4203125 0.42109375 0.403125 0.41484375
0 0.52265625 0.434375 0.51875 0.42109375 0.534375 0.38203125 0.49765625 0.375 0.48828125 0.346875 0.47421875 0.3453125 0.47109375 0.35625 0.46796875 0.346875 0.46328125 0.35625 0.45625 0.35703125 0.465625 0.36171875 0.45234375 0.3625 0.4453125 0.37109375 0.4578125 0.46015625 0.46875 0.46328125 0.48671875 0.40625 0.4921875 0.42421875 0.4875 0.45859375 0.49375 0.48203125 0.50546875 0.4875 0.52265625 0.5109375 0.534375 0.51171875 0.546875 0.47265625 0.5421875 0.44140625 0.53671875 0.4328125 0.52265625 0.434375
0 0.471875 0.58203125 0.484375 0.56953125 0.48125 0.54453125 0.4875 0.51953125 0.48203125 0.5125 0.45703125 0.5265625 0.43125 0.56015625 0.4296875 0.58828125 0.44140625 0.5796875 0.4546875 0.59296875 0.46875 0.62890625 0.48125 0.61328125 0.46875 0.60859375 0.48125 0.60078125 0.471875 0.58203125
0 0.64296875 0.5171875 0.6390625 0.52734375 0.6421875 0.55390625 0.6375 0.56171875 0.6484375 0.56484375 0.65625 0.54765625 0.65625 0.52109375 0.65078125 0.515625 0.64296875 0.5171875
0 0.5671875 0.43515625 0.56875 0.46640625 0.575 0.48359375 0.58125 0.48515625 0.5875 0.47421875 0.5890625 0.42890625 0.58359375 0.4171875 0.5671875 0.43515625
0 0.61171875 0.453125 0.6140625 0.46015625 0.590625 0.47578125 0.584375 0.53359375 0.59140625 0.5453125 0.5984375 0.54453125 0.6171875 0.52421875 0.6125 0.46953125 0.62890625 0.446875 0.61171875 0.453125