0 0.55 0.00078125 0.50546875 0 0.503125 0.03359375 0.5109375 0.07890625 0.50625 0.09921875 0.5078125 0.32578125 0.5140625 0.38671875 0.528125 0.39140625 0.5421875 0.38359375 0.5453125 0.36328125 0.5421875 0.25546875 0.55 0.00078125
0 0.6625 0.19609375 0.6546875 0.31640625 0.659375 0.33984375 0.66953125 0.35 0.68125 0.34921875 0.6859375 0.34140625 0.6859375 0.00078125 0.65703125 0 0.6625 0.19609375
0 0.64375 0.35703125 0.646875 0.37421875 0.6171875 0.42265625 0.6171875 0.44140625 0.6546875 0.46484375 0.675 0.45546875 0.69375 0.41953125 0.66015625 0.3453125 0.64375 0.35703125
0 0.5125 0.40078125 0.50078125 0.3890625 0.46953125 0.4015625 0.4546875 0.41953125 0.453125 0.43359375 0.46171875 0.4390625 0.47578125 0.434375 0.49296875 0.4390625 0.5 0.46171875 0.52734375 0.484375 0.5375 0.48515625 0.5421875 0.46640625 0.528125 0.41796875 0.5140625 0.41171875 0.5125 0.40078125
0 0.5515625 0.40078125 0.5890625 0.44296875 0.5984375 0.42109375 0.5890625 0.38515625 0.56953125 0.3796875 0.5515625 0.40078125
0 0.58515625 0.3828125 0.57265625 0.38125 0.55390625 0.390625 0.54375 0.38203125 0.54375 0.28984375 0.5375 0.26328125 0.54375 0.23515625 0.53359375 0.234375 0.5328125 0.21953125 0.5203125 0.21640625 0.53359375 0.209375 0.54140625 0.2140625 0.54375 0.20546875 0.53828125 0.2015625 0.53359375 0.2078125 0.53125 0.20234375 0.53125 0.16640625 0.53359375 0.1484375 0.54140625 0.16875 0.54375 0.15859375 0.5484375 0.00390625 0.50859375 0 0.50625 0.03984375 0.5125 0.07109375 0.5125 0.16171875 0.5171875 0.16953125 0.5125 0.17890625 0.51953125 0.1828125 0.52578125 0.175 0.5296875 0.18515625 0.5125 0.18828125 0.51640625 0.2 0.528125 0.20078125 0.5140625 0.20390625 0.5171875 0.24921875 0.5109375 0.26015625 0.5171875 0.26328125 0.509375 0.26640625 0.509375 0.27578125 0.515625 0.27890625 0.509375 0.28984375 0.515625 0.29453125 0.5109375 0.31953125 0.5171875 0.37421875 0.51328125 0.390625 0.48203125 0.39375 0.453125 0.42421875 0.45703125 0.4375 0.46796875 0.44375 0.48359375 0.4390625 0.4953125 0.45546875 0.4921875 0.57734375 0.4984375 0.60859375 0.4859375 0.83984375 0.49375 0.89453125 0.4890625 0.91953125 0.4921875 0.99921875 0.5828125 0.99921875 0.590625 0.70546875 0.5890625 0.48671875 0.596875 0.41484375 0.58515625 0.3828125
0 0.6859375 0.40859375 0.665625 0.35078125 0.65859375 0.3453125 0.6421875 0.35703125 0.6453125 0.37265625 0.634375 0.38359375 0.6171875 0.42109375 0.6171875 0.44140625 0.6421875 0.46171875 0.640625 0.98359375 0.64296875 1 0.665625 0.99921875 0.675 0.79921875 0.671875 0.46640625 0.69375 0.41484375 0.6859375 0.40859375
0 0.91796875 0.8953125 0.9203125 0.92265625 0.925 0.92265625 0.92734375 0.909375 0.93046875 0.925 0.9375 0.89140625 0.934375 0.49296875 0.93125 0.42578125 0.92578125 0.4203125 0.90234375 0.4203125 0.8921875 0.43046875 0.890625 0.85234375 0.8828125 0.90703125 0.8875 0.91484375 0.8890625 0.99296875 0.89375 0.99921875 0.89375 0.91328125 0.90234375 0.9046875 0.91640625 0.9078125 0.91796875 0.8953125
0 0.93515625 0.3921875 0.86953125 0.39375 0.83828125 0.3875 0.82265625 0.371875 0.81328125 0.371875 0.78515625 0.390625 0.76015625 0.3921875 0.73671875 0.3796875 0.7 0.39453125 0.7 0.40859375 0.70703125 0.4140625 0.9171875 0.41953125 0.99921875 0.41875 1 0.40390625 0.96015625 0.4015625 0.93515625 0.3921875
0 0.01640625 0.4 0.0078125 0.40390625 0.003125 0.47265625 0.003125 0.63671875 0.0078125 0.72890625 0.0125 0.73515625 0.0203125 0.69453125 0.021875 0.62578125 0.0234375 0.40703125 0.01640625 0.4
0 0.0703125 0.46640625 0.078125 0.43046875 0.0765625 0.40859375 0.06328125 0.403125 0.046875 0.40703125 0.0453125 0.58515625 0.0484375 0.60078125 0.05625 0.60078125 0.0625 0.58671875 0.0640625 0.52734375 0.071875 0.50703125 0.0703125 0.46640625
0 0.32109375 0.6171875 0.315625 0.62578125 0.3125 0.67109375 0.3140625 0.87421875 0.3234375 0.88515625 0.33125 0.83828125 0.3359375 0.64140625 0.3328125 0.62265625 0.32109375 0.6171875
0 0.93125 0.42890625 0.92265625 0.421875 0.89765625 0.4234375 0.8921875 0.43515625 0.890625 0.85390625 0.88125 0.90390625 0.8875 0.92578125 0.890625 0.99921875 0.93125 0.99921875 0.9390625 0.82734375 0.9328125 0.74140625 0.934375 0.48359375 0.93125 0.42890625
0 0.94296875 0.425 0.9421875 0.46484375 0.96171875 0.4703125 0.97734375 0.4609375 0.9828125 0.46953125 0.9984375 0.46328125 0.9984375 0.42109375 0.96953125 0.41875 0.94296875 0.425
0 0.76953125 0.4546875 0.79296875 0.4546875 0.79609375 0.4625 0.82109375 0.4671875 0.82890625 0.4609375 0.840625 0.47421875 0.85234375 0.4203125 0.82109375 0.415625 0.765625 0.41953125 0.76953125 0.4546875
0 0.984375 0.58515625 0.9875 0.60078125 1 0.60703125 0.9984375 0.50390625 0.98984375 0.5 0.984375 0.52265625 0.984375 0.58515625