0 0.4921875 0.35078125 0.4875 0.30703125 0.4671875 0.27578125 0.446875 0.26640625 0.4453125 0.24296875 0.425 0.20078125 0.421875 0.17578125 0.440625 0.15546875 0.4296875 0.09765625 0.42109375 0.084375 0.41484375 0.084375 0.40390625 0.109375 0.38828125 0.1109375 0.37265625 0.0953125 0.3609375 0.11015625 0.3515625 0.14921875 0.36171875 0.1578125 0.38046875 0.1609375 0.384375 0.17109375 0.371875 0.21640625 0.36484375 0.2234375 0.34921875 0.228125 0.34375 0.21328125 0.33125 0.20546875 0.31875 0.17265625 0.31015625 0.1703125 0.29921875 0.19375 0.27421875 0.1953125 0.2765625 0.20078125 0.26953125 0.2015625 0.2734375 0.18828125 0.26796875 0.1859375 0.26015625 0.2015625 0.25234375 0.203125 0.246875 0.19609375 0.246875 0.20390625 0.265625 0.21796875 0.25625 0.22578125 0.25703125 0.240625 0.2421875 0.23984375 0.2546875 0.25234375 0.2515625 0.27734375 0.2640625 0.27734375 0.2625 0.29921875 0.27578125 0.3125 0.28359375 0.30625 0.296875 0.30859375 0.2921875 0.35078125 0.30234375 0.35625 0.31953125 0.34375 0.3375 0.38203125 0.35234375 0.396875 0.37109375 0.3953125 0.39296875 0.434375 0.425 0.43828125 0.43671875 0.421875 0.45234375 0.425 0.46875 0.41328125 0.4921875 0.35078125
0 0.640625 0.42265625 0.61875 0.36796875 0.603125 0.35390625 0.6015625 0.33515625 0.58984375 0.3296875 0.5875 0.34609375 0.5546875 0.39765625 0.5390625 0.44453125 0.5234375 0.46171875 0.5171875 0.50390625 0.525 0.55078125 0.5515625 0.59140625 0.57734375 0.59375 0.58984375 0.60625 0.6046875 0.60546875 0.609375 0.58046875 0.6265625 0.56328125 0.6375 0.53046875 0.640625 0.42265625
0 0.55859375 0.2578125 0.55546875 0.25 0.55 0.25234375 0.55234375 0.265625 0.57734375 0.2609375 0.5984375 0.23984375 0.6078125 0.22109375 0.6078125 0.18984375 0.59609375 0.1734375 0.58125 0.16796875 0.5796875 0.15546875 0.62109375 0.15 0.6375 0.12734375 0.6390625 0.10078125 0.6328125 0.08671875 0.58984375 0.0765625 0.58671875 0.0671875 0.51796875 0.06875 0.509375 0.07578125 0.5171875 0.09296875 0.5140625 0.11640625 0.5375 0.14765625 0.534375 0.18203125 0.515625 0.20078125 0.5234375 0.23046875 0.515625 0.23671875 0.52578125 0.2375 0.528125 0.24765625 0.5109375 0.24609375 0.515625 0.26328125 0.53125 0.26640625 0.53125 0.24453125 0.55703125 0.21875 0.5625 0.24765625 0.55859375 0.2578125
0 0.1359375 0.29296875 0.14609375 0.3046875 0.1640625 0.30703125 0.1765625 0.28046875 0.15546875 0.25625 0.14921875 0.25625 0.1359375 0.29296875
0 0.378125 0.78671875 0.371875 0.71484375 0.3546875 0.70078125 0.353125 0.68671875 0.33828125 0.6625 0.30703125 0.690625 0.29609375 0.6921875 0.2890625 0.71015625 0.2890625 0.73671875 0.3 0.78359375 0.3015625 0.85234375 0.309375 0.86328125 0.3125 0.91171875 0.32265625 0.91875 0.334375 0.91796875 0.3546875 0.90234375 0.35625 0.84453125 0.3703125 0.82109375 0.378125 0.78671875
0 0.10859375 1 0.11484375 0.984375 0.12734375 1 0.15625 0.99921875 0.159375 0.96953125 0.15 0.91484375 0.16953125 0.9078125 0.1796875 0.89453125 0.178125 0.88515625 0.1640625 0.87421875 0.165625 0.86015625 0.18203125 0.8453125 0.2015625 0.86015625 0.21640625 0.9140625 0.2296875 0.90390625 0.228125 0.88671875 0.23984375 0.8625 0.2484375 0.86484375 0.2515625 0.88984375 0.26328125 0.8953125 0.275 0.86796875 0.29921875 0.853125 0.309375 0.86953125 0.3140625 0.91484375 0.34609375 0.915625 0.35703125 0.9328125 0.3671875 0.92265625 0.359375 0.89765625 0.3578125 0.84609375 0.378125 0.78828125 0.371875 0.71953125 0.3578125 0.70390625 0.33828125 0.6640625 0.30859375 0.6875 0.290625 0.68828125 0.28125 0.66328125 0.296875 0.64453125 0.2984375 0.63203125 0.29140625 0.6234375 0.26328125 0.6296875 0.23359375 0.6109375 0.20390625 0.6109375 0.18125 0.62734375 0.1796875 0.64921875 0.1859375 0.66015625 0.1640625 0.73828125 0.13984375 0.7640625 0.13046875 0.753125 0.121875 0.76171875 0.1171875 0.83515625 0.1109375 0.83671875 0.10234375 0.8546875 0.09296875 0.85 0.0828125 0.85703125 0.0875 0.89765625 0.071875 0.90859375 0.06875 0.93359375 0.06015625 0.9359375 0.046875 0.95546875 0.046875 0.96796875 0.06328125 0.98125 0.07890625 0.9796875 0.08671875 0.96875 0.09609375 0.96875 0.09921875 1 0.10859375 1
0 0.66171875 0.8140625 0.6484375 0.81015625 0.6484375 0.78515625 0.62734375 0.771875 0.615625 0.78046875 0.6125 0.79765625 0.6265625 0.80390625 0.63125 0.82578125 0.60625 0.87109375 0.603125 0.89140625 0.61953125 0.9203125 0.6765625 0.92578125 0.6875 0.91484375 0.684375 0.85546875 0.671875 0.82578125 0.66171875 0.8140625
0 0.590625 0.92265625 0.596875 0.88203125 0.5921875 0.86796875 0.56484375 0.8390625 0.5578125 0.84765625 0.5546875 0.88671875 0.53671875 0.8890625 0.5203125 0.91328125 0.5296875 0.94140625 0.5234375 0.97421875 0.54453125 1 0.5859375 0.99921875 0.5890625 0.98203125 0.5828125 0.97265625 0.5953125 0.95703125 0.590625 0.92265625
0 0.7828125 0.88828125 0.759375 0.87421875 0.7546875 0.81484375 0.74296875 0.803125 0.72734375 0.81875 0.69453125 0.8203125 0.6875 0.83515625 0.690625 0.89453125 0.715625 0.91484375 0.7296875 0.95703125 0.740625 0.96015625 0.75 0.91484375 0.77109375 0.9171875 0.7828125 0.90234375 0.7828125 0.88828125
0 0.86015625 0.68125 0.87890625 0.69375 0.903125 0.66640625 0.9125 0.63515625 0.88671875 0.590625 0.87421875 0.5875 0.86875 0.61015625 0.8640625 0.60859375 0.8609375 0.57421875 0.83515625 0.553125 0.8265625 0.56484375 0.825 0.58046875 0.80625 0.60546875 0.8015625 0.65859375 0.8078125 0.69453125 0.8 0.71484375 0.80859375 0.7203125 0.81796875 0.7109375 0.82421875 0.7125 0.8359375 0.72265625 0.84375 0.75078125 0.85703125 0.7609375 0.865625 0.76015625 0.871875 0.74921875 0.85625 0.71171875 0.8546875 0.68671875 0.86015625 0.68125
0 0.7796875 0.41640625 0.78203125 0.396875 0.79921875 0.3984375 0.8046875 0.39296875 0.8046875 0.37578125 0.7953125 0.33359375 0.76953125 0.30625 0.76328125 0.30625 0.74296875 0.3109375 0.7375 0.31953125 0.721875 0.35859375 0.721875 0.39140625 0.7390625 0.42890625 0.7328125 0.46328125 0.7734375 0.48359375 0.78125 0.46796875 0.771875 0.45390625 0.7671875 0.42578125 0.7796875 0.41640625
0 0.79609375 0.0375 0.77890625 0.03125 0.7171875 0.03359375 0.7203125 0.16171875 0.73046875 0.1734375 0.740625 0.17265625 0.825 0.16640625 0.82421875 0.0328125 0.80859375 0.03125 0.79609375 0.0375
0 0.98203125 0.0140625 0.91015625 0.0140625 0.90625 0.15546875 0.9140625 0.22421875 0.92890625 0.2515625 0.9515625 0.25234375 0.96953125 0.2484375 0.9859375 0.22109375 0.9875 0.01953125 0.98203125 0.0140625
0 0.6359375 0.56171875 0.640625 0.50390625 0.640625 0.41953125 0.634375 0.40390625 0.640625 0.37578125 0.6171875 0.33515625 0.6265625 0.31015625 0.634375 0.25390625 0.6203125 0.22734375 0.609375 0.22890625 0.6140625 0.26796875 0.609375 0.30703125 0.58046875 0.315625 0.5859375 0.28359375 0.5734375 0.27578125 0.5734375 0.23515625 0.56953125 0.2328125 0.56484375 0.240625 0.55390625 0.2265625 0.53984375 0.225 0.54375 0.21953125 0.53828125 0.2125 0.5375 0.22421875 0.53046875 0.228125 0.52265625 0.21875 0.51796875 0.2234375 0.51015625 0.2203125 0.50625 0.22890625 0.5109375 0.23203125 0.5046875 0.23671875 0.5140625 0.24765625 0.5078125 0.25234375 0.51484375 0.2546875 0.51953125 0.246875 0.521875 0.25703125 0.515625 0.26015625 0.51953125 0.265625 0.51484375 0.2609375 0.50625 0.26796875 0.51484375 0.2734375 0.51953125 0.26875 0.515625 0.27578125 0.5203125 0.27890625 0.51015625 0.28125 0.5 0.30234375 0.48984375 0.309375 0.4671875 0.27421875 0.446875 0.26171875 0.4453125 0.23984375 0.425 0.19140625 0.421875 0.17265625 0.4375 0.16484375 0.4390625 0.15390625 0.42421875 0.0890625 0.41640625 0.171875 0.415625 0.12578125 0.4078125 0.12421875 0.4125 0.11015625 0.39296875 0.1125 0.37421875 0.096875 0.3703125 0.10703125 0.3640625 0.10703125 0.353125 0.14921875 0.36171875 0.1578125 0.38515625 0.1578125 0.390625 0.16953125 0.371875 0.21640625 0.35390625 0.2265625 0.31640625 0.1703125 0.31171875 0.16875 0.28984375 0.19375 0.2640625 0.15234375 0.2578125 0.15546875 0.26015625 0.1484375 0.25 0.16328125 0.25 0.14453125 0.25625 0.14609375 0.2578125 0.12578125 0.2640625 0.11796875 0.2640625 0.11015625 0.26015625 0.1140625 0.25546875 0.103125 0.25234375 0.121875 0.24765625 0.109375 0.24609375 0.1203125 0.2296875 0.12578125 0.2390625 0.16328125 0.24140625 0.1578125 0.246875 0.16171875 0.24453125 0.1703125 0.2375 0.16953125 0.2375 0.17734375 0.2453125 0.18515625 0.2484375 0.20859375 0.24375 0.22265625 0.2265625 0.23203125 0.2125 0.27109375 0.2375 0.29296875 0.23984375 0.303125 0.24296875 0.2953125 0.25703125 0.296875 0.26796875 0.3125 0.2890625 0.32265625 0.29453125 0.3578125 0.32109375 0.353125 0.34609375 0.3953125 0.3765625 0.40390625 0.3953125 0.43984375 0.3875 0.45234375 0.39296875 0.465625 0.42421875 0.4625 0.43515625 0.4390625 0.43984375 0.446875 0.44609375 0.4390625 0.46015625 0.4390625 0.4625 0.45546875 0.4484375 0.48203125 0.45703125 0.5046875 0.48203125 0.490625 0.5 0.46328125 0.5 0.47421875 0.50625 0.47890625 0.5 0.48671875 0.50625 0.49765625 0.5015625 0.50859375 0.5125 0.52890625 0.4859375 0.53671875 0.490625 0.54453125 0.484375 0.55390625 0.49375 0.55703125 0.48671875 0.565625 0.49453125 0.565625 0.49765625 0.5546875 0.50234375 0.5609375 0.51484375 0.55 0.55234375 0.59375 0.58828125 0.60625 0.6046875 0.60546875 0.6140625 0.58203125 0.625 0.57578125 0.62734375 0.5640625 0.6359375 0.56171875