0 0.61171875 0.728125 0.6203125 0.71953125 0.6203125 0.06640625 0.61328125 0.0484375 0.50703125 0.0515625 0.46640625 0.0703125 0.38984375 0.08125 0.35234375 0.0953125 0.3328125 0.11796875 0.325 0.13984375 0.3125 0.19296875 0.3140625 0.21171875 0.2984375 0.25546875 0.303125 0.32109375 0.3 0.42109375 0.309375 0.50703125 0.315625 0.50703125 0.31875 0.56953125 0.34375 0.69296875 0.36875 0.73828125 0.38671875 0.753125 0.4046875 0.75703125 0.42109375 0.7515625 0.44140625 0.7328125 0.54765625 0.7359375 0.61171875 0.728125
0 0.2734375 0.33828125 0.278125 0.31484375 0.26015625 0.315625 0.25625 0.29921875 0.2625 0.29140625 0.23671875 0.2859375 0.13359375 0.296875 0.11015625 0.3015625 0.09765625 0.3125 0.07890625 0.3078125 0.0515625 0.32265625 0.05546875 0.3609375 0.10390625 0.35625 0.13515625 0.365625 0.175 0.36484375 0.20703125 0.3625 0.22421875 0.3515625 0.25234375 0.3609375 0.2734375 0.33828125
0 0.315625 0.67109375 0.3265625 0.66015625 0.3234375 0.60234375 0.315625 0.56484375 0.309375 0.56328125 0.29921875 0.53125 0.26953125 0.53125 0.26953125 0.525 0.2625 0.52578125 0.26484375 0.53125 0.25390625 0.53125 0.24765625 0.51875 0.24140625 0.5265625 0.20078125 0.5234375 0.18515625 0.5296875 0.17109375 0.5234375 0.14765625 0.5328125 0.10234375 0.5328125 0.10390625 0.5390625 0.0796875 0.54921875 0.0765625 0.56953125 0.10546875 0.653125 0.12265625 0.6640625 0.12578125 0.659375 0.13828125 0.665625 0.14296875 0.6609375 0.15234375 0.6671875 0.15859375 0.6578125 0.18046875 0.665625 0.21484375 0.6625 0.21875 0.67265625 0.209375 0.67890625 0.21953125 0.6875 0.253125 0.68671875 0.25859375 0.68125 0.3234375 0.67890625 0.3234375 0.67109375 0.315625 0.67109375
0 0.70234375 0.0078125 0.69765625 0.0171875 0.68671875 0.00625 0.6734375 0.01796875 0.6828125 0.20546875 0.6765625 0.49609375 0.68515625 0.5046875 0.69140625 0.4984375 0.7015625 0.50390625 0.703125 0.53046875 0.7125 0.43984375 0.7140625 0.18359375 0.7046875 0.01484375 0.70234375 0.0078125
0 0.7109375 0.53984375 0.70703125 0.4859375 0.70390625 0.5 0.6734375 0.50546875 0.65 0.73515625 0.6234375 0.81640625 0.6234375 0.84296875 0.6328125 0.84453125 0.6640625 0.82265625 0.6890625 0.74609375 0.696875 0.62109375 0.7109375 0.53984375
0 0.98515625 0.0234375 0.97578125 0.0109375 0.96875 0.01171875 0.9671875 0.02578125 0.94921875 0.05 0.93359375 0.0515625 0.92421875 0.0515625 0.921875 0.03984375 0.90859375 0.034375 0.85703125 0.0484375 0.83984375 0.0421875 0.81328125 0.01875 0.76640625 0.028125 0.7546875 0.05234375 0.73671875 0.059375 0.725 0.08203125 0.72734375 0.1109375 0.74609375 0.1078125 0.76328125 0.1140625 0.771875 0.11015625 0.77265625 0.1 0.77734375 0.1078125 0.78203125 0.1 0.85546875 0.1 0.859375 0.08671875 0.86640625 0.084375 0.87109375 0.0953125 0.87421875 0.084375 0.88359375 0.084375 0.88828125 0.0984375 0.88984375 0.0859375 0.89453125 0.0921875 0.89921875 0.084375 0.91328125 0.084375 0.91484375 0.078125 0.91796875 0.0859375 0.94765625 0.084375 0.94921875 0.0921875 0.95234375 0.084375 0.96171875 0.0859375 0.9984375 0.12578125 1 0.03671875 0.9921875 0.03203125 0.990625 0.01953125 0.98515625 0.0234375
0 0.49375 0.89453125 0.5421875 0.84921875 0.5546875 0.82421875 0.5625 0.79296875 0.55703125 0.740625 0.44453125 0.734375 0.415625 0.76484375 0.4140625 0.81484375 0.4359375 0.87734375 0.428125 0.91171875 0.4828125 0.91640625 0.4890625 0.91484375 0.49140625 0.903125 0.496875 0.90546875 0.49375 0.89453125
0 0.39375 0.93046875 0.384375 0.96328125 0.38828125 1 0.51875 0.99921875 0.4953125 0.95390625 0.46171875 0.91875 0.41171875 0.9125 0.39375 0.93046875
0 0.17734375 0.153125 0.20390625 0.15625 0.21171875 0.1484375 0.22109375 0.1546875 0.23828125 0.1484375 0.24296875 0.1390625 0.24765625 0.1421875 0.25859375 0.125 0.26796875 0.1359375 0.27734375 0.13125 0.28203125 0.1390625 0.28984375 0.13125 0.29609375 0.1328125 0.29921875 0.146875 0.30703125 0.1390625 0.31328125 0.14375 0.321875 0.12109375 0.3203125 0.10546875 0.27734375 0.103125 0.23671875 0.1203125 0.09921875 0.1375 0.0875 0.14609375 0.096875 0.15390625 0.09375 0.16484375 0.1 0.16484375 0.15859375 0.1640625 0.16953125 0.15625 0.17734375 0.159375 0.17734375 0.153125
0 0.73046875 0.2734375 0.725 0.27734375 0.7265625 0.31484375 0.73203125 0.321875 0.746875 0.32109375 0.7578125 0.31171875 0.75625 0.28046875 0.75234375 0.275 0.73046875 0.2734375
0 0.75390625 0.1125 0.74453125 0.109375 0.721875 0.11953125 0.725 0.16015625 0.740625 0.16640625 0.75390625 0.1640625 0.759375 0.15546875 0.7609375 0.12421875 0.75390625 0.1125
0 0.734375 0.48359375 0.74140625 0.4921875 0.7578125 0.49453125 0.7625 0.45234375 0.74765625 0.440625 0.7375 0.45390625 0.734375 0.48359375
0 0.7453125 0.60546875 0.74375 0.63359375 0.75234375 0.64375 0.76875 0.64296875 0.775 0.62109375 0.7703125 0.59609375 0.76328125 0.5921875 0.7453125 0.60546875
0 0.753125 0.74921875 0.7828125 0.75234375 0.7875 0.73828125 0.7828125 0.71015625 0.75546875 0.709375 0.753125 0.74921875