0 0.2 0.13671875 0.2046875 0.13671875 0.2140625 0.03203125 0.19609375 0.0265625 0.196875 0.11640625 0.2 0.13671875
0 0.3421875 0.11953125 0.33203125 0.115625 0.3234375 0.12265625 0.3203125 0.15859375 0.321875 0.20234375 0.3296875 0.21171875 0.3359375 0.20546875 0.3375 0.16171875 0.3453125 0.14140625 0.3421875 0.11953125
0 0.1375 0.21015625 0.1484375 0.21171875 0.1515625 0.20078125 0.14453125 0.1875 0.1390625 0.19140625 0.1375 0.21015625
0 0.184375 0.32578125 0.190625 0.32734375 0.1984375 0.31953125 0.19296875 0.30625 0.184375 0.31171875 0.184375 0.32578125
0 0.740625 0.38828125 0.740625 0.36953125 0.75234375 0.3515625 0.7578125 0.35390625 0.7546875 0.36484375 0.7640625 0.36953125 0.759375 0.38046875 0.77265625 0.384375 0.7890625 0.38046875 0.790625 0.35390625 0.8 0.35390625 0.80625 0.36796875 0.80859375 0.4140625 0.82109375 0.4140625 0.828125 0.40859375 0.8234375 0.40234375 0.8359375 0.39765625 0.83984375 0.36875 0.84921875 0.38125 0.86953125 0.3859375 0.88359375 0.4125 0.9 0.38359375 0.91953125 0.24375 0.94453125 0.25 0.97734375 0.2453125 0.9859375 0.25234375 0.9890625 0.31953125 1 0.34296875 0.99921875 0 0.9375 0.00546875 0.9453125 0.02421875 0.940625 0.03515625 0.9453125 0.04453125 0.934375 0.06484375 0.9359375 0.08671875 0.91484375 0.109375 0.9078125 0.07890625 0.9 0.07265625 0.9046875 0.05859375 0.89453125 0.0625 0.88359375 0.0375 0.85546875 0.0546875 0.84140625 0.0484375 0.81953125 0.025 0.80859375 0.0359375 0.79609375 0.0015625 0.76171875 0 0.75390625 0.00625 0.74921875 0 0.7109375 0.00078125 0.7078125 0.04921875 0.68671875 0.05 0.665625 0.07734375 0.66875 0.16640625 0.6625 0.21640625 0.66875 0.24921875 0.6640625 0.37734375 0.67109375 0.4015625 0.67578125 0.3875 0.68671875 0.4109375 0.69140625 0.40625 0.70234375 0.4140625 0.70703125 0.403125 0.7109375 0.41484375 0.71875 0.41796875 0.73515625 0.4109375 0.74609375 0.3953125 0.753125 0.39609375 0.740625 0.38828125
0 0.6296875 0.66640625 0.6359375 0.59140625 0.65 0.55546875 0.7125 0.45078125 0.69140625 0.425 0.65546875 0.415625 0.6328125 0.40078125 0.63046875 0.3671875 0.6203125 0.37109375 0.6109375 0.39453125 0.59765625 0.403125 0.57734375 0.39375 0.565625 0.38046875 0.5546875 0.34765625 0.5515625 0.31015625 0.54609375 0.2984375 0.528125 0.28984375 0.5203125 0.27421875 0.5171875 0.19765625 0.50703125 0.190625 0.496875 0.20390625 0.490625 0.23671875 0.4765625 0.26015625 0.46875 0.29765625 0.4453125 0.30703125 0.440625 0.47890625 0.43125 0.47578125 0.4375 0.46796875 0.43125 0.46640625 0.43125 0.45078125 0.42421875 0.446875 0.403125 0.48359375 0.4265625 0.49921875 0.41328125 0.5 0.403125 0.51171875 0.403125 0.53984375 0.409375 0.55234375 0.4046875 0.58515625 0.409375 0.59296875 0.384375 0.68671875 0.3734375 0.77421875 0.39921875 0.778125 0.40546875 0.7859375 0.4078125 0.77578125 0.41640625 0.7734375 0.42265625 0.7890625 0.43125 0.78828125 0.43203125 0.7765625 0.43515625 0.7875 0.44296875 0.7859375 0.46484375 0.7625 0.49609375 0.7421875 0.51328125 0.7390625 0.54921875 0.7703125 0.56796875 0.7765625 0.57421875 0.790625 0.5859375 0.79296875 0.60703125 0.7734375 0.63203125 0.775 0.6359375 0.76953125 0.6296875 0.66640625
0 0.20859375 0.84375 0.1609375 0.84296875 0.17109375 0.8859375 0.19921875 0.8953125 0.23046875 0.8828125 0.2375 0.89609375 0.2453125 0.86484375 0.23984375 0.85 0.22109375 0.853125 0.20859375 0.84375
0 0.07421875 0.8234375 0.06875 0.83203125 0.0671875 0.86796875 0.059375 0.87890625 0.078125 0.88203125 0.0921875 0.86484375 0.084375 0.85078125 0.0828125 0.82890625 0.07421875 0.8234375
0 0.1265625 0.85234375 0.125 0.86953125 0.1390625 0.87734375 0.1453125 0.85703125 0.1421875 0.84765625 0.13359375 0.8453125 0.1265625 0.85234375
0 0.3171875 0.82421875 0.3203125 0.76953125 0.3109375 0.74765625 0.29453125 0.7359375 0.2890625 0.74921875 0.3 0.77578125 0.3015625 0.89921875 0.3078125 0.90234375 0.31796875 0.9 0.3234375 0.88671875 0.3234375 0.84609375 0.3171875 0.82421875
0 0.3109375 0.74609375 0.29453125 0.7375 0.2890625 0.75078125 0.2984375 0.77890625 0.303125 0.88046875 0.2921875 0.91015625 0.2890625 0.94609375 0.275 0.96796875 0.2734375 0.99921875 0.315625 0.99921875 0.315625 0.93203125 0.3234375 0.89296875 0.3203125 0.76953125 0.3109375 0.74609375
0 0.2421875 0.90234375 0.246875 0.85703125 0.24375 0.84765625 0.23359375 0.8484375 0.2328125 0.84296875 0.2453125 0.83984375 0.22734375 0.840625 0.23046875 0.8484375 0.16328125 0.840625 0.159375 0.85234375 0.1671875 0.89453125 0.1625 0.99921875 0.171875 0.99765625 0.1671875 0.99296875 0.1703125 0.90703125 0.18046875 0.89375 0.19375 0.90546875 0.1921875 0.99921875 0.221875 0.99921875 0.2203125 0.90546875 0.22734375 0.896875 0.23046875 0.9046875 0.2421875 0.90234375
0 0.07578125 0.821875 0.06875 0.83046875 0.0671875 0.86484375 0.0578125 0.87890625 0.071875 0.88671875 0.071875 0.99921875 0.0890625 0.99921875 0.0828125 0.88203125 0.0921875 0.86484375 0.0828125 0.82734375 0.07578125 0.821875
0 0.4953125 0.79296875 0.47890625 0.7890625 0.46015625 0.8140625 0.43515625 0.8140625 0.42421875 0.8265625 0.41171875 0.825 0.3984375 0.83515625 0.4046875 0.89921875 0.39375 0.93515625 0.396875 0.99609375 0.5453125 0.99921875 0.5453125 0.90703125 0.540625 0.90234375 0.5375 0.85390625 0.4953125 0.79296875
0 0.73359375 0.9171875 0.72421875 0.8625 0.69453125 0.8546875 0.65546875 0.8609375 0.61171875 0.853125 0.609375 0.86328125 0.59453125 0.8765625 0.596875 0.86796875 0.5765625 0.85703125 0.5765625 0.87109375 0.5828125 0.87578125 0.575 0.88671875 0.5734375 0.90703125 0.56953125 0.89375 0.5609375 0.91484375 0.5546875 0.98046875 0.55859375 1 0.7421875 0.99921875 0.7484375 0.96953125 0.74609375 0.878125 0.7359375 0.87734375 0.73359375 0.9171875
0 0.80390625 0.8265625 0.8 0.86328125 0.8140625 0.86953125 0.821875 0.86484375 0.8203125 0.83671875 0.81640625 0.828125 0.80390625 0.8265625
0 0.80546875 0.8265625 0.796875 0.91328125 0.796875 0.99921875 0.8171875 0.99921875 0.815625 0.87265625 0.821875 0.85546875 0.81875 0.83203125 0.80546875 0.8265625
0 1 0.73359375 0.99296875 0.7328125 0.984375 0.73671875 0.9828125 0.84609375 1 0.86015625 1 0.73359375
0 0.975 0.86953125 0.9921875 0.88359375 0.9796875 0.90703125 0.9828125 0.97265625 0.975 0.99921875 1 0.99921875 0.99921875 0.73125 0.984375 0.73671875 0.9828125 0.84921875 0.975 0.86953125
0 0.7859375 0.72734375 0.79375 0.70234375 0.790625 0.60390625 0.79609375 0.45625 0.80078125 0.5734375 0.80625 0.55078125 0.80625 0.43984375 0.7953125 0.43671875 0.7890625 0.37890625 0.77734375 0.3640625 0.7703125 0.39453125 0.7609375 0.39609375 0.7484375 0.44921875 0.7484375 0.69296875 0.75625 0.75859375 0.7640625 0.76171875 0.7578125 0.76484375 0.7640625 0.77421875 0.7671875 0.76171875 0.7765625 0.75703125 0.7796875 0.72734375 0.7859375 0.72734375