0 0.753125 0.12890625 0.7625 0.11328125 0.7625 0.09609375 0.7375 0.06796875 0.740625 0.04765625 0.721875 0.02109375 0.7265625 0.00078125 0.67734375 0 0.671875 0.02265625 0.68125 0.17109375 0.69140625 0.1890625 0.70234375 0.1875 0.7140625 0.19453125 0.72578125 0.1765625 0.73359375 0.1890625 0.75625 0.18203125 0.753125 0.12890625
0 0.9140625 0.33515625 0.93125 0.27890625 0.95625 0.23984375 0.946875 0.19609375 0.93046875 0.165625 0.89765625 0.16875 0.88828125 0.1765625 0.87265625 0.165625 0.83984375 0.1734375 0.828125 0.18515625 0.80625 0.23203125 0.8078125 0.26015625 0.7953125 0.30078125 0.7921875 0.34921875 0.7984375 0.37265625 0.83203125 0.3875 0.8671875 0.38828125 0.878125 0.33984375 0.88671875 0.33125 0.90078125 0.340625 0.9140625 0.33515625
0 0.92265625 0.590625 0.93515625 0.5875 0.9421875 0.57734375 0.940625 0.54921875 0.90078125 0.4890625 0.86640625 0.4859375 0.8625 0.50234375 0.86875 0.62578125 0.884375 0.68828125 0.88984375 0.6953125 0.8984375 0.69453125 0.903125 0.67265625 0.9015625 0.58359375 0.91015625 0.575 0.92265625 0.590625
0 0.63203125 0.1015625 0.60546875 0.103125 0.58515625 0.1265625 0.57109375 0.1203125 0.56171875 0.1265625 0.54921875 0.1234375 0.540625 0.14453125 0.55 0.16953125 0.56640625 0.1890625 0.58203125 0.190625 0.59609375 0.2140625 0.6125 0.21484375 0.6140625 0.17890625 0.625 0.17421875 0.64375 0.13828125 0.63203125 0.1015625
0 0.603125 0.07890625 0.61640625 0.0859375 0.6390625 0.08671875 0.6390625 0.05234375 0.62109375 0.0390625 0.60625 0.05390625 0.603125 0.07890625
0 0.8796875 0.95859375 0.884375 0.94140625 0.8953125 0.93828125 0.8875 0.93046875 0.90703125 0.9265625 0.909375 0.91171875 0.9234375 0.90546875 0.93125 0.88671875 0.9296875 0.84140625 0.9390625 0.84765625 0.934375 0.85546875 0.93828125 0.8625 0.946875 0.85390625 0.940625 0.83984375 0.94765625 0.828125 0.953125 0.83203125 0.95078125 0.890625 0.9703125 0.89140625 0.971875 0.86328125 0.96484375 0.86875 0.9546875 0.86015625 0.96484375 0.846875 0.9640625 0.85546875 0.9703125 0.85703125 0.9640625 0.82421875 0.94453125 0.815625 0.93046875 0.8203125 0.9109375 0.79765625 0.9046875 0.77421875 0.9015625 0.58359375 0.91484375 0.578125 0.93203125 0.5859375 0.940625 0.57109375 0.9390625 0.54921875 0.90234375 0.4921875 0.87265625 0.4859375 0.8625 0.49609375 0.8671875 0.62265625 0.86328125 0.6265625 0.82734375 0.6125 0.8203125 0.63515625 0.8296875 0.66640625 0.8328125 0.73984375 0.840625 0.77109375 0.8375 0.82265625 0.8453125 0.84453125 0.828125 0.88671875 0.8296875 0.94296875 0.83671875 0.95625 0.859375 0.96171875 0.8453125 0.96796875 0.84375 0.98984375 0.8546875 0.99296875 0.8453125 0.99921875 0.88125 0.99921875 0.8796875 0.97265625 0.8734375 0.97109375 0.871875 0.96171875 0.8796875 0.95859375
0 0.978125 0.66953125 0.9796875 0.64140625 0.96328125 0.603125 0.93984375 0.615625 0.91875 0.64765625 0.9234375 0.67578125 0.90625 0.71640625 0.90625 0.75390625 0.9125 0.76953125 0.92890625 0.7859375 0.946875 0.79140625 0.97578125 0.7765625 0.9890625 0.75546875 0.990625 0.71015625 0.978125 0.66953125
0 0.11015625 0.9875 0.10703125 0.978125 0.09375 0.97890625 0.09375 0.94921875 0.078125 0.94609375 0.0921875 0.93359375 0.08203125 0.93125 0.07890625 0.940625 0.078125 0.92578125 0.07109375 0.925 0.06796875 0.915625 0.06328125 0.925 0.05234375 0.921875 0.04375 0.92734375 0.04375 0.95390625 0.03984375 0.95625 0.03515625 0.946875 0.01875 0.96484375 0.01875 0.97578125 0.02421875 0.971875 0.0265625 0.97734375 0.01640625 0.9828125 0.01484375 0.978125 0.0046875 0.98046875 0.00703125 1 0.125 0.99921875 0.1296875 0.99296875 0.12109375 0.98125 0.11328125 0.9796875 0.11015625 0.9875
0 1 0.91171875 0.990625 0.90703125 0.99140625 0.896875 0.97265625 0.896875 0.9828125 0.90546875 0.96953125 0.9125 0.96640625 0.9046875 0.965625 0.92265625 0.95703125 0.925 0.9453125 0.92109375 0.9515625 0.91015625 0.94453125 0.903125 0.92578125 0.909375 0.9203125 0.90234375 0.9234375 0.89453125 0.91796875 0.8921875 0.91171875 0.9203125 0.9078125 0.89140625 0.89453125 0.8953125 0.8921875 0.87890625 0.88671875 0.8765625 0.8828125 0.87890625 0.8875 0.88984375 0.87890625 0.8921875 0.878125 0.87890625 0.85703125 0.8625 0.85234375 0.86875 0.84453125 0.8625 0.8375 0.86640625 0.8296875 0.88203125 0.828125 0.91796875 0.815625 0.92734375 0.815625 0.93984375 0.80078125 0.940625 0.79765625 0.9515625 0.784375 0.94609375 0.77265625 0.8890625 0.76171875 0.884375 0.75390625 0.9046875 0.74765625 0.890625 0.740625 0.90546875 0.74375 0.91015625 0.73671875 0.9140625 0.73359375 0.8921875 0.72109375 0.9015625 0.68359375 0.8796875 0.6828125 0.88515625 0.6890625 0.88671875 0.67109375 0.89375 0.58515625 0.903125 0.55234375 0.9203125 0.53515625 0.94375 0.52578125 0.9390625 0.46328125 0.940625 0.4625 0.92890625 0.46875 0.92109375 0.46171875 0.91875 0.45625 0.92265625 0.459375 0.93515625 0.4484375 0.93984375 0.44765625 0.9546875 0.42265625 0.9640625 0.41328125 0.978125 0.3734375 0.99921875 1 0.99921875 1 0.91171875
0 0.75 0.67734375 0.7484375 0.65546875 0.74296875 0.6515625 0.72109375 0.6515625 0.709375 0.65859375 0.7109375 0.77890625 0.6953125 0.80859375 0.6953125 0.84921875 0.6875 0.87734375 0.690625 0.89921875 0.7078125 0.90703125 0.690625 0.92265625 0.70390625 0.9296875 0.71875 0.92890625 0.7515625 0.91015625 0.7671875 0.86171875 0.7484375 0.79296875 0.75 0.67734375
0 0.659375 0.65546875 0.62734375 0.653125 0.628125 0.79609375 0.640625 0.83046875 0.66171875 0.853125 0.6765625 0.85390625 0.678125 0.80859375 0.6640625 0.79609375 0.6609375 0.77734375 0.659375 0.65546875
0 0.33984375 0.3140625 0.334375 0.29921875 0.32734375 0.2984375 0.3109375 0.33671875 0.3078125 0.39296875 0.33046875 0.4109375 0.34375 0.41171875 0.365625 0.38046875 0.3625 0.33671875 0.353125 0.31796875 0.33984375 0.3140625
0 0.2140625 0.19609375 0.221875 0.23359375 0.22734375 0.2453125 0.2375 0.24765625 0.2578125 0.20234375 0.24296875 0.1859375 0.21953125 0.1828125 0.2140625 0.19609375
0 0.23125 0.12578125 0.2421875 0.14609375 0.2484375 0.14609375 0.253125 0.10859375 0.23671875 0.09375 0.23125 0.09609375 0.23125 0.12578125
0 0.240625 0.16796875 0.23984375 0.184375 0.22734375 0.184375 0.21171875 0.1734375 0.18671875 0.175 0.18828125 0.1875 0.2140625 0.19921875 0.2234375 0.24140625 0.2375 0.24921875 0.2640625 0.20703125 0.2625 0.17421875 0.24765625 0.1609375 0.240625 0.16796875
0 0.5046875 0.17734375 0.5171875 0.14921875 0.50703125 0.1171875 0.4984375 0.11953125 0.4890625 0.14140625 0.4921875 0.16640625 0.4703125 0.18359375 0.4734375 0.22265625 0.4796875 0.22578125 0.49296875 0.2078125 0.50234375 0.2078125 0.509375 0.19921875 0.5046875 0.17734375
0 0.13828125 0.7234375 0.11015625 0.7375 0.1046875 0.74609375 0.109375 0.78671875 0.125 0.83046875 0.13125 0.83359375 0.1578125 0.77734375 0.15625 0.73203125 0.15078125 0.7234375 0.13828125 0.7234375
0 0.05546875 0.6890625 0.0375 0.70078125 0.0109375 0.74453125 0.0140625 0.76328125 0.028125 0.77890625 0.028125 0.80859375 0.03515625 0.81875 0.0453125 0.81796875 0.06875 0.80546875 0.0671875 0.77578125 0.075 0.76015625 0.05546875 0.6890625
0 0.6171875 0.40078125 0.6 0.39453125 0.5984375 0.36484375 0.58828125 0.3375 0.57734375 0.3390625 0.56953125 0.3546875 0.55859375 0.340625 0.55390625 0.3421875 0.5515625 0.36015625 0.53828125 0.3640625 0.5265625 0.38515625 0.528125 0.43203125 0.534375 0.44453125 0.55546875 0.4515625 0.55625 0.46796875 0.5796875 0.48515625 0.596875 0.47421875 0.6125 0.44921875 0.6171875 0.42890625 0.6171875 0.40078125
0 0.7359375 0.55859375 0.7359375 0.51640625 0.728125 0.51171875 0.7296875 0.49453125 0.725 0.48984375 0.7296875 0.46484375 0.74140625 0.46875 0.74375 0.46328125 0.728125 0.43046875 0.72265625 0.43125 0.71015625 0.4140625 0.70390625 0.421875 0.69140625 0.421875 0.68671875 0.43125 0.67421875 0.4265625 0.6625 0.44296875 0.6796875 0.45078125 0.66171875 0.453125 0.65 0.46328125 0.640625 0.48359375 0.64375 0.52265625 0.6375 0.54453125 0.615625 0.57421875 0.615625 0.64609375 0.62421875 0.6515625 0.6875 0.65078125 0.71875 0.64765625 0.728125 0.59609375 0.725 0.56953125 0.7359375 0.55859375
0 0.8015625 0.50703125 0.8140625 0.48671875 0.8046875 0.45234375 0.78515625 0.4421875 0.7640625 0.48984375 0.765625 0.52734375 0.77890625 0.5546875 0.80625 0.56484375 0.8140625 0.55703125 0.815625 0.53828125 0.8046875 0.52421875 0.8015625 0.50703125
0 0.84140625 0.5234375 0.83203125 0.5125 0.8234375 0.52734375 0.8234375 0.57421875 0.83203125 0.5859375 0.8578125 0.59609375 0.8640625 0.56484375 0.8625 0.53046875 0.85234375 0.5125 0.84140625 0.5234375
0 0.67109375 0.3671875 0.64921875 0.371875 0.6375 0.39765625 0.640625 0.41171875 0.6640625 0.43203125 0.68125 0.42421875 0.6859375 0.39296875 0.6828125 0.37578125 0.67109375 0.3671875
0 0.87421875 0 0.8453125 0.03671875 0.8484375 0.05390625 0.840625 0.06796875 0.8453125 0.09921875 0.8390625 0.15234375 0.8453125 0.16953125 0.8515625 0.17109375 0.85625 0.16640625 0.859375 0.08359375 0.86875 0.07578125 0.890625 0.03046875 0.89453125 0 0.87421875 0
0 0.9375 0.13359375 0.95625 0.08828125 0.9578125 0.00078125 0.91484375 0 0.9375 0.13359375
0 0.20703125 0.4984375 0.1921875 0.53515625 0.178125 0.54609375 0.1765625 0.58203125 0.19765625 0.578125 0.20234375 0.5875 0.2203125 0.58984375 0.2375 0.57890625 0.2421875 0.54765625 0.228125 0.51484375 0.20703125 0.4984375
0 0.025 0.50859375 0.028125 0.49140625 0.00078125 0.4515625 0 0.50390625 0.025 0.50859375
0 0.009375 0.39765625 0.0078125 0.42734375 0.01328125 0.4390625 0.0234375 0.43984375 0.03125 0.41640625 0.03125 0.38828125 0.01640625 0.3828125 0.009375 0.39765625
0 0.09609375 0.85625 0.09140625 0.8859375 0.07890625 0.8875 0.06328125 0.9 0.05078125 0.896875 0.04296875 0.9078125 0.02421875 0.9015625 0.0140625 0.91484375 0.0171875 0.93828125 0 0.95078125 0.00078125 1 0.35 0.99921875 0.3453125 0.88671875 0.334375 0.86640625 0.31953125 0.8546875 0.09609375 0.85625
0 0.4453125 0.86484375 0.4375 0.88203125 0.4390625 0.93046875 0.45625 0.93671875 0.4734375 0.92734375 0.4765625 0.89140625 0.46015625 0.8578125 0.4453125 0.86484375
0 0.5 0.89921875 0.5015625 0.93671875 0.51171875 0.9515625 0.5203125 0.95234375 0.53125 0.91484375 0.52734375 0.871875 0.51640625 0.8734375 0.5 0.89921875
0 0.53984375 0.7078125 0.5359375 0.72109375 0.51953125 0.7234375 0.5140625 0.73515625 0.5171875 0.80078125 0.52578125 0.80625 0.559375 0.80703125 0.5796875 0.80234375 0.5796875 0.71015625 0.57421875 0.7046875 0.53984375 0.7078125