0 0.1625 0.00078125 0.165625 0.06484375 0.178125 0.09453125 0.190625 0.08046875 0.2046875 0.02421875 0.23046875 0 0.1625 0.00078125
0 0.3640625 0.50703125 0.39375 0.48828125 0.4 0.46171875 0.415625 0.43515625 0.4390625 0.42890625 0.4609375 0.38828125 0.4609375 0.33203125 0.471875 0.28203125 0.46875 0.16171875 0.46171875 0.1515625 0.4453125 0.15078125 0.44375 0.11171875 0.434375 0.09453125 0.434375 0.07421875 0.41875 0.05546875 0.40859375 0.0109375 0.28359375 0.0078125 0.2609375 0.05859375 0.2578125 0.09296875 0.2578125 0.12578125 0.26875 0.13828125 0.265625 0.18984375 0.2765625 0.23203125 0.2875 0.25078125 0.278125 0.26015625 0.2765625 0.28046875 0.2703125 0.28515625 0.2734375 0.30390625 0.265625 0.31484375 0.2703125 0.33515625 0.2578125 0.39140625 0.25625 0.47890625 0.2671875 0.51328125 0.28125 0.52578125 0.28125 0.53828125 0.27109375 0.540625 0.2640625 0.55078125 0.275 0.55703125 0.27890625 0.5671875 0.29765625 0.571875 0.309375 0.59296875 0.3296875 0.60390625 0.3328125 0.64296875 0.33984375 0.6484375 0.35625 0.64765625 0.3671875 0.63828125 0.35625 0.60078125 0.3515625 0.55390625 0.3640625 0.50703125
0 0.871875 0.55390625 0.87578125 0.5890625 0.8890625 0.53984375 0.890625 0.48671875 0.875 0.45546875 0.875 0.43828125 0.88359375 0.440625 0.8890625 0.42734375 0.890625 0.40234375 0.88203125 0.3921875 0.87265625 0.3921875 0.865625 0.40078125 0.878125 0.41640625 0.87265625 0.434375 0.859375 0.42578125 0.85234375 0.4078125 0.84296875 0.40625 0.83125 0.42109375 0.83203125 0.4609375 0.8234375 0.45703125 0.81875 0.43984375 0.80859375 0.434375 0.7875 0.45703125 0.7890625 0.48359375 0.8 0.49921875 0.815625 0.54921875 0.815625 0.60703125 0.809375 0.62578125 0.82578125 0.6296875 0.83984375 0.621875 0.85625 0.62890625 0.865625 0.62265625 0.8578125 0.59765625 0.865625 0.55390625 0.871875 0.55390625
0 0.43125 0.69921875 0.4390625 0.68671875 0.4390625 0.67265625 0.40546875 0.6546875 0.390625 0.66796875 0.4 0.69140625 0.3921875 0.71796875 0.39375 0.75078125 0.4 0.77421875 0.41875 0.78828125 0.425 0.83359375 0.428125 0.81640625 0.440625 0.80390625 0.440625 0.73046875 0.43125 0.69921875
0 0.43828125 0.89375 0.4265625 0.89609375 0.42421875 0.921875 0.41015625 0.9015625 0.40078125 0.9015625 0.3921875 0.91484375 0.3921875 0.92734375 0.40625 0.94140625 0.4078125 0.95546875 0.425 0.96328125 0.44765625 0.959375 0.4546875 0.94609375 0.4546875 0.91796875 0.43828125 0.89375
0 0.45625 0.93671875 0.4546875 0.91796875 0.43828125 0.89375 0.425 0.89765625 0.42109375 0.9125 0.40390625 0.9 0.3921875 0.91484375 0.3921875 0.93046875 0.40625 0.94609375 0.3953125 0.97578125 0.3984375 0.98828125 0.40703125 0.996875 0.428125 0.99765625 0.4359375 0.98828125 0.43125 0.96328125 0.4515625 0.95703125 0.45625 0.93671875
0 0.25078125 0.8125 0.23125 0.81640625 0.2296875 0.83671875 0.2125 0.85234375 0.2375 0.86171875 0.2625 0.84921875 0.2734375 0.82734375 0.26953125 0.81875 0.25078125 0.8125
0 0.9578125 0.16171875 0.9609375 0.19140625 0.9734375 0.19921875 0.98046875 0.184375 0.9953125 0.18203125 0.99765625 0.153125 0.9578125 0.16171875
0 0.4921875 0.38671875 0.50625 0.39453125 0.51875 0.38515625 0.5234375 0.33671875 0.49609375 0.3234375 0.4921875 0.38671875
0 0.10703125 0.3640625 0.090625 0.38359375 0.0921875 0.40859375 0.103125 0.42109375 0.1140625 0.41484375 0.115625 0.40390625 0.1140625 0.37265625 0.10703125 0.3640625
0 0.9 0.27890625 0.88984375 0.271875 0.87109375 0.275 0.86640625 0.2625 0.83984375 0.2921875 0.81875 0.30234375 0.815625 0.31484375 0.815625 0.35234375 0.821875 0.36171875 0.82890625 0.3671875 0.853125 0.36796875 0.87265625 0.365625 0.89453125 0.353125 0.8984375 0.34453125 0.9 0.27890625
0 0.075 0.91953125 0.06875 0.93984375 0.06875 0.94921875 0.0796875 0.96171875 0.0984375 0.94296875 0.1 0.92421875 0.08671875 0.9140625 0.075 0.91953125