0 0 0.85546875 0.01875 0.84453125 0.021875 0.82734375 0.03046875 0.81875 0.05546875 0.8203125 0.06640625 0.8125 0.075 0.80078125 0.0625 0.79765625 0.0625 0.78359375 0.0703125 0.77109375 0.08515625 0.759375 0.10546875 0.75625 0.13125 0.77109375 0.134375 0.78828125 0.11953125 0.8046875 0.109375 0.80546875 0.10625 0.81796875 0.1078125 0.83515625 0.125 0.85390625 0.1296875 0.87109375 0.1171875 0.91015625 0.16484375 0.9140625 0.19375 0.93359375 0.20078125 0.9515625 0.2078125 0.95078125 0.2203125 0.93671875 0.2421875 0.88359375 0.2375 0.85234375 0.24609375 0.8421875 0.26484375 0.8421875 0.30703125 0.8125 0.35703125 0.8109375 0.37890625 0.8015625 0.38515625 0.7921875 0.40390625 0.7875 0.41484375 0.7890625 0.43515625 0.815625 0.47265625 0.828125 0.4796875 0.82578125 0.48203125 0.796875 0.51640625 0.8015625 0.53125 0.79296875 0.534375 0.77734375 0.528125 0.76484375 0.540625 0.74609375 0.5421875 0.72890625 0.56796875 0.7171875 0.5828125 0.70234375 0.5734375 0.66015625 0.578125 0.63515625 0.5953125 0.62109375 0.584375 0.59609375 0.5890625 0.53046875 0.5796875 0.51015625 0.5609375 0.50234375 0.55234375 0.4796875 0.525 0.47890625 0.51875 0.49140625 0.5203125 0.51015625 0.4875 0.55390625 0.4875 0.56796875 0.4796875 0.58046875 0.48203125 0.5875 0.50390625 0.5875 0.5046875 0.60234375 0.53125 0.62265625 0.528125 0.65078125 0.5359375 0.66015625 0.52734375 0.66875 0.48046875 0.6453125 0.45859375 0.6453125 0.43984375 0.65625 0.43203125 0.6546875 0.41328125 0.63125 0.37421875 0.6234375 0.34765625 0.603125 0.29453125 0.6046875 0.2859375 0.59609375 0.28203125 0.571875 0.26484375 0.5671875 0.24296875 0.5734375 0.2390625 0.55390625 0.22265625 0.5390625 0.20859375 0.5375 0.196875 0.54453125 0.1796875 0.59453125 0.14921875 0.625 0.13359375 0.63125 0.11953125 0.6234375 0.109375 0.63359375 0.1078125 0.65546875 0.12421875 0.6734375 0.13828125 0.675 0.13828125 0.684375 0.11328125 0.6921875 0.07421875 0.6640625 0.04921875 0.6609375 0.03828125 0.684375 0 0.69140625 0 0.85546875
0 0.3359375 0.45390625 0.3359375 0.43515625 0.30703125 0.4265625 0.28984375 0.434375 0.24765625 0.4140625 0.22890625 0.39375 0.20703125 0.3859375 0.2015625 0.37734375 0.20625 0.35078125 0.203125 0.31640625 0.234375 0.29921875 0.2671875 0.23828125 0.26875 0.21640625 0.2515625 0.18828125 0.2515625 0.16328125 0.22109375 0.1375 0.18671875 0.146875 0.16796875 0.1296875 0.13671875 0.1359375 0.12890625 0.1265625 0.09921875 0.115625 0.0953125 0.13984375 0.10234375 0.1546875 0.14609375 0.15 0.1546875 0.16328125 0.1515625 0.19453125 0.140625 0.20859375 0.1421875 0.23046875 0.1359375 0.24609375 0.1140625 0.26796875 0.1046875 0.32578125 0.10625 0.37421875 0.11875 0.39609375 0.1140625 0.40859375 0.1203125 0.41953125 0.1171875 0.45234375 0.13828125 0.490625 0.18203125 0.5015625 0.19453125 0.525 0.20703125 0.534375 0.2171875 0.53359375 0.25234375 0.4984375 0.28515625 0.5 0.31328125 0.484375 0.3359375 0.45390625
0 0.11875 0.42265625 0.10703125 0.396875 0.08515625 0.415625 0.0578125 0.42578125 0.059375 0.46484375 0.053125 0.48515625 0.0609375 0.50390625 0.059375 0.53046875 0.0859375 0.53359375 0.1 0.52734375 0.1109375 0.49140625 0.109375 0.46328125 0.11875 0.42265625
0 0.00078125 0 0 0.06171875 0.03671875 0.05 0.04765625 0.053125 0.059375 0.05859375 0.0625 0.07421875 0.08125 0.08828125 0.0859375 0.07109375 0.0640625 0.05234375 0.059375 0.02421875 0.01640625 0 0.00078125 0
0 0.26015625 0.0546875 0.2546875 0.06484375 0.259375 0.08515625 0.27890625 0.1046875 0.2890625 0.10703125 0.30625 0.07265625 0.321875 0.06171875 0.30703125 0.0328125 0.26015625 0.0546875
0 1 0.78515625 0.97890625 0.7640625 0.96796875 0.7640625 0.9390625 0.80546875 0.9453125 0.82109375 0.9375 0.84921875 0.9515625 0.86640625 0.95703125 0.884375 0.98515625 0.88125 1 0.89296875 1 0.78515625
0 0.959375 0.57265625 0.95078125 0.5640625 0.93828125 0.5625 0.9328125 0.56796875 0.9265625 0.61328125 0.9046875 0.61796875 0.9 0.65703125 0.90703125 0.6703125 0.91875 0.67421875 0.96640625 0.665625 0.975 0.64921875 0.95625 0.59609375 0.959375 0.57265625
0 0.853125 0.94921875 0.84375 0.92265625 0.82109375 0.9109375 0.80625 0.91640625 0.790625 0.96953125 0.8140625 0.97734375 0.82109375 0.9703125 0.83359375 0.9734375 0.84453125 0.96875 0.853125 0.94921875
0 0.82578125 0.9125 0.80625 0.91796875 0.7921875 0.96796875 0.80546875 0.978125 0.8140625 0.97734375 0.84453125 0.96875 0.853125 0.94921875 0.8453125 0.92578125 0.82578125 0.9125
0 0.73671875 0.909375 0.7359375 0.93046875 0.71875 0.94296875 0.7375 0.97734375 0.7890625 0.98359375 0.7796875 0.96328125 0.784375 0.93203125 0.76640625 0.915625 0.73671875 0.909375
0 0.62890625 0.8765625 0.62109375 0.8765625 0.5953125 0.90546875 0.5953125 0.91484375 0.61171875 0.934375 0.63984375 0.93125 0.65859375 0.9359375 0.67109375 0.9515625 0.6765625 0.95078125 0.6890625 0.94609375 0.6796875 0.93828125 0.6734375 0.91171875 0.62890625 0.8765625
0 0.290625 0.99921875 0.28203125 0.9875 0.27109375 0.984375 0.24375 0.99921875 0.290625 0.99921875
0 0.92890625 0 0.92421875 0.009375 0.89921875 0.009375 0.875 0.02421875 0.8984375 0.02734375 0.9 0.06953125 0.91484375 0.0734375 0.92890625 0.0578125 0.95546875 0.0515625 0.965625 0.03203125 0.97890625 0.0234375 0.99375 0.03984375 0.975 0.06328125 0.9765625 0.07421875 0.9875 0.07734375 1 0.06796875 0.99921875 0 0.92890625 0
0 1 0.22265625 0.97421875 0.2296875 0.94609375 0.21875 0.93046875 0.203125 0.925 0.21796875 0.93125 0.23671875 0.921875 0.25234375 0.93828125 0.2515625 0.95234375 0.26875 0.9890625 0.27265625 1 0.26640625 1 0.22265625
0 0.909375 0.26796875 0.90234375 0.2640625 0.9 0.36640625 0.91640625 0.3796875 0.93125 0.38203125 0.9546875 0.33984375 0.9390625 0.30234375 0.915625 0.28671875 0.909375 0.26796875
0 0.62890625 0.3484375 0.66328125 0.3546875 0.678125 0.35078125 0.6859375 0.33046875 0.6828125 0.28671875 0.6984375 0.25546875 0.72421875 0.2296875 0.7375 0.23984375 0.740625 0.26015625 0.75078125 0.275 0.78046875 0.2828125 0.7875 0.29140625 0.7859375 0.30546875 0.778125 0.31015625 0.7859375 0.31328125 0.78125 0.32265625 0.7875 0.33046875 0.7828125 0.34140625 0.7875 0.34921875 0.77734375 0.3640625 0.77265625 0.3609375 0.76953125 0.365625 0.79609375 0.3625 0.8078125 0.34296875 0.8296875 0.32734375 0.81953125 0.309375 0.796875 0.29609375 0.7953125 0.28359375 0.80078125 0.2765625 0.81640625 0.2765625 0.83359375 0.2859375 0.8609375 0.26328125 0.8640625 0.22109375 0.85625 0.20078125 0.875 0.15703125 0.86796875 0.1484375 0.85546875 0.1515625 0.84765625 0.146875 0.84375 0.13359375 0.8578125 0.10078125 0.84765625 0.03125 0.82109375 0.03125 0.80625 0.06640625 0.78828125 0.078125 0.76640625 0.0734375 0.740625 0.08671875 0.7375 0.10078125 0.7546875 0.11640625 0.759375 0.13046875 0.75234375 0.153125 0.73828125 0.1578125 0.68671875 0.153125 0.65390625 0.1671875 0.60859375 0.190625 0.6 0.19921875 0.5984375 0.21171875 0.559375 0.24453125 0.559375 0.26640625 0.58359375 0.2796875 0.5890625 0.29296875 0.596875 0.32890625 0.590625 0.34453125 0.59375 0.35859375 0.58203125 0.3609375 0.57734375 0.353125 0.571875 0.37421875 0.57578125 0.3796875 0.5828125 0.37734375 0.59375 0.39765625 0.59765625 0.3625 0.61328125 0.384375 0.6140625 0.36953125 0.62890625 0.3484375
0 0.46328125 0.078125 0.45546875 0.090625 0.45078125 0.0796875 0.434375 0.08828125 0.4328125 0.09921875 0.446875 0.11015625 0.4484375 0.12265625 0.45625 0.09296875 0.46328125 0.103125 0.465625 0.09921875 0.46328125 0.078125
0 0.51484375 0.0640625 0.49765625 0.0578125 0.48515625 0.0609375 0.46875 0.08046875 0.4703125 0.12421875 0.48671875 0.1375 0.49921875 0.1359375 0.51484375 0.1453125 0.53984375 0.14375 0.57109375 0.1625 0.5796875 0.16171875 0.5828125 0.14453125 0.5734375 0.11015625 0.52265625 0.0765625 0.51484375 0.0640625
0 0.52109375 0.35625 0.5015625 0.32578125 0.48125 0.31328125 0.4828125 0.27578125 0.47109375 0.2625 0.4703125 0.36640625 0.484375 0.36640625 0.4890625 0.39765625 0.4875 0.41484375 0.4734375 0.42734375 0.5015625 0.42890625 0.54140625 0.428125 0.565625 0.39765625 0.55 0.37109375 0.52109375 0.35625