0 0.6359375 0.76640625 0.6375 0.72421875 0.6453125 0.71484375 0.63984375 0.709375 0.63125 0.71796875 0.63046875 0.7375 0.6234375 0.72265625 0.625 0.71015625 0.61875 0.71484375 0.621875 0.72734375 0.6140625 0.73359375 0.621875 0.74140625 0.61484375 0.746875 0.60859375 0.7390625 0.6 0.75859375 0.61015625 0.7796875 0.6265625 0.78203125 0.63046875 0.775 0.61171875 0.775 0.6078125 0.76953125 0.6359375 0.76640625
0 0.5109375 0.45859375 0.49765625 0.45625 0.490625 0.46328125 0.4984375 0.46796875 0.5015625 0.48671875 0.5140625 0.50078125 0.52578125 0.5109375 0.5359375 0.51015625 0.5453125 0.48046875 0.5421875 0.44921875 0.50703125 0.44375 0.5109375 0.45859375
0 0.62421875 0.6375 0.61640625 0.6453125 0.609375 0.63984375 0.6109375 0.63203125 0.60234375 0.628125 0.6 0.63359375 0.60625 0.63984375 0.60078125 0.64375 0.5953125 0.63984375 0.59609375 0.6265625 0.57734375 0.6296875 0.578125 0.62109375 0.57265625 0.61875 0.575 0.62578125 0.56484375 0.6265625 0.55390625 0.64375 0.5484375 0.63984375 0.5515625 0.62890625 0.54375 0.62890625 0.5484375 0.62578125 0.546875 0.61328125 0.5359375 0.61640625 0.5421875 0.63203125 0.5328125 0.63671875 0.546875 0.64453125 0.5484375 0.66953125 0.5671875 0.67890625 0.5609375 0.67890625 0.56484375 0.6875 0.571875 0.68046875 0.5671875 0.67578125 0.58125 0.66796875 0.57734375 0.6609375 0.56953125 0.6703125 0.5625 0.66328125 0.5671875 0.66015625 0.5640625 0.64765625 0.57109375 0.65 0.5671875 0.64453125 0.57265625 0.6390625 0.57265625 0.6453125 0.57734375 0.6421875 0.571875 0.65234375 0.57890625 0.6578125 0.58203125 0.63125 0.590625 0.63828125 0.5828125 0.64921875 0.59609375 0.6609375 0.60234375 0.6578125 0.60859375 0.6734375 0.61640625 0.65 0.62421875 0.675 0.6265625 0.65546875 0.6328125 0.65234375 0.6296875 0.67109375 0.6359375 0.67109375 0.6375 0.69140625 0.6421875 0.68828125 0.63984375 0.640625 0.62734375 0.6421875 0.62421875 0.6375
0 0.41328125 0.234375 0.3953125 0.23984375 0.3796875 0.28984375 0.3859375 0.33671875 0.3921875 0.35390625 0.4015625 0.35859375 0.4078125 0.35234375 0.4140625 0.31484375 0.4375 0.27578125 0.41328125 0.234375
0 0.48125 0.10859375 0.45546875 0.0765625 0.44765625 0.0765625 0.434375 0.09921875 0.4390625 0.14609375 0.465625 0.19296875 0.4859375 0.19609375 0.496875 0.18203125 0.4984375 0.15390625 0.4859375 0.13515625 0.48125 0.10859375
0 0.53515625 0.259375 0.50703125 0.2625 0.48828125 0.25625 0.48203125 0.2640625 0.47109375 0.2640625 0.4609375 0.27578125 0.4671875 0.28671875 0.4515625 0.29140625 0.453125 0.30703125 0.4703125 0.33984375 0.48046875 0.3453125 0.546875 0.34453125 0.55625 0.33515625 0.5578125 0.28515625 0.5515625 0.26640625 0.53515625 0.259375
0 0.46328125 0.584375 0.47421875 0.5859375 0.46796875 0.5671875 0.4671875 0.57734375 0.4609375 0.57890625 0.459375 0.56484375 0.46328125 0.559375 0.46796875 0.565625 0.478125 0.55390625 0.475 0.54921875 0.4828125 0.54453125 0.4859375 0.52109375 0.48203125 0.5171875 0.47890625 0.5234375 0.47265625 0.5171875 0.4546875 0.53203125 0.44453125 0.55 0.42890625 0.5546875 0.3953125 0.48359375 0.3921875 0.45390625 0.34765625 0.4359375 0.32578125 0.390625 0.3046875 0.44296875 0.321875 0.45703125 0.3265625 0.50546875 0.3390625 0.51953125 0.3328125 0.54609375 0.340625 0.55390625 0.346875 0.58671875 0.36328125 0.60625 0.3828125 0.61484375 0.43671875 0.5953125 0.44453125 0.5875 0.46015625 0.5953125 0.46328125 0.584375
0 0.1578125 0.19296875 0.14765625 0.1890625 0.1296875 0.20078125 0.1203125 0.21796875 0.128125 0.25546875 0.15859375 0.278125 0.190625 0.29140625 0.19375 0.28671875 0.184375 0.26171875 0.1625 0.23671875 0.1578125 0.19296875
0 0.66796875 0.7078125 0.6765625 0.70078125 0.6796875 0.67890625 0.65703125 0.6421875 0.63046875 0.6375 0.57578125 0.6140625 0.56484375 0.61875 0.54609375 0.5890625 0.53125 0.61484375 0.53125 0.63359375 0.54375 0.64453125 0.55 0.67265625 0.578125 0.70390625 0.58125 0.73359375 0.6078125 0.78046875 0.6296875 0.78359375 0.6375 0.77265625 0.640625 0.72265625 0.65546875 0.7078125 0.66796875 0.7078125
0 0.859375 0.51796875 0.85625 0.48046875 0.78203125 0.4765625 0.7609375 0.55234375 0.7625 0.61015625 0.834375 0.61328125 0.84453125 0.6125 0.853125 0.59609375 0.875 0.57734375 0.859375 0.51796875
0 0.6890625 0.37578125 0.671875 0.33203125 0.6609375 0.32578125 0.6609375 0.30234375 0.63046875 0.275 0.60390625 0.30625 0.56953125 0.3 0.5671875 0.31171875 0.590625 0.33671875 0.6046875 0.38671875 0.61328125 0.39375 0.62421875 0.3921875 0.63125 0.40859375 0.6453125 0.41484375 0.6515625 0.41171875 0.66328125 0.38125 0.68359375 0.3953125 0.6890625 0.37578125
0 0.8734375 0.83828125 0.871875 0.79140625 0.8875 0.75703125 0.890625 0.73046875 0.9046875 0.71953125 0.915625 0.66484375 0.9140625 0.61640625 0.90234375 0.609375 0.88671875 0.6140625 0.88359375 0.621875 0.87890625 0.61875 0.87578125 0.6421875 0.875 0.62890625 0.86328125 0.621875 0.84296875 0.6328125 0.82734375 0.615625 0.80078125 0.6140625 0.790625 0.62109375 0.7890625 0.63828125 0.8046875 0.70859375 0.8109375 0.86796875 0.80859375 0.8765625 0.8 0.87109375 0.803125 0.88046875 0.796875 0.89609375 0.80859375 0.896875 0.8140625 0.90390625 0.8203125 0.96640625 0.83125 0.99609375 0.88125 0.99921875 0.8890625 0.98984375 0.884375 0.93046875 0.89375 0.88984375 0.8734375 0.83828125
0 1 0.47578125 0.99921875 0.2578125 0.95 0.25859375 0.953125 0.31640625 0.92890625 0.3203125 0.921875 0.33671875 0.95 0.43984375 0.946875 0.47265625 0.9546875 0.48828125 0.95625 0.52421875 0.965625 0.53046875 0.9828125 0.51640625 0.984375 0.47421875 0.98828125 0.4828125 1 0.47578125
0 0.88515625 0.1578125 0.8640625 0.12265625 0.84921875 0.115625 0.828125 0.13203125 0.8265625 0.15234375 0.83359375 0.1625 0.85 0.16796875 0.8578125 0.19921875 0.871875 0.20078125 0.88671875 0.178125 0.9 0.19296875 0.9 0.16171875 0.88515625 0.1578125
0 0.53125 0.38359375 0.49921875 0.3734375 0.49140625 0.346875 0.45234375 0.3359375 0.44375 0.35703125 0.44375 0.42109375 0.45625 0.44609375 0.4546875 0.46015625 0.4640625 0.46640625 0.47890625 0.453125 0.48671875 0.453125 0.5078125 0.42734375 0.53125 0.38359375
0 0.69375 0.86328125 0.7015625 0.84453125 0.696875 0.79765625 0.7 0.72890625 0.69140625 0.7171875 0.68359375 0.7171875 0.659375 0.74140625 0.65546875 0.7703125 0.65234375 0.7640625 0.63984375 0.7703125 0.63671875 0.765625 0.6296875 0.78515625 0.60859375 0.7859375 0.6046875 0.79765625 0.6140625 0.83359375 0.60625 0.89609375 0.6140625 0.91015625 0.6296875 0.91953125 0.6359375 0.94609375 0.6328125 0.97421875 0.62421875 0.9765625 0.621875 0.98515625 0.63984375 1 0.64609375 0.99375 0.65234375 1 0.6671875 0.99921875 0.678125 0.98828125 0.703125 0.92265625 0.69375 0.88515625 0.69375 0.86328125
0 0.578125 0.79765625 0.57109375 0.790625 0.55390625 0.796875 0.54375 0.81796875 0.5390625 0.85859375 0.5515625 0.87421875 0.559375 0.86796875 0.5703125 0.83203125 0.5796875 0.82109375 0.578125 0.79765625
0 0 0.65703125 0.0046875 0.65703125 0.0203125 0.63203125 0.0109375 0.60546875 0.00078125 0.6015625 0 0.65703125
0 0 0.44453125 0.003125 0.49921875 0.0203125 0.46015625 0.0171875 0.44609375 0.00859375 0.440625 0 0.44453125
0 0.9453125 0.66953125 0.94375 0.69921875 0.934375 0.71640625 0.940625 0.73671875 0.95 0.74140625 0.9640625 0.68984375 0.9625 0.66796875 0.95390625 0.6609375 0.9453125 0.66953125
0 1 0.61953125 0.9890625 0.59453125 0.98046875 0.590625 0.96875 0.59453125 0.9765625 0.61796875 0.975 0.66796875 0.9765625 0.67734375 0.9890625 0.68203125 1 0.66328125 1 0.61953125
0 0.88046875 0.5390625 0.878125 0.56953125 0.89453125 0.5640625 0.9203125 0.58359375 0.9234375 0.57265625 0.90625 0.53828125 0.89609375 0.5328125 0.88046875 0.5390625
0 0.6390625 0.51953125 0.6234375 0.55234375 0.63046875 0.5625 0.646875 0.56796875 0.659375 0.53828125 0.659375 0.52421875 0.65078125 0.5125 0.6390625 0.51953125
0 0.2734375 0.75234375 0.271875 0.77890625 0.27734375 0.7890625 0.2890625 0.78984375 0.3 0.77265625 0.3 0.75390625 0.28203125 0.740625 0.2734375 0.75234375
0 0.1078125 0.52578125 0.0984375 0.54296875 0.103125 0.56953125 0.115625 0.57421875 0.1296875 0.54296875 0.128125 0.52578125 0.12109375 0.51875 0.1078125 0.52578125
0 0.08359375 0.50625 0.115625 0.50546875 0.11171875 0.4859375 0.075 0.48671875 0.0734375 0.49609375 0.08359375 0.50625
0 0.1515625 0.40078125 0.1390625 0.45234375 0.14375 0.48671875 0.15 0.49296875 0.171875 0.45703125 0.1734375 0.42421875 0.16171875 0.3953125 0.1515625 0.40078125
0 0.30390625 0.3171875 0.2921875 0.33515625 0.29375 0.35703125 0.303125 0.36171875 0.315625 0.35078125 0.3203125 0.33046875 0.31171875 0.315625 0.30390625 0.3171875
0 0.45 0.01328125 0.4640625 0.03828125 0.471875 0.04140625 0.478125 0.02421875 0.4734375 0.00234375 0.44921875 0 0.45 0.01328125
0 0.95234375 0.83125 0.94453125 0.840625 0.93359375 0.8296875 0.9265625 0.84453125 0.9328125 0.87578125 0.93984375 0.88125 0.95078125 0.878125 0.965625 0.88828125 0.971875 0.88203125 0.971875 0.86640625 0.9625 0.84296875 0.95234375 0.83125
0 0.990625 0.92265625 0.98203125 0.9203125 0.97265625 0.9375 0.94921875 0.93125 0.9484375 0.94453125 0.98125 0.99765625 0.9984375 0.99921875 1 0.98828125 0.990625 0.97578125 0.9953125 0.96015625 0.990625 0.92265625
0 0.38984375 0.896875 0.3984375 0.89609375 0.40625 0.87421875 0.39296875 0.8640625 0.384375 0.88671875 0.38984375 0.896875
0 0.3671875 0.74140625 0.3640625 0.75234375 0.365625 0.76640625 0.3765625 0.76796875 0.39375 0.76015625 0.3921875 0.74453125 0.37734375 0.734375 0.3671875 0.74140625
0 0.06953125 0.7234375 0.0609375 0.73515625 0.065625 0.77421875 0.0890625 0.80078125 0.1015625 0.77890625 0.103125 0.76171875 0.0796875 0.72734375 0.06953125 0.7234375
0 0.20625 0.58046875 0.19765625 0.5671875 0.1875 0.57421875 0.1859375 0.59140625 0.1734375 0.61640625 0.1765625 0.63515625 0.1953125 0.64609375 0.21875 0.61796875 0.2171875 0.60234375 0.20625 0.60078125 0.20625 0.58046875