0 0.890625 0.75390625 0.9140625 0.68203125 0.9421875 0.66015625 0.984375 0.59453125 0.984375 0.57734375 0.9703125 0.54140625 0.94375 0.51796875 0.95625 0.49296875 0.9625 0.45859375 0.934375 0.39453125 0.94375 0.37421875 0.94375 0.35546875 0.928125 0.33984375 0.91796875 0.3171875 0.89921875 0.3078125 0.87109375 0.3125 0.83671875 0.33125 0.80234375 0.3390625 0.78515625 0.3515625 0.74765625 0.3515625 0.73359375 0.3625 0.69609375 0.3515625 0.66953125 0.3515625 0.62890625 0.35625 0.61640625 0.3671875 0.58515625 0.34375 0.56953125 0.3453125 0.56171875 0.353125 0.55078125 0.3453125 0.53359375 0.3453125 0.52265625 0.3359375 0.50859375 0.3359375 0.4984375 0.34140625 0.48984375 0.36875 0.46328125 0.3796875 0.43203125 0.378125 0.4296875 0.36328125 0.41953125 0.3609375 0.41328125 0.35 0.4 0.35390625 0.396875 0.37421875 0.38515625 0.384375 0.375 0.38046875 0.36484375 0.3609375 0.3265625 0.35390625 0.3296875 0.40859375 0.321875 0.42734375 0.3203125 0.48046875 0.32265625 0.4921875 0.33671875 0.4890625 0.34375 0.49765625 0.346875 0.53828125 0.35234375 0.5453125 0.38046875 0.5390625 0.39296875 0.515625 0.40078125 0.5109375 0.41484375 0.5140625 0.43828125 0.49375 0.45703125 0.5015625 0.47578125 0.4890625 0.509375 0.51953125 0.509375 0.55390625 0.52265625 0.5671875 0.53359375 0.565625 0.53828125 0.5828125 0.54453125 0.5765625 0.55 0.58203125 0.52578125 0.5890625 0.5125 0.60390625 0.5109375 0.64765625 0.56796875 0.6546875 0.57890625 0.7 0.59765625 0.7046875 0.62265625 0.6921875 0.64140625 0.690625 0.65234375 0.68125 0.66015625 0.69375 0.69609375 0.696875 0.71171875 0.7109375 0.72578125 0.709375 0.73125 0.74140625 0.75546875 0.7609375 0.77265625 0.7609375 0.78046875 0.7484375 0.7921875 0.74765625 0.7921875 0.77578125 0.8 0.80234375 0.82421875 0.8265625 0.990625 0.82890625 1 0.82734375 0.99921875 0.7921875 0.95859375 0.7875 0.890625 0.75390625
0 0.86015625 0.25 0.8421875 0.23515625 0.83984375 0.225 0.82421875 0.2359375 0.81484375 0.225 0.80390625 0.225 0.796875 0.23359375 0.79375 0.26328125 0.7984375 0.27890625 0.80390625 0.2875 0.8265625 0.29765625 0.8328125 0.32265625 0.840625 0.32578125 0.884375 0.30234375 0.8921875 0.26484375 0.88671875 0.2578125 0.86015625 0.25
0 0.92421875 0.253125 0.90546875 0.25625 0.896875 0.27734375 0.8984375 0.29609375 0.91796875 0.315625 0.93125 0.31796875 0.9453125 0.30078125 0.946875 0.25859375 0.93359375 0.2609375 0.92421875 0.253125
0 0.77578125 0.2453125 0.7671875 0.25703125 0.7671875 0.28828125 0.7828125 0.28984375 0.7953125 0.27890625 0.7953125 0.26953125 0.7875 0.24921875 0.77578125 0.2453125
0 0.7375 0.28203125 0.75390625 0.29375 0.765625 0.26953125 0.76875 0.24609375 0.74609375 0.2296875 0.73046875 0.2421875 0.71015625 0.2453125 0.6890625 0.27421875 0.7015625 0.29453125 0.7046875 0.33515625 0.7125 0.34296875 0.7140625 0.30078125 0.721875 0.28203125 0.73359375 0.271875 0.7375 0.28203125
0 0.640625 0.07109375 0.64296875 0.1046875 0.65859375 0.1 0.67265625 0.1046875 0.6796875 0.08671875 0.69453125 0.0734375 0.70546875 0.0890625 0.7109375 0.08828125 0.715625 0.06171875 0.7015625 0.04453125 0.70703125 0 0.44375 0.00234375 0.4625 0.00859375 0.46328125 0.0421875 0.4734375 0.03203125 0.46875 0.02734375 0.47109375 0.0078125 0.49453125 0.0125 0.503125 0.02421875 0.4984375 0.02890625 0.51796875 0.0546875 0.53203125 0.059375 0.55859375 0.0875 0.58046875 0.096875 0.60078125 0.1265625 0.6171875 0.12578125 0.625 0.11171875 0.621875 0.08203125 0.62734375 0.0703125 0.640625 0.07109375
0 0.87109375 0.04375 0.8828125 0.04453125 0.8859375 0.00234375 0.85546875 0 0.865625 0.03671875 0.87109375 0.04375
0 0 0.99921875 0.0875 0.99921875 0.0828125 0.94296875 0.06328125 0.940625 0.04140625 0.909375 0.0203125 0.89921875 0.025 0.88046875 0.0390625 0.86796875 0.0625 0.79921875 0.0546875 0.75078125 0.08125 0.71484375 0.096875 0.66171875 0.0875 0.64765625 0.09375 0.58671875 0.0796875 0.55859375 0.078125 0.52578125 0.07109375 0.5125 0.05390625 0.534375 0.028125 0.54921875 0.02421875 0.565625 0 0.55859375 0 0.99921875
0 0.99921875 0.8328125 0.6984375 0.83515625 0.69921875 1 0.965625 0.99921875 0.9921875 0.92421875 0.9921875 0.89921875 1 0.88515625 0.99921875 0.8328125
0 0.0671875 0.38515625 0.05703125 0.375 0.0578125 0.38984375 0.05234375 0.3859375 0.05 0.39765625 0.0421875 0.40078125 0.05 0.41171875 0.053125 0.39765625 0.06015625 0.3984375 0.0609375 0.38828125 0.0671875 0.38515625
0 0 0.31328125 0.0026111578125 0.3890048234375 0.009375 0.38359375 0.003125 0.37265625 0.00859375 0.3765625 0.01875 0.36171875 0.00859375 0.3109375 0 0.31328125
0 0.0765625 0.52578125 0.09453125 0.4875 0.10859375 0.4921875 0.1328125 0.46484375 0.11328125 0.4203125 0.09765625 0.425 0.09453125 0.415625 0.08828125 0.4234375 0.08203125 0.4203125 0.08046875 0.4296875 0.075 0.42734375 0.075 0.43515625 0.0828125 0.43515625 0.07890625 0.46875 0.0765625 0.44296875 0.05625 0.44453125 0.0578125 0.46171875 0.075 0.48359375 0.0578125 0.53046875 0.0453125 0.52578125 0.0421875 0.53984375 0.05 0.54140625 0.06171875 0.5296875 0.06640625 0.5328125 0.07109375 0.521875 0.0765625 0.52578125
0 0.30625 0.24609375 0.303125 0.26015625 0.309375 0.30859375 0.3171875 0.33515625 0.325 0.33984375 0.3296875 0.32890625 0.33125 0.24765625 0.31796875 0.2375 0.30625 0.24609375
0 0.34609375 0.24375 0.3421875 0.25546875 0.35 0.28359375 0.36171875 0.296875 0.378125 0.29765625 0.384375 0.24296875 0.36953125 0.2359375 0.35859375 0.24375 0.34609375 0.24375
0 0.26640625 0.296875 0.259375 0.30234375 0.2578125 0.31796875 0.2765625 0.33671875 0.2953125 0.31953125 0.2953125 0.31015625 0.28359375 0.2984375 0.26640625 0.296875
0 0.44609375 0.1046875 0.42109375 0.1078125 0.421875 0.12265625 0.4328125 0.12578125 0.45390625 0.1234375 0.459375 0.11796875 0.45625 0.11015625 0.44609375 0.1046875