0 0.66796875 0 0.65546875 0.015625 0.64453125 0.0015625 0.634375 0.00703125 0.634375 0.12734375 0.621875 0.16328125 0.6296875 0.22421875 0.64453125 0.2328125 0.67734375 0.2375 0.71796875 0.234375 0.7359375 0.23984375 0.74921875 0.23125 0.82109375 0.2328125 0.8328125 0.22421875 0.834375 0.15234375 0.84375 0.09296875 0.865625 0.01953125 0.86015625 0 0.66796875 0
0 0.91640625 0.221875 0.88359375 0.203125 0.86328125 0.20625 0.84140625 0.190625 0.834375 0.19296875 0.8296875 0.22734375 0.83359375 0.2390625 0.921875 0.24296875 0.97109375 0.2421875 0.978125 0.23515625 0.97109375 0.228125 0.91640625 0.221875
0 0.29453125 0.5 0.31796875 0.5 0.33515625 0.4921875 0.3609375 0.44765625 0.35625 0.44140625 0.36640625 0.4296875 0.39296875 0.425 0.409375 0.40078125 0.4109375 0.35390625 0.40859375 0.3484375 0.40390625 0.353125 0.396875 0.34140625 0.3953125 0.32109375 0.37734375 0.2828125 0.35703125 0.2828125 0.34609375 0.275 0.34140625 0.2828125 0.33828125 0.278125 0.33359375 0.2828125 0.32109375 0.2734375 0.28984375 0.2703125 0.27421875 0.278125 0.25390625 0.271875 0.23515625 0.284375 0.19453125 0.28125 0.1828125 0.28828125 0.178125 0.31796875 0.159375 0.33984375 0.1640625 0.37890625 0.171875 0.38828125 0.16953125 0.39375 0.1890625 0.39609375 0.2015625 0.42109375 0.2171875 0.43203125 0.2203125 0.44765625 0.2390625 0.46328125 0.2375 0.49921875 0.24765625 0.5015625 0.2546875 0.51015625 0.2515625 0.51484375 0.25625 0.51484375 0.25546875 0.503125 0.26328125 0.503125 0.26796875 0.5125 0.29453125 0.5
0 0.53359375 0.371875 0.50546875 0.371875 0.48515625 0.3828125 0.47578125 0.3984375 0.46015625 0.3921875 0.4375 0.40859375 0.44453125 0.4265625 0.49453125 0.4296875 0.50859375 0.45 0.5390625 0.45078125 0.5546875 0.44296875 0.55625 0.40546875 0.5484375 0.38359375 0.53359375 0.371875
0 0.8078125 0.37734375 0.79375 0.34453125 0.77578125 0.325 0.73984375 0.33125 0.7234375 0.35390625 0.715625 0.35546875 0.71875 0.36953125 0.70625 0.39921875 0.7234375 0.46640625 0.73515625 0.4765625 0.7578125 0.47578125 0.78515625 0.471875 0.7984375 0.46171875 0.8140625 0.41171875 0.8078125 0.37734375
0 0.9421875 0.41953125 0.94375 0.40078125 0.9375 0.39609375 0.9515625 0.36328125 0.95 0.33203125 0.90390625 0.2890625 0.87578125 0.28125 0.84140625 0.2890625 0.8234375 0.30703125 0.8203125 0.34921875 0.828125 0.37890625 0.85 0.39296875 0.8484375 0.42109375 0.85703125 0.4296875 0.88359375 0.4359375 0.90546875 0.4265625 0.9390625 0.43671875 0.959375 0.42109375 0.95703125 0.40625 0.95390625 0.415625 0.9421875 0.41953125
0 0.81171875 0.6640625 0.82578125 0.671875 0.85234375 0.65625 0.865625 0.63203125 0.8578125 0.61640625 0.8578125 0.58046875 0.86640625 0.5671875 0.8765625 0.56953125 0.8859375 0.59453125 0.9078125 0.61328125 0.91640625 0.63125 0.94375 0.58671875 0.9484375 0.45078125 0.965625 0.42734375 0.96875 0.39140625 0.9546875 0.37265625 0.946875 0.32890625 0.90703125 0.290625 0.88046875 0.28125 0.85390625 0.28125 0.82578125 0.3 0.81328125 0.321875 0.79765625 0.3125 0.78203125 0.31875 0.73359375 0.3140625 0.72109375 0.321875 0.70703125 0.30625 0.69375 0.32265625 0.6921875 0.40546875 0.68671875 0.421875 0.6796875 0.41953125 0.68046875 0.4078125 0.675 0.40859375 0.67265625 0.421875 0.640625 0.41796875 0.640625 0.38515625 0.6328125 0.37734375 0.640625 0.37421875 0.64296875 0.359375 0.65625 0.35859375 0.65625 0.33828125 0.64453125 0.3265625 0.63203125 0.3265625 0.621875 0.33359375 0.62578125 0.34375 0.61640625 0.3359375 0.6109375 0.33984375 0.6140625 0.35390625 0.603125 0.35859375 0.5953125 0.38671875 0.6 0.39296875 0.5984375 0.42890625 0.60390625 0.4390625 0.6109375 0.43984375 0.6015625 0.46953125 0.615625 0.49609375 0.628125 0.61640625 0.6421875 0.67734375 0.64921875 0.684375 0.69140625 0.6796875 0.7265625 0.68515625 0.73828125 0.675 0.75546875 0.68125 0.79296875 0.68125 0.81171875 0.6640625
0 0.33984375 0.659375 0.32421875 0.6546875 0.1984375 0.65859375 0.1953125 0.74140625 0.20546875 0.7640625 0.3109375 0.76640625 0.3234375 0.76328125 0.3265625 0.73515625 0.340625 0.70078125 0.33984375 0.659375
0 0.44921875 0.665625 0.43046875 0.6671875 0.409375 0.68203125 0.40625 0.70703125 0.3890625 0.73359375 0.39375 0.75390625 0.3875 0.76328125 0.3921875 0.77265625 0.3890625 0.79609375 0.3953125 0.82109375 0.41640625 0.840625 0.4359375 0.84140625 0.4703125 0.80703125 0.4796875 0.76015625 0.475 0.70078125 0.44921875 0.665625
0 0.29609375 0.9703125 0.303125 0.96953125 0.30625 0.93359375 0.32265625 0.9140625 0.32578125 0.928125 0.33828125 0.915625 0.34609375 0.93125 0.36171875 0.915625 0.37265625 0.95625 0.3859375 0.94453125 0.3828125 0.93515625 0.39296875 0.928125 0.4046875 0.93671875 0.4 0.94296875 0.4078125 0.95390625 0.41796875 0.9484375 0.42421875 0.9640625 0.43203125 0.9546875 0.43515625 0.9625 0.43828125 0.9546875 0.44765625 0.9578125 0.45 0.93828125 0.45546875 0.934375 0.46328125 0.934375 0.4703125 0.95078125 0.47890625 0.953125 0.484375 0.94296875 0.48125 0.91015625 0.4890625 0.81484375 0.46953125 0.815625 0.43671875 0.8421875 0.40546875 0.8375 0.37578125 0.8453125 0.3609375 0.83359375 0.3578125 0.80078125 0.3515625 0.79609375 0.35 0.77265625 0.34453125 0.76875 0.21640625 0.76875 0.215625 0.91171875 0.22265625 0.9125 0.225 0.92578125 0.23671875 0.93125 0.26328125 0.9296875 0.26875 0.91953125 0.275 0.99921875 0.2796875 0.99921875 0.2828125 0.96484375 0.28671875 0.9703125 0.28984375 0.9625 0.29609375 0.9703125
0 0.35625 0.54453125 0.3703125 0.50703125 0.3703125 0.49453125 0.3625 0.48359375 0.3640625 0.43046875 0.35390625 0.421875 0.33984375 0.428125 0.30703125 0.41875 0.29921875 0.4109375 0.24453125 0.41875 0.20078125 0.4140625 0.1984375 0.48828125 0.2078125 0.50234375 0.2109375 0.53671875 0.221875 0.55546875 0.22421875 0.5734375 0.22734375 0.5640625 0.2328125 0.56640625 0.23203125 0.546875 0.2265625 0.55390625 0.228125 0.53984375 0.2375 0.54140625 0.2375 0.57109375 0.246875 0.60078125 0.24375 0.63984375 0.25546875 0.6484375 0.26015625 0.64375 0.26171875 0.6484375 0.28671875 0.6515625 0.3375 0.65078125 0.340625 0.61640625 0.346875 0.61328125 0.3546875 0.57734375 0.35625 0.54453125
0 0.584375 0.42734375 0.5765625 0.41640625 0.575 0.39296875 0.565625 0.38828125 0.56640625 0.38125 0.55703125 0.3796875 0.553125 0.38828125 0.5234375 0.31953125 0.51640625 0.3125 0.5015625 0.31484375 0.49140625 0.2859375 0.46796875 0.2828125 0.45234375 0.2671875 0.43828125 0.2765625 0.43515625 0.26875 0.43203125 0.284375 0.428125 0.27890625 0.425 0.31796875 0.434375 0.34140625 0.4390625 0.43515625 0.44453125 0.440625 0.45546875 0.4390625 0.46796875 0.45 0.47890625 0.446875 0.47890625 0.4546875 0.459375 0.45546875 0.46640625 0.4609375 0.49453125 0.4609375 0.50703125 0.484375 0.5453125 0.48515625 0.5765625 0.45703125 0.5765625 0.43984375 0.58125 0.43984375 0.584375 0.42734375
0 0.7140625 0.25234375 0.715625 0.30390625 0.72265625 0.3171875 0.73125 0.31640625 0.7453125 0.30546875 0.746875 0.24921875 0.73515625 0.2453125 0.7140625 0.25234375
0 0.77578125 0.2484375 0.771875 0.25390625 0.7765625 0.28359375 0.78671875 0.290625 0.79296875 0.2796875 0.7953125 0.30546875 0.80078125 0.3140625 0.809375 0.31484375 0.8125 0.26484375 0.8203125 0.25234375 0.80546875 0.2453125 0.77578125 0.2484375
0 0.50625 0.71484375 0.4921875 0.66015625 0.47890625 0.64375 0.41953125 0.6625 0.38984375 0.68125 0.36484375 0.6765625 0.3484375 0.70234375 0.3640625 0.75078125 0.3609375 0.82734375 0.365625 0.83671875 0.37578125 0.8453125 0.40078125 0.8390625 0.4375 0.84453125 0.47265625 0.815625 0.48984375 0.809375 0.5078125 0.78515625 0.50625 0.71484375
0 0.63671875 0.2265625 0.61484375 0.2109375 0.59765625 0.2140625 0.58984375 0.225 0.51328125 0.221875 0.49609375 0.2296875 0.46640625 0.2265625 0.4578125 0.23515625 0.46328125 0.2421875 0.47734375 0.24375 0.684375 0.24296875 0.69375 0.23671875 0.67578125 0.2359375 0.66484375 0.2265625 0.63671875 0.2265625
0 0.9296875 0.02890625 0.94375 0.00078125 0.87265625 0 0.878125 0.13828125 0.88828125 0.15 0.89921875 0.1421875 0.91171875 0.159375 0.9171875 0.15859375 0.9203125 0.13671875 0.928125 0.12578125 0.9234375 0.10078125 0.9296875 0.02890625
0 0.43125 0.37265625 0.4265625 0.36953125 0.4328125 0.36328125 0.41328125 0.35625 0.403125 0.36328125 0.4109375 0.36953125 0.409375 0.37734375 0.40546875 0.3703125 0.3984375 0.38828125 0.3875 0.39609375 0.375 0.44453125 0.378125 0.50234375 0.38984375 0.5203125 0.39296875 0.509375 0.39375 0.51953125 0.40625 0.52421875 0.4171875 0.51484375 0.425 0.49140625 0.4359375 0.42890625 0.43125 0.37265625
0 0.45390625 0.9359375 0.446875 0.96484375 0.453125 0.99921875 0.48125 0.99921875 0.4859375 0.96015625 0.47109375 0.9546875 0.46171875 0.9359375 0.45390625 0.9359375