0 0.14609375 0.1390625 0.14140625 0.121875 0.13046875 0.128125 0.11796875 0.1234375 0.08984375 0.1453125 0.0671875 0.14921875 0.0578125 0.18203125 0.040625 0.20234375 0.0421875 0.23359375 0.03125 0.25546875 0.07265625 0.315625 0.11171875 0.325 0.1671875 0.32421875 0.190625 0.25703125 0.1703125 0.14765625 0.16171875 0.13125 0.14609375 0.1390625
0 0.1703125 0.32265625 0.190625 0.25859375 0.190625 0.23515625 0.175 0.18984375 0.1671875 0.13828125 0.16328125 0.1328125 0.14609375 0.1359375 0.13828125 0.1203125 0.11171875 0.1265625 0.09140625 0.14375 0.065625 0.15078125 0.05625 0.18359375 0.0390625 0.20546875 0.040625 0.23515625 0.0296875 0.25234375 0.0296875 0.26328125 0.08203125 0.3421875 0.11484375 0.365625 0.13984375 0.3640625 0.15390625 0.3765625 0.1640625 0.37578125 0.18515625 0.371875 0.19375 0.35703125 0.1875 0.33515625 0.1703125 0.32265625
0 0.0015625 0.03828125 0.021875 0.05546875 0.03125 0.00078125 0.00703125 0 0.009375 0.02109375 0.0015625 0.03828125
0 0.465625 0.13046875 0.4671875 0.10234375 0.4578125 0.08359375 0.459375 0.06328125 0.45234375 0.0578125 0.4359375 0.06796875 0.42265625 0.1078125 0.403125 0.09453125 0.40078125 0.08125 0.38203125 0.0890625 0.3703125 0.10546875 0.371875 0.13359375 0.390625 0.17265625 0.40859375 0.1921875 0.4171875 0.19296875 0.4265625 0.18515625 0.4390625 0.15703125 0.45078125 0.1515625 0.465625 0.13046875
0 0.396875 0.29296875 0.3859375 0.30234375 0.384375 0.32578125 0.396875 0.33984375 0.44375 0.29609375 0.4421875 0.26640625 0.42421875 0.2390625 0.396875 0.29296875
0 0.50234375 0.378125 0.48984375 0.378125 0.47109375 0.3546875 0.4640625 0.36171875 0.4640625 0.37734375 0.475 0.39453125 0.4765625 0.41953125 0.48515625 0.4265625 0.4984375 0.42578125 0.5125 0.41640625 0.5109375 0.37578125 0.50703125 0.371875 0.50234375 0.378125
0 0.38359375 0.3671875 0.3796875 0.38203125 0.396875 0.42109375 0.3953125 0.44453125 0.41875 0.44765625 0.4265625 0.43984375 0.421875 0.38984375 0.39609375 0.365625 0.38359375 0.3671875
0 0.675 0.49609375 0.665625 0.48671875 0.6484375 0.41796875 0.61953125 0.3921875 0.60859375 0.4 0.59609375 0.390625 0.5921875 0.51328125 0.5984375 0.53046875 0.628125 0.54921875 0.6484375 0.53671875 0.65234375 0.5234375 0.671875 0.51953125 0.675 0.49609375
0 0.81484375 0.6296875 0.82421875 0.6265625 0.8578125 0.63515625 0.8640625 0.59296875 0.84453125 0.575 0.80625 0.61328125 0.81484375 0.6296875
0 0.7984375 0.81796875 0.8 0.78515625 0.78515625 0.7765625 0.7609375 0.79765625 0.7609375 0.82578125 0.7421875 0.91328125 0.74609375 0.9265625 0.76171875 0.928125 0.76796875 0.9390625 0.7796875 0.93828125 0.8 0.93046875 0.796875 0.88203125 0.7859375 0.85078125 0.7984375 0.81796875
0 0.6203125 0.90703125 0.6125 0.93671875 0.61953125 0.9515625 0.6296875 0.95234375 0.64375 0.92890625 0.6484375 0.90390625 0.63671875 0.8796875 0.6203125 0.90703125
0 0.29921875 0.6984375 0.2265625 0.71796875 0.2234375 0.81171875 0.2359375 0.87421875 0.23125 0.89296875 0.2421875 0.89453125 0.2625 0.87421875 0.2828125 0.83828125 0.284375 0.77890625 0.29921875 0.6984375