0 0.640625 0.50078125 0.6375 0.37578125 0.6203125 0.33515625 0.634375 0.28671875 0.6375 0.25078125 0.6125 0.21640625 0.6078125 0.18984375 0.61328125 0.1640625 0.63046875 0.171875 0.6375 0.16640625 0.640625 0.10390625 0.634375 0.08671875 0.58203125 0.065625 0.51328125 0.0703125 0.5078125 0.07734375 0.5109375 0.11484375 0.5171875 0.13359375 0.5296875 0.14609375 0.53125 0.16640625 0.50703125 0.2046875 0.5 0.20078125 0.5 0.17890625 0.484375 0.16640625 0.484375 0.15078125 0.4703125 0.14296875 0.4890625 0.13828125 0.48359375 0.1296875 0.4703125 0.12578125 0.4859375 0.12265625 0.46875 0.11171875 0.4828125 0.10703125 0.47421875 0.0984375 0.46796875 0.096875 0.46484375 0.103125 0.45546875 0.0984375 0.4515625 0.10546875 0.465625 0.11015625 0.45546875 0.1140625 0.453125 0.12265625 0.4625 0.12578125 0.4546875 0.13046875 0.4546875 0.13984375 0.4640625 0.14296875 0.4546875 0.15234375 0.4609375 0.16171875 0.45546875 0.159375 0.4546875 0.16953125 0.4453125 0.17421875 0.45 0.17734375 0.4421875 0.18046875 0.43984375 0.1984375 0.43125 0.19296875 0.4421875 0.15078125 0.428125 0.08984375 0.42265625 0.0828125 0.41171875 0.084375 0.39609375 0.1078125 0.37265625 0.09375 0.3609375 0.10390625 0.3484375 0.14609375 0.36171875 0.1609375 0.37578125 0.1640625 0.38125 0.17421875 0.365625 0.21953125 0.35390625 0.2234375 0.35 0.21171875 0.3375 0.20546875 0.31328125 0.1609375 0.303125 0.17890625 0.28828125 0.1890625 0.265625 0.14765625 0.2640625 0.10390625 0.24765625 0.096875 0.23046875 0.1 0.221875 0.11015625 0.221875 0.12265625 0.234375 0.15703125 0.24375 0.21796875 0.21875 0.24453125 0.2125 0.27109375 0.22890625 0.2875 0.25546875 0.296875 0.26328125 0.309375 0.28671875 0.3203125 0.290625 0.35390625 0.30546875 0.359375 0.31796875 0.3515625 0.34921875 0.4 0.3734375 0.40546875 0.3875 0.43828125 0.3796875 0.44296875 0.37734375 0.46875 0.37265625 0.4328125 0.36953125 0.440625 0.36171875 0.4390625 0.35546875 0.4234375 0.35390625 0.4375 0.34765625 0.4234375 0.3390625 0.43828125 0.33359375 0.43125 0.33046875 0.440625 0.32734375 0.421875 0.32265625 0.4296875 0.31015625 0.421875 0.303125 0.43203125 0.3078125 0.44296875 0.3 0.44765625 0.28359375 0.4796875 0.2828125 0.46953125 0.2734375 0.46796875 0.28046875 0.4640625 0.28359375 0.46875 0.2875 0.46328125 0.2796875 0.41640625 0.2828125 0.39609375 0.2890625 0.39296875 0.28125 0.39140625 0.27890625 0.375 0.2765625 0.38984375 0.26875 0.39296875 0.26640625 0.4171875 0.265625 0.37578125 0.25234375 0.3921875 0.24921875 0.375 0.23828125 0.3765625 0.23828125 0.3828125 0.23203125 0.3765625 0.23125 0.38984375 0.221875 0.39296875 0.2296875 0.39453125 0.23203125 0.4203125 0.23671875 0.4078125 0.246875 0.41640625 0.2484375 0.44140625 0.24296875 0.4453125 0.23984375 0.4390625 0.23671875 0.4453125 0.23203125 0.4375 0.22109375 0.4390625 0.215625 0.46640625 0.225 0.48203125 0.221875 0.49140625 0.2296875 0.53046875 0.23203125 0.534375 0.2375 0.52578125 0.240625 0.54140625 0.265625 0.56953125 0.25 0.57578125 0.2625 0.57890625 0.25859375 0.5984375 0.25 0.59765625 0.24765625 0.58125 0.24453125 0.5953125 0.23984375 0.5875 0.23203125 0.5875 0.221875 0.60078125 0.24921875 0.6046875 0.2859375 0.59921875 0.28125 0.58515625 0.271875 0.58203125 0.28125 0.57890625 0.28125 0.57265625 0.2734375 0.56953125 0.271875 0.53515625 0.30390625 0.5265625 0.30703125 0.5140625 0.3109375 0.53203125 0.3234375 0.53671875 0.315625 0.55546875 0.31796875 0.559375 0.3234375 0.55390625 0.32578125 0.578125 0.328125 0.53359375 0.34375 0.53515625 0.34609375 0.5078125 0.3546875 0.51328125 0.35703125 0.5421875 0.3609375 0.48671875 0.3703125 0.48828125 0.37265625 0.50625 0.37734375 0.484375 0.38046875 0.4921875 0.38515625 0.4875 0.390625 0.49140625 0.384375 0.49609375 0.3890625 0.51484375 0.3828125 0.51796875 0.403125 0.53046875 0.40390625 0.5421875 0.409375 0.53359375 0.415625 0.55390625 0.4078125 0.55859375 0.42421875 0.5609375 0.42109375 0.5703125 0.43203125 0.5625 0.44453125 0.565625 0.46796875 0.5578125 0.48828125 0.56875 0.51484375 0.559375 0.53046875 0.5671875 0.55234375 0.59375 0.58828125 0.60625 0.6046875 0.60546875 0.6109375 0.60078125 0.6125 0.57890625 0.6328125 0.55703125 0.640625 0.50078125
0 0.75234375 0.2375 0.7453125 0.24453125 0.746875 0.25859375 0.75625 0.27890625 0.76328125 0.2859375 0.771875 0.28515625 0.78125 0.27265625 0.775 0.24453125 0.76484375 0.2359375 0.75234375 0.2375
0 0.78828125 0.3984375 0.803125 0.39609375 0.80625 0.37578125 0.8015625 0.34609375 0.7875 0.31953125 0.76953125 0.303125 0.75703125 0.3015625 0.734375 0.32265625 0.7203125 0.37578125 0.728125 0.41015625 0.7390625 0.42890625 0.7328125 0.46015625 0.76484375 0.4828125 0.7734375 0.48203125 0.778125 0.46484375 0.76875 0.44765625 0.7671875 0.42734375 0.78828125 0.3984375
0 0.8125 0.12265625 0.8265625 0.11484375 0.821875 0.08828125 0.8015625 0.07890625 0.80625 0.06953125 0.8015625 0.04765625 0.77890625 0.0328125 0.75546875 0.05 0.74921875 0.05 0.73828125 0.0328125 0.72421875 0.0296875 0.7171875 0.03515625 0.721875 0.08515625 0.73515625 0.0859375 0.74609375 0.075 0.7546875 0.08828125 0.75 0.11015625 0.7328125 0.13984375 0.7296875 0.16953125 0.7390625 0.17265625 0.77265625 0.1703125 0.79296875 0.159375 0.8046875 0.14609375 0.8125 0.12265625
0 0.98203125 0.0140625 0.91015625 0.0140625 0.90625 0.15390625 0.9140625 0.22421875 0.92890625 0.2515625 0.9515625 0.25234375 0.96953125 0.2484375 0.9859375 0.22109375 0.9875 0.01953125 0.98203125 0.0140625
0 0.8546875 0.68671875 0.86015625 0.6796875 0.88046875 0.6921875 0.8875 0.67109375 0.9046875 0.66328125 0.9125 0.63828125 0.88828125 0.5921875 0.87421875 0.5875 0.86875 0.61171875 0.8640625 0.61171875 0.8640625 0.58203125 0.83515625 0.553125 0.8265625 0.56484375 0.825 0.58046875 0.80625 0.60703125 0.8015625 0.64609375 0.80625 0.69921875 0.8 0.71328125 0.80546875 0.7203125 0.81953125 0.7109375 0.83046875 0.7171875 0.84375 0.75234375 0.8640625 0.76171875 0.8703125 0.75546875 0.8703125 0.74140625 0.85625 0.71484375 0.8546875 0.68671875
0 0.6484375 0.81015625 0.6484375 0.78515625 0.62578125 0.7734375 0.6125 0.78671875 0.6125 0.79765625 0.625 0.80234375 0.63125 0.82578125 0.60625 0.87109375 0.603125 0.89140625 0.62109375 0.9203125 0.678125 0.92578125 0.6875 0.91484375 0.684375 0.85546875 0.66875 0.82109375 0.6484375 0.81015625
0 0.371875 0.81953125 0.378125 0.78828125 0.371875 0.71484375 0.35625 0.70078125 0.33828125 0.6625 0.30703125 0.6875 0.2921875 0.68828125 0.2828125 0.66171875 0.296875 0.64921875 0.29609375 0.6265625 0.27890625 0.625 0.26640625 0.63125 0.24296875 0.6234375 0.23515625 0.6125 0.20390625 0.6125 0.1796875 0.63203125 0.1859375 0.66328125 0.165625 0.74140625 0.14609375 0.7765625 0.13515625 0.7765625 0.1296875 0.76171875 0.125 0.76328125 0.11875 0.82265625 0.14921875 0.8625 0.16171875 0.8625 0.16953125 0.8484375 0.18515625 0.840625 0.209375 0.87421875 0.21640625 0.9109375 0.225 0.90859375 0.2296875 0.87421875 0.23984375 0.859375 0.2484375 0.86328125 0.253125 0.89140625 0.26484375 0.89375 0.2765625 0.86640625 0.29921875 0.853125 0.309375 0.86640625 0.3140625 0.91484375 0.3625 0.92421875 0.365625 0.90703125 0.359375 0.90078125 0.3578125 0.84765625 0.371875 0.81953125
0 0.58515625 1 0.5921875 0.96484375 0.60859375 0.9625 0.6234375 0.92734375 0.63359375 0.9234375 0.65546875 0.928125 0.6703125 0.94296875 0.653125 0.96953125 0.66640625 1 0.7265625 0.99921875 0.746875 0.95390625 0.75 0.92578125 0.77578125 0.915625 0.784375 0.90078125 0.784375 0.88671875 0.7625 0.86640625 0.753125 0.81015625 0.73828125 0.8046875 0.72265625 0.8171875 0.69609375 0.81875 0.68203125 0.8359375 0.6515625 0.80703125 0.6484375 0.78671875 0.62578125 0.7734375 0.6125 0.78671875 0.6125 0.79765625 0.625 0.80390625 0.6296875 0.82890625 0.6046875 0.87578125 0.59765625 0.878125 0.5734375 0.84296875 0.56484375 0.8390625 0.5578125 0.84765625 0.5546875 0.88046875 0.53515625 0.890625 0.5203125 0.91328125 0.528125 0.93984375 0.525 0.97734375 0.54453125 1 0.58515625 1
0 0.11171875 1 0.11484375 0.9875 0.12421875 1 0.1625 0.99921875 0.1484375 0.87578125 0.1328125 0.86796875 0.1234375 0.84296875 0.11328125 0.8375 0.10390625 0.85 0.08671875 0.85 0.08125 0.85703125 0.0859375 0.89765625 0.0703125 0.90546875 0.0671875 0.92890625 0.0453125 0.95546875 0.046875 0.97578125 0.05390625 0.9875 0.06015625 0.9875 0.07890625 0.9828125 0.08828125 0.96875 0.09453125 0.96875 0.09765625 1 0.11171875 1
0 0.6390625 0.12578125 0.6359375 0.08984375 0.61484375 0.078125 0.57265625 0.078125 0.58125 0.11484375 0.5796875 0.15078125 0.60546875 0.153125 0.5953125 0.15703125 0.628125 0.16484375 0.6359375 0.15859375 0.6265625 0.15390625 0.634375 0.14921875 0.6390625 0.12578125
0 0.19140625 0.2375 0.178125 0.24453125 0.18046875 0.2703125 0.16796875 0.265625 0.15703125 0.2515625 0.1453125 0.25703125 0.12734375 0.2875 0.10078125 0.290625 0.0953125 0.29765625 0.10546875 0.31875 0.13515625 0.3046875 0.196875 0.33359375 0.2 0.28984375 0.19375 0.27734375 0.2046875 0.26015625 0.19140625 0.2375
0 0.40859375 0.453125 0.40546875 0.4390625 0.42890625 0.4375 0.43671875 0.421875 0.43984375 0.4265625 0.4625 0.42265625 0.4703125 0.39765625 0.4984375 0.35703125 0.4984375 0.34609375 0.528125 0.33828125 0.525 0.32578125 0.53125 0.31484375 0.5171875 0.31015625 0.53359375 0.3078125 0.5390625 0.30234375 0.534375 0.29453125 0.55078125 0.2921875 0.55 0.28359375 0.51796875 0.28125 0.515625 0.25390625 0.51015625 0.25 0.50625 0.25703125 0.5125 0.26328125 0.5078125 0.26484375 0.5125 0.27890625 0.5015625 0.29140625 0.5109375 0.29453125 0.50078125 0.3046875 0.484375 0.29765625 0.45703125 0.2578125 0.45390625 0.265625 0.446875 0.26328125 0.4421875 0.22734375 0.4359375 0.22421875 0.425 0.18515625 0.425 0.16953125 0.43828125 0.1640625 0.4421875 0.15546875 0.42421875 0.0859375 0.4109375 0.08828125 0.40390625 0.1125 0.37890625 0.0953125 0.3609375 0.10234375 0.3453125 0.15078125 0.3828125 0.16953125 0.375 0.20078125 0.3671875 0.20546875 0.3734375 0.20859375 0.36015625 0.2171875 0.35390625 0.209375 0.35078125 0.21875 0.3515625 0.20546875 0.3390625 0.20390625 0.31484375 0.153125 0.3015625 0.15703125 0.30234375 0.1671875 0.3078125 0.16015625 0.30625 0.16953125 0.2859375 0.18515625 0.265625 0.14140625 0.2703125 0.11015625 0.26328125 0.1 0.23046875 0.09375 0.21640625 0.1078125 0.20703125 0.1015625 0.2046875 0.11796875 0.21328125 0.125 0.2171875 0.12109375 0.228125 0.14453125 0.2234375 0.14921875 0.2328125 0.15703125 0.2390625 0.20859375 0.23359375 0.21875 0.221875 0.22265625 0.215625 0.23671875 0.209375 0.26015625 0.2125 0.27421875 0.24140625 0.29375 0.25546875 0.2953125 0.27421875 0.315625 0.28671875 0.3171875 0.29921875 0.35625 0.3078125 0.35234375 0.31015625 0.3421875 0.32578125 0.3484375 0.3421875 0.38515625 0.35234375 0.3953125 0.37265625 0.396875 0.384375 0.41015625 0.3984375 0.43984375 0.3921875 0.44765625 0.3921875 0.46328125 0.4015625 0.46328125 0.421875 0.45078125 0.42109375 0.4421875 0.41171875 0.4421875 0.40859375 0.453125
0 0.3015625 0.02421875 0.3046875 0.04140625 0.3125 0.04296875 0.3421875 0.03203125 0.33984375 0 0.3140625 0.00078125 0.3015625 0.02421875
0 0.05859375 0.75 0.04921875 0.746875 0.0390625 0.76796875 0.0484375 0.81484375 0.0640625 0.81796875 0.0828125 0.80546875 0.0859375 0.78984375 0.06640625 0.7421875 0.05859375 0.75