0 0.0171875 0.16328125 0.00390625 0.1796875 0.00078125 0.1328125 0 0.32734375 0.0046875 0.33359375 0 0.44921875 0.028125 0.45390625 0.0296875 0.13984375 0.02421875 0.134375 0.01875 0.14140625 0.0171875 0.16328125
0 0.18515625 0.35 0.16015625 0.35625 0.1515625 0.36953125 0.1515625 0.38203125 0.1671875 0.41171875 0.18125 0.41328125 0.1953125 0.40078125 0.2 0.36953125 0.2 0.35703125 0.18515625 0.35
0 0.3109375 0.37734375 0.325 0.35546875 0.3390625 0.34609375 0.34375 0.32421875 0.32265625 0.3125 0.31171875 0.328125 0.290625 0.34140625 0.28671875 0.3625 0.27265625 0.3640625 0.26328125 0.375 0.25546875 0.3671875 0.24296875 0.3671875 0.2359375 0.37421875 0.2359375 0.38515625 0.240625 0.39765625 0.2640625 0.41328125 0.27578125 0.453125 0.32421875 0.4546875 0.3296875 0.46015625 0.33125 0.48359375 0.3421875 0.48515625 0.3484375 0.47734375 0.340625 0.42109375 0.325 0.41328125 0.3109375 0.37734375
0 0.17734375 0.4546875 0.1765625 0.48359375 0.20625 0.48828125 0.2125 0.47265625 0.22578125 0.4671875 0.2296875 0.45703125 0.17734375 0.4546875
0 0.3109375 0.58984375 0.27578125 0.459375 0.2578125 0.46953125 0.2390625 0.53359375 0.225 0.55703125 0.2328125 0.57890625 0.23125 0.60859375 0.246875 0.62109375 0.26640625 0.59375 0.28828125 0.590625 0.30703125 0.5984375 0.3109375 0.58984375
0 0.453125 0.55390625 0.43203125 0.55 0.42421875 0.5296875 0.37734375 0.5265625 0.3609375 0.56015625 0.37265625 0.5640625 0.3828125 0.58203125 0.38125 0.62265625 0.4015625 0.64609375 0.4203125 0.63046875 0.4296875 0.58984375 0.45 0.56953125 0.453125 0.55390625
0 0.259375 0.47265625 0.2421875 0.53828125 0.26171875 0.5328125 0.265625 0.54453125 0.271875 0.54609375 0.275 0.52578125 0.2875 0.52578125 0.27578125 0.4625 0.259375 0.47265625
0 0.3265625 0.78984375 0.30234375 0.7796875 0.26640625 0.7828125 0.246875 0.77734375 0.2484375 0.68828125 0.2421875 0.66484375 0.25 0.61796875 0.26484375 0.59375 0.2890625 0.58984375 0.26328125 0.5828125 0.25703125 0.590625 0.2515625 0.58828125 0.24609375 0.609375 0.2359375 0.59140625 0.2234375 0.62578125 0.2171875 0.66796875 0.1953125 0.72421875 0.178125 0.73984375 0.1828125 0.77734375 0.2015625 0.83828125 0.1984375 0.91484375 0.2171875 0.93671875 0.23203125 1 0.31875 0.99921875 0.3203125 0.93359375 0.346875 0.88671875 0.3296875 0.87109375 0.3265625 0.78984375
0 0.121875 0.65703125 0.1203125 0.60859375 0.10234375 0.5875 0.0890625 0.62265625 0.0734375 0.63203125 0.071875 0.68984375 0.0578125 0.75703125 0.06875 0.77734375 0.078125 0.77265625 0.090625 0.74453125 0.1109375 0.67578125 0.121875 0.65703125
0 0.0515625 0.65078125 0.02734375 0.64375 0.01875 0.67578125 0.0265625 0.69921875 0.0140625 0.71796875 0.02421875 0.73125 0.040625 0.73359375 0.0515625 0.72578125 0.05 0.70703125 0.0578125 0.67734375 0.0515625 0.65078125
0 0.15390625 0.6328125 0.1453125 0.63515625 0.1328125 0.66640625 0.13828125 0.68125 0.1546875 0.68515625 0.16484375 0.6703125 0.175 0.67265625 0.1765625 0.65546875 0.15390625 0.6328125
0 0.6546875 0.90859375 0.64140625 0.89375 0.62265625 0.8953125 0.61171875 0.9078125 0.57265625 0.8984375 0.5453125 0.91484375 0.546875 0.95234375 0.5609375 0.96484375 0.5625 0.98203125 0.58046875 1 0.71875 0.99921875 0.715625 0.96328125 0.67890625 0.965625 0.653125 0.93046875 0.6546875 0.90859375
0 0.471875 0.77421875 0.4859375 0.78359375 0.4921875 0.77265625 0.490625 0.72265625 0.46796875 0.7125 0.471875 0.77421875