0 0.23828125 0.85 0.22109375 0.853125 0.20859375 0.84375 0.16328125 0.8421875 0.159375 0.84765625 0.16875 0.88359375 0.196875 0.89453125 0.22734375 0.88125 0.23984375 0.8859375 0.24375 0.85546875 0.23828125 0.85
0 0.1265625 0.85234375 0.125 0.86953125 0.140625 0.87734375 0.1453125 0.85703125 0.1421875 0.84765625 0.13359375 0.8453125 0.1265625 0.85234375
0 0.07421875 0.8234375 0.06875 0.83203125 0.0671875 0.86796875 0.059375 0.87890625 0.078125 0.88203125 0.0921875 0.86484375 0.084375 0.85078125 0.0828125 0.82890625 0.07421875 0.8234375
0 0.303125 0.89765625 0.315625 0.89921875 0.3234375 0.88359375 0.321875 0.83828125 0.30234375 0.8359375 0.303125 0.89765625
0 0.2890625 0.74765625 0.2953125 0.76640625 0.3125 0.78046875 0.321875 0.77734375 0.315625 0.75703125 0.29453125 0.7359375 0.2890625 0.74765625
0 0.80390625 0.8265625 0.8 0.86171875 0.8140625 0.86953125 0.821875 0.86484375 0.8203125 0.83671875 0.81640625 0.828125 0.80390625 0.8265625
0 0.71328125 0 0.70625 0.05703125 0.68984375 0.0484375 0.665625 0.07734375 0.66875 0.16796875 0.6640625 0.21953125 0.671875 0.24453125 0.665625 0.25703125 0.6640625 0.38359375 0.67109375 0.403125 0.67578125 0.3984375 0.69453125 0.4125 0.70703125 0.4046875 0.71875 0.41328125 0.75546875 0.396875 0.78828125 0.3984375 0.79296875 0.3609375 0.803125 0.36171875 0.81015625 0.4015625 0.83203125 0.4 0.84453125 0.36875 0.87265625 0.3859375 0.88359375 0.4078125 0.9 0.37734375 0.9078125 0.33359375 0.915625 0.24453125 0.9234375 0.22578125 0.925 0.15078125 0.9125 0.12109375 0.890625 0.11484375 0.871875 0.07578125 0.871875 0.05859375 0.85234375 0.0609375 0.82109375 0.028125 0.80859375 0.040625 0.7984375 0.00390625 0.79140625 0 0.76484375 0 0.7578125 0.00546875 0.75703125 0.0171875 0.74765625 0 0.71328125 0
0 1 0.00078125 0.94296875 0 0.9375 0.00546875 0.94375 0.02421875 0.9359375 0.06796875 0.9390625 0.08671875 0.9296875 0.09765625 0.915625 0.14921875 0.9203125 0.21953125 0.93046875 0.2359375 0.94921875 0.24375 0.98046875 0.240625 0.9921875 0.25859375 1 0.29453125 1 0.00078125
0 0.51015625 0.7375 0.55078125 0.7703125 0.57734375 0.775 0.58203125 0.784375 0.59296875 0.7734375 0.59765625 0.78125 0.60078125 0.7734375 0.625 0.77265625 0.634375 0.75234375 0.628125 0.65546875 0.634375 0.59765625 0.65 0.55546875 0.7109375 0.45859375 0.7109375 0.44296875 0.70078125 0.43125 0.63671875 0.4078125 0.59765625 0.409375 0.54609375 0.3765625 0.53125 0.39765625 0.540625 0.43828125 0.52265625 0.4546875 0.51484375 0.4546875 0.50625 0.44765625 0.515625 0.42734375 0.50625 0.41640625 0.5109375 0.41171875 0.4921875 0.40390625 0.48359375 0.3765625 0.46484375 0.396875 0.45 0.40078125 0.44375 0.47421875 0.4265625 0.52265625 0.4328125 0.52421875 0.4328125 0.54609375 0.4109375 0.55390625 0.409375 0.59921875 0.384375 0.68671875 0.3734375 0.76484375 0.37578125 0.7765625 0.39453125 0.775 0.40390625 0.7828125 0.41640625 0.7671875 0.425 0.78671875 0.42890625 0.7765625 0.44296875 0.784375 0.46328125 0.7625 0.51015625 0.7375
0 0.515625 0.34453125 0.515625 0.24765625 0.50078125 0.24375 0.49765625 0.23125 0.4765625 0.26015625 0.4671875 0.28671875 0.478125 0.29921875 0.44765625 0.3015625 0.44375 0.30859375 0.4453125 0.39765625 0.453125 0.40234375 0.46484375 0.4 0.48359375 0.3734375 0.5078125 0.37734375 0.515625 0.34453125
0 0.5359375 0.84453125 0.50625 0.81171875 0.4984375 0.79453125 0.5046875 0.77734375 0.48671875 0.7625 0.48046875 0.7859375 0.43203125 0.8015625 0.4328125 0.81484375 0.41875 0.81640625 0.4265625 0.82421875 0.41015625 0.825 0.4 0.83515625 0.40625 0.89609375 0.3953125 0.93203125 0.3984375 0.99765625 0.5484375 0.99921875 0.55625 0.89453125 0.55078125 0.890625 0.5453125 0.90078125 0.5359375 0.84453125
0 0.73046875 1 0.73203125 0.9875 0.7375 0.98984375 0.73671875 1 0.7453125 0.99921875 0.75078125 0.8546875 0.74140625 0.846875 0.71015625 0.8421875 0.67109375 0.821875 0.63046875 0.828125 0.61796875 0.8359375 0.59921875 0.8328125 0.575 0.84765625 0.6 0.87109375 0.60625 0.88828125 0.6046875 0.92578125 0.60859375 0.9359375 0.61328125 0.9265625 0.6203125 0.94140625 0.6203125 0.98515625 0.615625 0.99140625 0.61953125 1 0.73046875 1
0 0.1953125 0.91171875 0.1984375 0.99765625 0.2171875 0.99921875 0.2171875 0.90234375 0.20859375 0.8921875 0.20078125 0.8921875 0.1953125 0.91171875
0 0.07578125 0.821875 0.06875 0.83046875 0.0671875 0.86484375 0.0578125 0.87890625 0.071875 0.88671875 0.071875 0.99921875 0.0890625 0.99921875 0.0828125 0.88046875 0.0921875 0.86484375 0.0828125 0.82734375 0.07578125 0.821875
0 0.321875 0.77578125 0.3125 0.74921875 0.29453125 0.7359375 0.2890625 0.74921875 0.3 0.77734375 0.303125 0.89296875 0.29375 0.90703125 0.290625 0.94765625 0.278125 0.96484375 0.278125 0.99921875 0.315625 0.99921875 0.315625 0.91796875 0.3234375 0.88984375 0.3171875 0.80234375 0.321875 0.77578125
0 0.80546875 0.8265625 0.796875 0.91328125 0.796875 0.99921875 0.8171875 0.99921875 0.8140625 0.87578125 0.821875 0.85703125 0.81875 0.83203125 0.80546875 0.8265625
0 0.3203125 0.18828125 0.325 0.21015625 0.33125 0.21015625 0.3453125 0.13828125 0.3421875 0.12109375 0.32734375 0.115625 0.3203125 0.18828125
0 0.2015625 0.13515625 0.209375 0.12265625 0.2140625 0.03203125 0.19609375 0.0265625 0.2015625 0.13515625