0 0.1625 0.00078125 0.165625 0.06328125 0.1734375 0.09140625 0.18125 0.09296875 0.190625 0.08046875 0.2046875 0.02421875 0.23203125 0 0.1625 0.00078125
0 0.4375 0.56171875 0.43125 0.54765625 0.4171875 0.53671875 0.41875 0.52578125 0.43671875 0.53125 0.44765625 0.515625 0.45859375 0.5125 0.4734375 0.47421875 0.46875 0.42578125 0.4625 0.40546875 0.453125 0.39609375 0.459375 0.34140625 0.453125 0.33046875 0.4453125 0.26328125 0.43125 0.23671875 0.4484375 0.22578125 0.4609375 0.18828125 0.459375 0.17890625 0.44453125 0.175 0.4390625 0.16484375 0.453125 0.13515625 0.475 0.12421875 0.4796875 0.09140625 0.47421875 0.084375 0.4625 0.08359375 0.4671875 0.06328125 0.4546875 0.02421875 0.446875 0.00859375 0.43203125 0 0.31875 0.00390625 0.3078125 0.05546875 0.29375 0.07578125 0.284375 0.15234375 0.27109375 0.15 0.2609375 0.15703125 0.2578125 0.19921875 0.25 0.22109375 0.246875 0.28359375 0.2671875 0.32109375 0.259375 0.36484375 0.290625 0.43046875 0.30703125 0.4328125 0.325 0.45703125 0.3359375 0.48828125 0.3625 0.50234375 0.378125 0.55234375 0.3734375 0.59765625 0.3640625 0.61953125 0.3703125 0.65859375 0.3640625 0.67890625 0.3765625 0.69609375 0.39375 0.65546875 0.3984375 0.60390625 0.4171875 0.59140625 0.4375 0.56171875
0 0.10703125 0.3640625 0.090625 0.38203125 0.0921875 0.40859375 0.103125 0.42109375 0.1140625 0.41484375 0.115625 0.40546875 0.1140625 0.37109375 0.10703125 0.3640625
0 0.08671875 0.9140625 0.075 0.91953125 0.06875 0.93984375 0.06875 0.94921875 0.08125 0.96015625 0.096875 0.94765625 0.1 0.93203125 0.1 0.92421875 0.08671875 0.9140625
0 0.4765625 0.71328125 0.46875 0.69453125 0.478125 0.65859375 0.46328125 0.6375 0.453125 0.64765625 0.4515625 0.66328125 0.43671875 0.6671875 0.43125 0.67578125 0.4390625 0.70078125 0.428125 0.73671875 0.428125 0.79765625 0.446875 0.81953125 0.45 0.78828125 0.465625 0.77890625 0.4765625 0.75234375 0.4765625 0.71328125
0 0.45625 0.91484375 0.44609375 0.9015625 0.43828125 0.9015625 0.42421875 0.9171875 0.4234375 0.89921875 0.41015625 0.890625 0.390625 0.92109375 0.39375 0.95390625 0.40078125 0.9609375 0.4171875 0.96328125 0.4125 0.98359375 0.41640625 0.99375 0.43359375 0.9921875 0.440625 0.99765625 0.4515625 0.98046875 0.4421875 0.94453125 0.4546875 0.93046875 0.45625 0.91484375
0 0.396875 0.66171875 0.396875 0.67421875 0.4234375 0.69921875 0.4296875 0.67265625 0.42109375 0.659375 0.40546875 0.653125 0.396875 0.66171875
0 0.25078125 0.8125 0.23125 0.81640625 0.2296875 0.83671875 0.2125 0.84765625 0.2125 0.85546875 0.240625 0.86171875 0.2640625 0.84765625 0.2734375 0.82734375 0.26953125 0.81875 0.25078125 0.8125
0 0.8578125 0.58828125 0.86796875 0.55 0.8734375 0.58671875 0.8796875 0.58359375 0.890625 0.52578125 0.890625 0.48671875 0.875 0.45546875 0.875 0.43828125 0.88203125 0.4421875 0.8875 0.43671875 0.890625 0.41484375 0.890625 0.40234375 0.88046875 0.3921875 0.865625 0.40078125 0.878125 0.41640625 0.87265625 0.434375 0.859375 0.42578125 0.85234375 0.4078125 0.84296875 0.40625 0.83125 0.42109375 0.83203125 0.4609375 0.8234375 0.45703125 0.81875 0.43984375 0.80859375 0.434375 0.7875 0.45703125 0.7890625 0.48359375 0.8 0.49921875 0.815625 0.54921875 0.809375 0.62734375 0.8265625 0.62890625 0.83828125 0.6234375 0.86015625 0.628125 0.865625 0.62265625 0.8578125 0.58828125
0 0.9 0.27578125 0.88984375 0.2703125 0.87421875 0.2734375 0.86640625 0.2625 0.83828125 0.2921875 0.81875 0.30234375 0.815625 0.31484375 0.8171875 0.35546875 0.82890625 0.3671875 0.853125 0.36796875 0.87109375 0.3671875 0.896875 0.35078125 0.9046875 0.31171875 0.9 0.27578125
0 0.49609375 0.3234375 0.4921875 0.38671875 0.50625 0.39453125 0.51875 0.38515625 0.5234375 0.33671875 0.50546875 0.3234375 0.49609375 0.3234375
0 0.959375 0.16171875 0.959375 0.18671875 0.971875 0.19921875 0.98046875 0.184375 0.9953125 0.18203125 0.99765625 0.153125 0.959375 0.16171875
0 0.878125 0.45078125 0.8875 0.44140625 0.8921875 0.40703125 0.87890625 0.390625 0.86015625 0.4046875 0.83984375 0.40625 0.82421875 0.4265625 0.7984375 0.43671875 0.7875 0.45546875 0.7875 0.49453125 0.7734375 0.53828125 0.76484375 0.55 0.74453125 0.5578125 0.740625 0.56640625 0.74609375 0.6046875 0.77265625 0.625 0.8234375 0.63046875 0.86171875 0.628125 0.8828125 0.59921875 0.8921875 0.48515625 0.878125 0.45078125
0 0.41015625 0.796875 0.4 0.81484375 0.4109375 0.82421875 0.409375 0.85859375 0.41875 0.86328125 0.428125 0.85234375 0.4328125 0.81953125 0.421875 0.80234375 0.41015625 0.796875