0 0.2390625 0.94296875 0.23125 0.98515625 0.23515625 1 0.325 0.99921875 0.3234375 0.92890625 0.315625 0.88359375 0.31015625 0.8796875 0.2390625 0.94296875
0 0.56171875 0.6734375 0.559375 0.68359375 0.559375 0.77578125 0.5671875 0.99921875 0.640625 0.99921875 0.63203125 0.5421875 0.5765625 0.58828125 0.575 0.66796875 0.56171875 0.6734375
0 0.91171875 0.2484375 0.8484375 0.30703125 0.840625 0.32109375 0.840625 0.48828125 0.85 0.99921875 0.91875 0.99921875 0.9234375 0.63359375 0.915625 0.43203125 0.9203125 0.33046875 0.91171875 0.2484375
0 1 0.11484375 0.984375 0.09453125 0.9703125 0.05859375 0.97578125 0.0515625 0.9921875 0.04921875 0.92265625 0.0484375 0.9234375 0.13046875 0.97265625 0.1875 0.98984375 0.1984375 1 0.19765625 1 0.11484375
0 0.6328125 0.38203125 0.62734375 0.3671875 0.61640625 0.3796875 0.6109375 0.37421875 0.6234375 0.36484375 0.615625 0.36171875 0.6171875 0.34921875 0.60546875 0.3453125 0.58671875 0.35 0.58828125 0.3546875 0.603125 0.35390625 0.578125 0.36171875 0.58046875 0.3703125 0.5953125 0.36953125 0.59609375 0.3875 0.60078125 0.3828125 0.60625 0.38828125 0.5953125 0.39453125 0.625 0.40390625 0.63671875 0.4 0.6390625 0.39296875 0.6265625 0.38828125 0.6328125 0.38203125
0 0.53828125 0.465625 0.53046875 0.471875 0.52734375 0.465625 0.49921875 0.4640625 0.47890625 0.4734375 0.47578125 0.4671875 0.44609375 0.4671875 0.440625 0.47421875 0.440625 0.56953125 0.45625 0.60390625 0.51796875 0.66875 0.5625 0.66796875 0.5703125 0.66328125 0.5734375 0.63828125 0.5734375 0.46796875 0.53828125 0.465625
0 0.54296875 0.2671875 0.5421875 0.32265625 0.57578125 0.3453125 0.596875 0.34609375 0.60625 0.33515625 0.603125 0.29453125 0.57734375 0.2671875 0.54296875 0.2671875
0 0.759375 0.39921875 0.75234375 0.3984375 0.74921875 0.4046875 0.7453125 0.39453125 0.76484375 0.309375 0.75546875 0.3078125 0.68515625 0.3359375 0.66171875 0.365625 0.63828125 0.3734375 0.61796875 0.3375 0.60859375 0.3359375 0.60234375 0.346875 0.5765625 0.35234375 0.5765625 0.36796875 0.59375 0.40078125 0.59140625 0.40625 0.5828125 0.40546875 0.5828125 0.43046875 0.5734375 0.45234375 0.5640625 0.45546875 0.5703125 0.45703125 0.5640625 0.46328125 0.575 0.46796875 0.575 0.56640625 0.57734375 0.5734375 0.5828125 0.57265625 0.63046875 0.5390625 0.684375 0.47421875 0.75625 0.40546875 0.759375 0.39921875
0 0.3578125 0.81015625 0.35390625 0.803125 0.3375 0.81328125 0.3375 0.80390625 0.346875 0.79921875 0.3359375 0.79765625 0.340625 0.78515625 0.334375 0.76640625 0.3359375 0.73359375 0.3375 0.72578125 0.346875 0.72109375 0.3375 0.71953125 0.3375 0.69140625 0.328125 0.68671875 0.3359375 0.68046875 0.3359375 0.67109375 0.325 0.65078125 0.32578125 0.6453125 0.32890625 0.653125 0.334375 0.64765625 0.3265625 0.62890625 0.34375 0.60859375 0.3359375 0.60390625 0.32265625 0.571875 0.28671875 0.5609375 0.26015625 0.571875 0.18203125 0.6546875 0.12734375 0.6984375 0.0015625 0.81953125 0.003125 0.99921875 0.00859375 0.9859375 0.01171875 1 0.1796875 0.99921875 0.2140625 0.96953125 0.23984375 0.934375 0.29375 0.88828125 0.3578125 0.81015625
0 0.4578125 0.66953125 0.45625 0.60859375 0.43984375 0.5875 0.4390625 0.66796875 0.4578125 0.66953125
0 0.4375 0.57578125 0.40390625 0.5609375 0.38671875 0.5609375 0.38515625 0.565625 0.384375 0.55234375 0.36640625 0.5453125 0.33671875 0.5609375 0.321875 0.57734375 0.321875 0.60234375 0.328125 0.60078125 0.32890625 0.590625 0.334375 0.59921875 0.33046875 0.6171875 0.3296875 0.60859375 0.3234375 0.60703125 0.325 0.63984375 0.3328125 0.65234375 0.3265625 0.66171875 0.334375 0.67890625 0.32734375 0.6828125 0.321875 0.67421875 0.3234375 0.69296875 0.315625 0.70390625 0.32578125 0.703125 0.33046875 0.6890625 0.3359375 0.69453125 0.3328125 0.70078125 0.34140625 0.70625 0.38046875 0.7046875 0.38671875 0.7140625 0.396875 0.71484375 0.38515625 0.7140625 0.3828125 0.71953125 0.39765625 0.7203125 0.4171875 0.75078125 0.45546875 0.7203125 0.49375 0.67421875 0.4421875 0.66796875 0.4375 0.57578125
0 0.40859375 0.7109375 0.40078125 0.70625 0.39296875 0.7171875 0.38515625 0.7046875 0.37734375 0.715625 0.37265625 0.7046875 0.36484375 0.7109375 0.35703125 0.7046875 0.34609375 0.7296875 0.34375 0.71328125 0.3390625 0.71484375 0.33046875 0.753125 0.328125 0.74296875 0.3234375 0.74453125 0.3203125 0.78203125 0.3234375 0.80390625 0.33828125 0.8125 0.34609375 0.8078125 0.3390625 0.82109375 0.346875 0.82421875 0.4328125 0.73828125 0.421875 0.73046875 0.41796875 0.70625 0.40859375 0.7109375