0 0.1453125 0.45234375 0.13984375 0.44375 0.11484375 0.43125 0.05390625 0.43125 0.0359375 0.45234375 0.05 0.49140625 0.003125 0.52109375 0.003125 0.54140625 0.0671875 0.99453125 0.06953125 1 0.2359375 0.99921875 0.20625 0.73046875 0.1796875 0.72734375 0.1546875 0.56640625 0.1453125 0.45234375
0 0.2484375 0.03203125 0.271875 0.39765625 0.321875 0.99921875 0.4390625 0.99921875 0.409375 0.57890625 0.3796875 0.00390625 0.25078125 0 0.2484375 0.03203125
0 0.5578125 0.38046875 0.5484375 0.29140625 0.54140625 0.2890625 0.5328125 0.30703125 0.5390625 0.32265625 0.53359375 0.3453125 0.50859375 0.3390625 0.44296875 0.3453125 0.4390625 0.38046875 0.471875 0.99921875 0.5609375 0.99921875 0.5640625 0.60859375 0.5578125 0.59140625 0.553125 0.48515625 0.5578125 0.38046875
0 0.6203125 0.39609375 0.603125 0.53359375 0.5703125 0.54296875 0.5640625 0.99921875 0.6484375 0.99921875 0.6546875 0.80234375 0.64765625 0.3546875 0.628125 0.37265625 0.6203125 0.39609375
0 0.66171875 0.63125 0.65625 0.63828125 0.65625 0.99921875 0.7078125 0.99921875 0.7140625 0.88046875 0.7125 0.64765625 0.70703125 0.634375 0.66171875 0.63125
0 0.73828125 0.9890625 0.74765625 0.9875 0.75390625 0.99375 0.75625 0.98515625 0.7578125 0.49140625 0.75078125 0.471875 0.72265625 0.4765625 0.7171875 0.49140625 0.715625 0.99921875 0.721875 0.99921875 0.7203125 0.98828125 0.728125 0.98515625 0.73046875 0.9703125 0.73828125 0.9890625
0 0.7765625 0.95390625 0.77734375 0.940625 0.78671875 0.9703125 0.7890625 0.93828125 0.79375 0.44609375 0.78671875 0.4265625 0.7609375 0.42890625 0.759375 0.45859375 0.759375 0.98515625 0.7609375 0.99765625 0.7671875 0.99921875 0.7671875 0.97265625 0.7734375 0.96796875 0.76875 0.95859375 0.7765625 0.95390625
0 0.7171875 0.20703125 0.734375 0.22109375 0.746875 0.27109375 0.75625 0.27109375 0.7609375 0.26015625 0.759375 0.00078125 0.71796875 0 0.7171875 0.20703125
0 0.87734375 0.15 0.8875 0.14921875 0.89375 0.00078125 0.87421875 0 0.8734375 0.14453125 0.87734375 0.15
0 0.8140625 0.91328125 0.815625 0.89453125 0.83203125 0.9 0.8359375 0.88515625 0.846875 0.53359375 0.853125 0.51484375 0.846875 0.45390625 0.83671875 0.4484375 0.8265625 0.45234375 0.8171875 0.82734375 0.821875 0.83203125 0.81640625 0.8421875 0.8140625 0.80078125 0.8 0.79609375 0.803125 0.78515625 0.79609375 0.7796875 0.7921875 0.79921875 0.7921875 0.92890625 0.8 0.93046875 0.80625 0.92265625 0.803125 0.91171875 0.80859375 0.9078125 0.8140625 0.91328125
0 0.790625 0.95234375 0.7890625 0.79609375 0.7984375 0.78046875 0.79375 0.77265625 0.8078125 0.76484375 0.80703125 0.753125 0.8171875 0.78203125 0.8203125 0.74921875 0.8265625 0.31640625 0.81640625 0.303125 0.8 0.30703125 0.7921875 0.78203125 0.784375 0.78359375 0.7828125 0.87578125 0.77734375 0.8859375 0.771875 0.88359375 0.77421875 0.878125 0.7609375 0.87578125 0.7609375 0.99921875 0.77578125 1 0.77578125 0.9875 0.778125 0.99921875 0.784375 0.99921875 0.7828125 0.97421875 0.7890625 0.96953125 0.784375 0.95859375 0.790625 0.95234375