0 0 0.26953125 0.021875 0.27421875 0.05078125 0.26875 0.06640625 0.2546875 0.0796875 0.25234375 0.071875 0.23359375 0.0765625 0.21953125 0.07265625 0.203125 0.05546875 0.2171875 0.02734375 0.225 0 0.21953125 0 0.26953125
0 0.1875 0.11015625 0.171875 0.08828125 0.14453125 0.0640625 0.12109375 0.0625 0.115625 0.07109375 0.1171875 0.08828125 0.09375 0.10703125 0.09375 0.12109375 0.12265625 0.1375 0.1859375 0.14453125 0.1984375 0.14296875 0.1984375 0.12578125 0.1890625 0.12265625 0.1875 0.11015625
0 0.00078125 0 0 0.06953125 0.0171875 0.07890625 0.0265625 0.07421875 0.028125 0.05859375 0.0109375 0.04453125 0.01640625 0.03125 0.03046875 0.03125 0.04765625 0.0578125 0.07109375 0.0625 0.08671875 0.0765625 0.10625 0.06953125 0.13125 0.02734375 0.11796875 0.0140625 0.08359375 0.009375 0.07578125 0 0.00078125 0
0 0.23359375 0.415625 0.24296875 0.4140625 0.26328125 0.35 0.30234375 0.3546875 0.3109375 0.34765625 0.31875 0.33046875 0.321875 0.27890625 0.3390625 0.24765625 0.34921875 0.240625 0.35703125 0.246875 0.36171875 0.2390625 0.38359375 0.275 0.4140625 0.28984375 0.4125 0.30390625 0.3921875 0.33046875 0.39453125 0.3625 0.41328125 0.3671875 0.43515625 0.3578125 0.4609375 0.33046875 0.4609375 0.31796875 0.4328125 0.28671875 0.46953125 0.2859375 0.49375 0.26640625 0.496875 0.21640625 0.4921875 0.19609375 0.5078125 0.16328125 0.50625 0.15078125 0.48984375 0.1484375 0.48125 0.13515625 0.490625 0.07890625 0.484375 0.02890625 0.46796875 0.0046875 0.4546875 0.01484375 0.45 0.04453125 0.43203125 0.071875 0.42890625 0.065625 0.40703125 0.059375 0.40859375 0.06875 0.371875 0.08984375 0.371875 0.10078125 0.390625 0.12578125 0.390625 0.14296875 0.38203125 0.153125 0.36484375 0.1578125 0.31796875 0.1546875 0.28828125 0.1671875 0.23984375 0.1921875 0.2296875 0.21328125 0.19375 0.24296875 0.19375 0.26796875 0.21328125 0.278125 0.221875 0.29296875 0.221875 0.32578125 0.20234375 0.35625 0.15859375 0.3578125 0.1375 0.32734375 0.1171875 0.31171875 0.1140625 0.26953125 0.10390625 0.2625 0.0921875 0.26796875 0.084375 0.28828125 0.0609375 0.30703125 0.046875 0.34296875 0.07109375 0.38125 0.08203125 0.38125 0.09921875 0.36875 0.11875 0.36953125 0.121875 0.40703125 0.10625 0.42890625 0.11328125 0.4359375 0.1234375 0.43515625 0.17109375 0.425 0.20078125 0.3953125 0.21953125 0.396875 0.23359375 0.415625
0 0.69453125 0.0328125 0.6796875 0.06171875 0.7 0.08046875 0.70625 0.11171875 0.7171875 0.11328125 0.74375 0.08515625 0.746875 0.06328125 0.70703125 0.034375 0.69453125 0.0328125
0 0.98359375 0 0.9421875 0.02578125 0.9359375 0.05078125 0.915625 0.06796875 0.9140625 0.08515625 0.90234375 0.0890625 0.89375 0.10078125 0.9 0.10390625 0.903125 0.12421875 0.9046875 0.10390625 0.91015625 0.1046875 0.92265625 0.0875 0.93046875 0.0875 0.95390625 0.05625 1 0.06171875 0.99921875 0 0.98359375 0
0 0.66171875 0.8296875 0.67265625 0.8296875 0.67578125 0.8390625 0.6859375 0.83359375 0.68203125 0.8234375 0.68671875 0.821875 0.69140625 0.8328125 0.71796875 0.809375 0.75390625 0.8109375 0.78671875 0.803125 0.79765625 0.7890625 0.81875 0.78515625 0.81640625 0.775 0.7953125 0.76796875 0.82421875 0.765625 0.8171875 0.76171875 0.821875 0.75703125 0.78515625 0.75625 0.7921875 0.76171875 0.7828125 0.76484375 0.7875 0.76953125 0.76953125 0.7703125 0.76640625 0.7859375 0.73359375 0.7859375 0.7359375 0.77421875 0.72265625 0.771875 0.7265625 0.77734375 0.71875 0.78828125 0.721875 0.79296875 0.71328125 0.8015625 0.69140625 0.8 0.68984375 0.80625 0.7046875 0.80859375 0.68984375 0.81875 0.67109375 0.81875 0.6609375 0.80859375 0.66484375 0.803125 0.653125 0.80234375 0.65625 0.78828125 0.65078125 0.778125 0.6421875 0.78046875 0.64921875 0.7859375 0.61328125 0.7859375 0.60859375 0.7703125 0.59765625 0.771875 0.58984375 0.765625 0.58203125 0.7703125 0.58125 0.75703125 0.57265625 0.7515625 0.54453125 0.7578125 0.54375 0.77265625 0.553125 0.77734375 0.546875 0.80078125 0.53046875 0.8046875 0.521875 0.81328125 0.5328125 0.81640625 0.5203125 0.81953125 0.52265625 0.8296875 0.540625 0.83203125 0.525 0.83515625 0.5390625 0.84921875 0.546875 0.87734375 0.534375 0.90703125 0.55078125 0.9109375 0.55625 0.90703125 0.55390625 0.9015625 0.56953125 0.9 0.553125 0.89453125 0.578125 0.89140625 0.58046875 0.8609375 0.61640625 0.8609375 0.6203125 0.86328125 0.6109375 0.86640625 0.6109375 0.87578125 0.6265625 0.87890625 0.625 0.91015625 0.6203125 0.91171875 0.6265625 0.93359375 0.621875 0.94609375 0.6265625 0.94609375 0.6546875 0.88046875 0.6421875 0.85546875 0.65 0.85234375 0.66171875 0.8296875
0 0.89609375 0.5015625 0.92734375 0.484375 0.94375 0.47109375 0.9515625 0.45078125 0.94609375 0.4296875 0.91484375 0.4265625 0.90390625 0.43125 0.89140625 0.4265625 0.88046875 0.4171875 0.86015625 0.4125 0.85546875 0.4 0.82578125 0.3859375 0.8171875 0.37265625 0.81875 0.31796875 0.85 0.30390625 0.87734375 0.253125 0.9125 0.25078125 0.9203125 0.22265625 0.921875 0.15234375 0.915625 0.13359375 0.90234375 0.1265625 0.81328125 0.1328125 0.71328125 0.128125 0.7078125 0.13203125 0.7078125 0.14609375 0.71640625 0.15625 0.72578125 0.159375 0.75703125 0.1515625 0.76875 0.16796875 0.753125 0.21328125 0.7546875 0.23046875 0.7265625 0.26953125 0.7234375 0.31015625 0.715625 0.32421875 0.721875 0.35234375 0.71875 0.38671875 0.70078125 0.4125 0.6734375 0.42578125 0.6734375 0.46171875 0.6671875 0.47578125 0.675 0.50703125 0.6734375 0.52734375 0.70234375 0.5328125 0.715625 0.52578125 0.7234375 0.46328125 0.72890625 0.4609375 0.75078125 0.4921875 0.79140625 0.503125 0.8015625 0.51171875 0.81015625 0.5328125 0.8265625 0.53515625 0.84609375 0.53125 0.8515625 0.51171875 0.86796875 0.5 0.89609375 0.5015625
0 0.6609375 0.87109375 0.653125 0.86640625 0.6515625 0.85546875 0.66015625 0.840625 0.68359375 0.840625 0.72578125 0.8109375 0.77890625 0.8078125 0.79921875 0.7921875 0.82265625 0.784375 0.85078125 0.8125 0.88671875 0.8265625 0.8921875 0.82421875 0.89921875 0.7953125 0.93359375 0.7984375 0.9453125 0.78984375 0.9421875 0.76328125 0.953125 0.74765625 0.95625 0.72890625 0.98828125 0.7125 0.9953125 0.70078125 0.9859375 0.66953125 0.9859375 0.64296875 1 0.62109375 0.9953125 0.58984375 1 0.52890625 0.9921875 0.51171875 0.971875 0.50078125 0.96484375 0.4828125 0.959375 0.49140625 0.9578125 0.53515625 0.91796875 0.5390625 0.90625 0.55234375 0.9078125 0.56953125 0.921875 0.58203125 0.925 0.60234375 0.9421875 0.61328125 0.95 0.62890625 0.9515625 0.66328125 0.94296875 0.6703125 0.89140625 0.646875 0.84921875 0.65625 0.82109375 0.63125 0.79296875 0.6265625 0.76171875 0.603125 0.70390625 0.603125 0.7 0.56640625 0.68046875 0.5515625 0.66640625 0.553125 0.66875 0.55859375 0.66015625 0.5609375 0.6484375 0.52265625 0.64453125 0.528125 0.628125 0.52734375 0.6453125 0.50546875 0.63671875 0.5 0.61171875 0.5 0.60703125 0.49375 0.6046875 0.50234375 0.6125 0.51171875 0.6109375 0.53046875 0.615625 0.53515625 0.5921875 0.59609375 0.55390625 0.63125 0.52890625 0.6234375 0.5203125 0.63984375 0.51875 0.65546875 0.5421875 0.67578125 0.54375 0.68984375 0.52578125 0.69375 0.49140625 0.665625 0.46171875 0.6609375 0.45390625 0.684375 0.4140625 0.69453125 0.415625 0.85859375 0.4328125 0.84609375 0.44140625 0.8203125 0.46640625 0.821875 0.4859375 0.80703125 0.4890625 0.80078125 0.478125 0.79609375 0.478125 0.78515625 0.49296875 0.765625 0.51953125 0.7578125 0.53359375 0.7734375 0.54375 0.77421875 0.5421875 0.79609375 0.52109375 0.7984375 0.515625 0.80859375 0.51875 0.83046875 0.5375 0.85234375 0.54375 0.87109375 0.528125 0.91015625 0.55703125 0.9171875 0.57734375 0.9125 0.60078125 0.9265625 0.6109375 0.94921875 0.61875 0.95234375 0.6359375 0.93671875 0.640625 0.91328125 0.659375 0.87890625 0.6609375 0.87109375
0 0.56015625 0.496875 0.59765625 0.5015625 0.60859375 0.525 0.62265625 0.534375 0.6328125 0.53359375 0.65625 0.50703125 0.65546875 0.4796875 0.5453125 0.48203125 0.56015625 0.496875
0 0.4671875 0.48515625 0.4765625 0.50390625 0.4734375 0.53046875 0.5 0.53359375 0.5140625 0.52734375 0.5234375 0.48359375 0.46953125 0.478125 0.4671875 0.48515625
0 0.096875 0.61796875 0.075 0.61328125 0.06484375 0.5625 0.0421875 0.57109375 0.04375 0.59609375 0.034375 0.61484375 0.0328125 0.63515625 0 0.64140625 0.0015625 0.67734375 0.01953125 0.6671875 0.08828125 0.675 0.1 0.66484375 0.096875 0.61796875
0 0 0.89453125 0.0046875 0.89453125 0.02109375 0.88125 0.04453125 0.884375 0.0640625 0.85078125 0.0625 0.80390625 0.05625 0.79296875 0.03515625 0.7640625 0.0140625 0.76484375 0.0296875 0.73515625 0.025 0.71484375 0.01796875 0.709375 0 0.71171875 0 0.89453125
0 0.403125 0.91953125 0.4046875 0.90546875 0.37734375 0.875 0.328125 0.91484375 0.3234375 0.93828125 0.33125 0.94453125 0.33984375 0.9359375 0.36015625 0.93125 0.38828125 0.934375 0.403125 0.91953125
0 0.2671875 0.93203125 0.26484375 0.909375 0.23515625 0.915625 0.21875 0.92890625 0.221875 0.95703125 0.21640625 0.971875 0.19296875 0.9140625 0.17734375 0.9109375 0.15625 0.92265625 0.146875 0.94765625 0.15859375 0.9703125 0.19296875 0.9796875 0.21171875 0.975 0.21484375 0.9828125 0.2234375 0.98203125 0.26015625 0.9796875 0.278125 0.95703125 0.2828125 0.94140625 0.2671875 0.93203125