0 0.00078125 0 0 0.06171875 0.03671875 0.05 0.04765625 0.053125 0.059375 0.05859375 0.0625 0.07421875 0.0796875 0.08828125 0.0859375 0.07109375 0.0640625 0.05234375 0.059375 0.02421875 0.01640625 0 0.00078125 0
0 0 0.85390625 0.0171875 0.84609375 0.02734375 0.8203125 0.05546875 0.8203125 0.0703125 0.80859375 0.075 0.80078125 0.0640625 0.78828125 0.07578125 0.7671875 0.09296875 0.759375 0.11015625 0.7609375 0.1328125 0.78046875 0.12578125 0.7984375 0.10546875 0.8 0.1015625 0.80859375 0.1046875 0.83359375 0.128125 0.86640625 0.128125 0.88046875 0.115625 0.90078125 0.1171875 0.91171875 0.17109375 0.9171875 0.19375 0.93359375 0.2015625 0.95078125 0.2203125 0.93671875 0.2421875 0.88359375 0.2375 0.85546875 0.24609375 0.8421875 0.26328125 0.8421875 0.30703125 0.8125 0.35703125 0.809375 0.40859375 0.784375 0.43828125 0.8125 0.47421875 0.8234375 0.48359375 0.7953125 0.51484375 0.7984375 0.53125 0.78828125 0.528125 0.76328125 0.5390625 0.74765625 0.540625 0.73046875 0.57265625 0.7125 0.58125 0.69921875 0.5734375 0.64609375 0.578125 0.63046875 0.590625 0.62109375 0.58125 0.57890625 0.5859375 0.55546875 0.58125 0.54140625 0.5859375 0.53515625 0.578125 0.53046875 0.57734375 0.509375 0.55703125 0.5 0.53515625 0.5 0.5328125 0.51484375 0.51953125 0.51875 0.5171875 0.53046875 0.50546875 0.534375 0.503125 0.54609375 0.49375 0.55234375 0.503125 0.56171875 0.5015625 0.57421875 0.5140625 0.58671875 0.5140625 0.60078125 0.534375 0.62421875 0.5359375 0.66015625 0.52734375 0.6703125 0.47578125 0.646875 0.45546875 0.6484375 0.44609375 0.659375 0.43515625 0.6578125 0.41640625 0.6359375 0.39765625 0.6265625 0.37734375 0.625 0.34921875 0.6046875 0.29296875 0.603125 0.27890625 0.56875 0.24453125 0.5703125 0.23125 0.53828125 0.2375 0.51328125 0.25859375 0.5 0.28828125 0.5 0.30703125 0.4890625 0.328125 0.47109375 0.3375 0.45078125 0.33515625 0.43125 0.30703125 0.4265625 0.28671875 0.43125 0.24609375 0.4125 0.23671875 0.4 0.203125 0.37890625 0.20625 0.34609375 0.2015625 0.32265625 0.21171875 0.309375 0.23046875 0.3046875 0.253125 0.27265625 0.2671875 0.23984375 0.26875 0.21484375 0.253125 0.18828125 0.2515625 0.16328125 0.22265625 0.1375 0.18515625 0.1453125 0.16484375 0.1296875 0.13671875 0.134375 0.09921875 0.1109375 0.096875 0.14609375 0.11171875 0.15625 0.14609375 0.1515625 0.1546875 0.16484375 0.1546875 0.18046875 0.140625 0.21015625 0.1390625 0.23828125 0.1140625 0.26953125 0.1046875 0.32421875 0.1078125 0.39296875 0.07890625 0.4234375 0.0671875 0.42421875 0.065625 0.44453125 0.059375 0.44453125 0.0640625 0.46015625 0.0546875 0.47578125 0.05625 0.49140625 0.065625 0.52578125 0.07578125 0.53125 0.09140625 0.528125 0.10625 0.49609375 0.10625 0.46796875 0.11484375 0.45625 0.13828125 0.4921875 0.18046875 0.503125 0.1984375 0.53828125 0.178125 0.59453125 0.13984375 0.6296875 0.12421875 0.6234375 0.1109375 0.62734375 0.1046875 0.65390625 0.1265625 0.67890625 0.12265625 0.6890625 0.10859375 0.690625 0.07578125 0.6640625 0.05078125 0.6609375 0.03828125 0.684375 0 0.69453125 0 0.85390625
0 0.92890625 0 0.92265625 0.009375 0.89921875 0.009375 0.8765625 0.02109375 0.9 0.03046875 0.9 0.06796875 0.91015625 0.0734375 0.92421875 0.0671875 0.92890625 0.0578125 0.94140625 0.059375 0.95546875 0.0515625 0.965625 0.03203125 0.97890625 0.0234375 0.990625 0.03203125 0.99375 0.04296875 0.978125 0.05546875 0.975 0.07109375 0.9890625 0.07734375 1 0.06796875 0.99921875 0 0.92890625 0
0 1 0.22265625 0.97421875 0.2296875 0.94609375 0.21875 0.93046875 0.203125 0.925 0.21796875 0.93125 0.23671875 0.921875 0.25234375 0.93828125 0.2515625 0.95234375 0.26875 0.9890625 0.27265625 1 0.26640625 1 0.22265625
0 0.909375 0.26796875 0.90234375 0.2640625 0.9 0.36640625 0.91640625 0.3796875 0.93125 0.38203125 0.9546875 0.33984375 0.9390625 0.30234375 0.915625 0.28671875 0.909375 0.26796875
0 0.959375 0.57109375 0.94296875 0.5625 0.9328125 0.56796875 0.9265625 0.61484375 0.90703125 0.615625 0.9015625 0.63203125 0.903125 0.66484375 0.91171875 0.671875 0.928125 0.67265625 0.96484375 0.6671875 0.975 0.65234375 0.95625 0.59453125 0.959375 0.57109375
0 1 0.78515625 0.97890625 0.7640625 0.96796875 0.7640625 0.9390625 0.80546875 0.9453125 0.82109375 0.9375 0.84921875 0.9515625 0.86640625 0.95703125 0.884375 0.98046875 0.8796875 1 0.89296875 1 0.78515625
0 0.6734375 0.91015625 0.65234375 0.9 0.62890625 0.8765625 0.62109375 0.8765625 0.59375 0.90546875 0.596875 0.91796875 0.61171875 0.934375 0.65703125 0.9359375 0.6765625 0.95078125 0.68671875 0.95 0.6875 0.94296875 0.6796875 0.93515625 0.6734375 0.91015625
0 0.81171875 0.9796875 0.846875 0.96796875 0.8546875 0.94296875 0.84296875 0.9203125 0.82578125 0.9109375 0.80859375 0.9140625 0.78828125 0.9625 0.7828125 0.95390625 0.784375 0.93203125 0.77265625 0.91875 0.74296875 0.9078125 0.734375 0.91171875 0.7328125 0.92890625 0.71875 0.93984375 0.7234375 0.95859375 0.73984375 0.9796875 0.76328125 0.9859375 0.7734375 0.99765625 0.77734375 0.984375 0.79375 0.98984375 0.79453125 0.975 0.81171875 0.9796875
0 0.30703125 0.0328125 0.26015625 0.0546875 0.2546875 0.06484375 0.259375 0.08515625 0.2890625 0.10703125 0.30625 0.07265625 0.321875 0.06171875 0.315625 0.03984375 0.30703125 0.0328125
0 0.72265625 0.228125 0.7375 0.23828125 0.740625 0.26015625 0.74921875 0.2734375 0.78203125 0.2828125 0.79140625 0.2953125 0.80078125 0.2765625 0.81796875 0.275 0.83515625 0.284375 0.8625 0.26015625 0.8640625 0.21796875 0.8578125 0.19765625 0.875 0.16328125 0.8734375 0.14921875 0.85234375 0.15 0.83828125 0.125 0.82421875 0.1203125 0.80078125 0.1234375 0.76640625 0.0796875 0.74609375 0.0828125 0.7375 0.09453125 0.759375 0.12578125 0.75546875 0.1515625 0.73984375 0.1578125 0.68359375 0.1546875 0.65390625 0.1671875 0.60703125 0.1921875 0.596875 0.21484375 0.559375 0.24609375 0.559375 0.26640625 0.5875 0.28671875 0.60390625 0.3515625 0.62109375 0.353125 0.63671875 0.340625 0.65234375 0.35 0.671875 0.35234375 0.6859375 0.32734375 0.68125 0.28984375 0.6984375 0.25546875 0.72265625 0.228125
0 0.5078125 0.04921875 0.5015625 0.03984375 0.525 0.03203125 0.47265625 0.028125 0.4734375 0.12734375 0.48515625 0.1375 0.49921875 0.1359375 0.51484375 0.1453125 0.53828125 0.14375 0.57265625 0.1625 0.58125 0.16171875 0.584375 0.15078125 0.5734375 0.11015625 0.5015625 0.05546875 0.5078125 0.04921875
0 0.54453125 0.365625 0.52109375 0.35625 0.503125 0.32734375 0.4828125 0.31484375 0.4828125 0.27578125 0.47109375 0.2625 0.4703125 0.36640625 0.4859375 0.36640625 0.4890625 0.39921875 0.4875 0.41484375 0.4734375 0.42578125 0.5 0.42890625 0.54140625 0.428125 0.5625 0.40390625 0.5640625 0.39453125 0.54453125 0.365625
0 0.82734375 0.3140625 0.79296875 0.29375 0.7640625 0.32265625 0.75625 0.35078125 0.76328125 0.365625 0.7828125 0.36796875 0.80390625 0.3609375 0.8109375 0.34140625 0.83125 0.32734375 0.82734375 0.3140625
0 0.90234375 0.2671875 0.9 0.32421875 0.87734375 0.309375 0.859375 0.33046875 0.859375 0.34140625 0.87421875 0.353125 0.89921875 0.3375 0.9 0.36484375 0.91953125 0.38125 0.93125 0.38046875 0.9546875 0.33984375 0.9390625 0.30234375 0.91796875 0.2890625 0.90234375 0.2671875
0 0.81953125 0.028125 0.8 0.05390625 0.7921875 0.11171875 0.80390625 0.1296875 0.8453125 0.13203125 0.859375 0.10703125 0.859375 0.04453125 0.85078125 0.028125 0.81953125 0.028125