0 0.3109375 0.34609375 0.30625 0.33671875 0.3125 0.31484375 0.3234375 0.28984375 0.34375 0.28046875 0.353125 0.24765625 0.346875 0.22578125 0.3328125 0.21796875 0.334375 0.19765625 0.3171875 0.18359375 0.3140625 0.16171875 0.315625 0.14296875 0.3375 0.11640625 0.334375 0.09296875 0.3421875 0.07890625 0.33515625 0.0703125 0.31484375 0.06875 0.30703125 0.075 0.27890625 0.0546875 0.26015625 0.053125 0.2546875 0.06328125 0.2609375 0.07578125 0.22265625 0.0828125 0.2078125 0.10234375 0.2078125 0.11328125 0.2203125 0.13984375 0.22109375 0.15625 0.22578125 0.14375 0.23671875 0.1546875 0.26640625 0.1515625 0.2703125 0.15703125 0.26875 0.16953125 0.25546875 0.1734375 0.24375 0.19140625 0.24375 0.22578125 0.275 0.26328125 0.2671875 0.29921875 0.2828125 0.31796875 0.28125 0.34140625 0.2921875 0.36484375 0.296875 0.36171875 0.2921875 0.35703125 0.30234375 0.359375 0.3109375 0.34609375
0 0.49921875 0.3953125 0.5078125 0.38671875 0.53203125 0.3390625 0.5484375 0.34921875 0.5515625 0.29921875 0.5421875 0.27421875 0.53046875 0.2703125 0.528125 0.26171875 0.5125 0.25078125 0.50234375 0.2296875 0.48125 0.21953125 0.4671875 0.17890625 0.47265625 0.1625 0.5 0.14765625 0.4859375 0.10390625 0.47578125 0.096875 0.46328125 0.1109375 0.45078125 0.1109375 0.440625 0.08828125 0.43046875 0.084375 0.4203125 0.10078125 0.4109375 0.14921875 0.4109375 0.16171875 0.4265625 0.17265625 0.4265625 0.19140625 0.40625 0.24296875 0.40625 0.27421875 0.4125 0.28984375 0.4171875 0.41640625 0.43125 0.45078125 0.459375 0.46015625 0.453125 0.43359375 0.4640625 0.42734375 0.478125 0.39453125 0.49921875 0.3953125
0 0.40234375 0.2703125 0.38984375 0.2703125 0.3625 0.31015625 0.3578125 0.35859375 0.3609375 0.37578125 0.3765625 0.39140625 0.384375 0.42109375 0.4046875 0.42421875 0.415625 0.41640625 0.41875 0.39453125 0.4125 0.27890625 0.40234375 0.2703125
0 0.471875 0.40546875 0.48359375 0.3953125 0.49921875 0.396875 0.50703125 0.390625 0.53046875 0.346875 0.55078125 0.35625 0.5578125 0.35234375 0.55625 0.32109375 0.56171875 0.3140625 0.57890625 0.3140625 0.5921875 0.30234375 0.5921875 0.27890625 0.59765625 0.2890625 0.60703125 0.2921875 0.6375 0.27109375 0.634375 0.24921875 0.6 0.21640625 0.6140625 0.17109375 0.6171875 0.13671875 0.625 0.12578125 0.62109375 0.10625 0.60859375 0.1078125 0.60546875 0.1015625 0.5890625 0.11171875 0.5953125 0.12265625 0.56953125 0.1921875 0.55078125 0.1875 0.53671875 0.1625 0.503125 0.22421875 0.49765625 0.225 0.4828125 0.21796875 0.46875 0.17890625 0.47265625 0.1640625 0.5 0.15078125 0.4875 0.10703125 0.47578125 0.096875 0.46328125 0.1109375 0.44921875 0.109375 0.43671875 0.084375 0.42734375 0.0859375 0.421875 0.09609375 0.409375 0.15546875 0.425 0.17578125 0.425 0.18984375 0.40625 0.25390625 0.3765625 0.28515625 0.3625 0.31640625 0.35703125 0.3140625 0.346875 0.32265625 0.3609375 0.34453125 0.3609375 0.36640625 0.3734375 0.37734375 0.3875 0.40859375 0.384375 0.41171875 0.39296875 0.421875 0.41640625 0.4234375 0.43984375 0.45625 0.45625 0.46171875 0.4609375 0.45234375 0.453125 0.43359375 0.465625 0.42421875 0.471875 0.40546875
0 0.33125 0.53984375 0.3359375 0.50078125 0.3265625 0.45859375 0.309375 0.43828125 0.303125 0.41171875 0.28125 0.37890625 0.2765625 0.36015625 0.26171875 0.346875 0.234375 0.36484375 0.2140625 0.41015625 0.209375 0.47734375 0.2109375 0.51484375 0.2234375 0.55859375 0.2421875 0.58046875 0.24375 0.60234375 0.25625 0.61015625 0.27421875 0.5921875 0.29453125 0.59375 0.321875 0.56171875 0.33125 0.53984375
0 0.378125 0.78984375 0.371875 0.71484375 0.3546875 0.70078125 0.353125 0.68671875 0.33828125 0.6625 0.30703125 0.690625 0.2921875 0.69609375 0.2890625 0.71953125 0.3125 0.91171875 0.32265625 0.91875 0.334375 0.91796875 0.3546875 0.90234375 0.35625 0.84453125 0.3703125 0.82109375 0.378125 0.78984375
0 0.11015625 1 0.11484375 0.9921875 0.12421875 1 0.178125 0.99921875 0.1875 0.98046875 0.17734375 0.959375 0.1640625 0.97421875 0.1546875 0.92578125 0.1546875 0.91796875 0.16953125 0.909375 0.1828125 0.89140625 0.16875 0.87109375 0.16875 0.85859375 0.17734375 0.8484375 0.18671875 0.846875 0.2015625 0.86171875 0.209375 0.87890625 0.209375 0.90546875 0.21640625 0.915625 0.2296875 0.90546875 0.228125 0.88359375 0.23984375 0.8609375 0.2484375 0.86484375 0.2515625 0.89140625 0.26171875 0.896875 0.278125 0.86484375 0.29140625 0.8546875 0.30234375 0.8546875 0.31640625 0.9171875 0.34296875 0.9171875 0.3453125 0.92890625 0.35390625 0.934375 0.36484375 0.93125 0.36875 0.91953125 0.3609375 0.89921875 0.3578125 0.84921875 0.378125 0.78984375 0.3703125 0.71484375 0.3578125 0.70390625 0.33828125 0.6640625 0.29453125 0.6921875 0.284375 0.68046875 0.2796875 0.66171875 0.2921875 0.64609375 0.290625 0.63203125 0.27578125 0.6296875 0.24609375 0.6484375 0.234375 0.62109375 0.2359375 0.61015625 0.22421875 0.59375 0.20546875 0.59375 0.2 0.61640625 0.1796875 0.63046875 0.1859375 0.66171875 0.1640625 0.73828125 0.140625 0.75546875 0.13828125 0.765625 0.13203125 0.753125 0.1203125 0.76171875 0.115625 0.83046875 0.10234375 0.8484375 0.09453125 0.846875 0.08125 0.85546875 0.0859375 0.89453125 0.0703125 0.90546875 0.0671875 0.92734375 0.0453125 0.95546875 0.05234375 0.9859375 0.07890625 0.9828125 0.09296875 0.9703125 0.09765625 1 0.11015625 1
0 0.78046875 0.8140625 0.76640625 0.8078125 0.68046875 0.80625 0.56171875 0.80625 0.528125 0.81328125 0.5265625 0.91015625 0.52890625 0.915625 0.559375 0.92578125 0.5671875 0.96953125 0.58671875 1 0.78125 0.99921875 0.7875 0.97421875 0.7875 0.88828125 0.7859375 0.82734375 0.78046875 0.8140625
0 0.915625 0.68828125 0.9125 0.60546875 0.88359375 0.553125 0.8625 0.56953125 0.85234375 0.590625 0.83984375 0.5859375 0.825 0.59765625 0.80625 0.63828125 0.815625 0.66796875 0.82578125 0.6703125 0.83984375 0.690625 0.8640625 0.68515625 0.8640625 0.70859375 0.8484375 0.74765625 0.8578125 0.76015625 0.8765625 0.74765625 0.8859375 0.71953125 0.909375 0.70078125 0.915625 0.68828125
0 0.7796875 0.41640625 0.78203125 0.3953125 0.79921875 0.3984375 0.8046875 0.39296875 0.8046875 0.37578125 0.7953125 0.33359375 0.76328125 0.30625 0.74296875 0.3109375 0.7375 0.31953125 0.721875 0.35859375 0.721875 0.38984375 0.7390625 0.42734375 0.73125 0.46015625 0.76484375 0.4828125 0.7765625 0.48203125 0.78125 0.46953125 0.771875 0.45546875 0.765625 0.42734375 0.7796875 0.41640625
0 0.79609375 0.06875 0.80859375 0.084375 0.821875 0.08359375 0.828125 0.03671875 0.81953125 0.028125 0.80859375 0.03125 0.79296875 0.053125 0.76328125 0.0328125 0.740625 0.05546875 0.7390625 0.06796875 0.746875 0.08671875 0.72734375 0.0859375 0.715625 0.10546875 0.7171875 0.11484375 0.73125 0.11953125 0.7421875 0.14296875 0.75390625 0.153125 0.76171875 0.15 0.77265625 0.165625 0.7953125 0.16484375 0.803125 0.16171875 0.80625 0.14453125 0.7875 0.08828125 0.79609375 0.06875
0 0.9734375 0.12421875 0.9578125 0.09140625 0.9421875 0.08359375 0.9421875 0.07421875 0.95703125 0.0578125 0.97734375 0.0609375 0.9828125 0.05234375 0.94765625 0.0328125 0.93203125 0.03125 0.93125 0.05234375 0.9125 0.07890625 0.909375 0.12890625 0.93046875 0.1328125 0.934375 0.15078125 0.9234375 0.16640625 0.925 0.18203125 0.909375 0.22265625 0.92734375 0.2484375 0.9484375 0.24921875 0.9703125 0.23515625 0.95 0.19140625 0.9546875 0.15234375 0.9734375 0.12421875
0 0.53359375 0.3421875 0.5484375 0.34921875 0.5546875 0.34140625 0.55546875 0.309375 0.58515625 0.303125 0.59296875 0.2796875 0.60703125 0.2875 0.61171875 0.2796875 0.6203125 0.27890625 0.61953125 0.265625 0.62421875 0.2703125 0.6328125 0.26484375 0.625 0.23671875 0.6015625 0.21953125 0.603125 0.19140625 0.62265625 0.1234375 0.61171875 0.1234375 0.60859375 0.1171875 0.590625 0.12578125 0.5890625 0.14609375 0.57109375 0.19375 0.52734375 0.1859375 0.5125 0.21171875 0.515625 0.21640625 0.50703125 0.215625 0.50078125 0.2265625 0.49453125 0.2265625 0.4828125 0.22109375 0.471875 0.18671875 0.4640625 0.18515625 0.4625 0.16953125 0.46640625 0.159375 0.47265625 0.1625 0.4953125 0.15078125 0.4875 0.10703125 0.47421875 0.0984375 0.46328125 0.109375 0.4453125 0.11328125 0.459375 0.16796875 0.43828125 0.171875 0.43515625 0.1546875 0.428125 0.16484375 0.4328125 0.16640625 0.43203125 0.1765625 0.4625 0.18515625 0.4390625 0.18984375 0.45546875 0.1921875 0.44375 0.19609375 0.4546875 0.20078125 0.43125 0.20234375 0.4296875 0.21328125 0.4375 0.21640625 0.421875 0.21953125 0.4078125 0.25234375 0.4078125 0.26484375 0.4140625 0.27109375 0.40078125 0.2734375 0.40625 0.27890625 0.3953125 0.28359375 0.4 0.28671875 0.3953125 0.29140625 0.40625 0.30234375 0.3953125 0.30703125 0.40859375 0.3265625 0.4140625 0.32265625 0.4125 0.29921875 0.4015625 0.28671875 0.41328125 0.278125 0.4109375 0.28359375 0.41953125 0.2796875 0.4234375 0.28828125 0.421875 0.41640625 0.4328125 0.43359375 0.45859375 0.43125 0.48046875 0.39375 0.50390625 0.390625 0.53359375 0.3421875
0 0.3234375 0.55390625 0.321875 0.53359375 0.328125 0.52578125 0.32265625 0.528125 0.3203125 0.51796875 0.3265625 0.51953125 0.3296875 0.50703125 0.32265625 0.5125 0.3203125 0.50234375 0.328125 0.49453125 0.32265625 0.496875 0.31875 0.48984375 0.3203125 0.46328125 0.3109375 0.45234375 0.30625 0.42421875 0.31875 0.40390625 0.3375 0.34609375 0.34765625 0.3453125 0.34921875 0.3578125 0.36640625 0.334375 0.37578125 0.3328125 0.3734375 0.33828125 0.3828125 0.33984375 0.390625 0.32265625 0.384375 0.32265625 0.384375 0.29921875 0.38984375 0.3 0.3921875 0.29140625 0.3859375 0.28671875 0.3921875 0.28359375 0.38359375 0.2828125 0.3796875 0.28828125 0.384375 0.29453125 0.371875 0.30546875 0.378125 0.31484375 0.36171875 0.315625 0.34375 0.28828125 0.3546875 0.24296875 0.3359375 0.21328125 0.334375 0.19609375 0.321875 0.18359375 0.315625 0.16171875 0.3171875 0.14453125 0.3375 0.11796875 0.3390625 0.07265625 0.31484375 0.06875 0.30546875 0.0734375 0.27265625 0.053125 0.25703125 0.0546875 0.25625 0.07421875 0.22734375 0.0796875 0.2078125 0.10546875 0.22109375 0.16875 0.24140625 0.15625 0.2671875 0.15859375 0.265625 0.16796875 0.2453125 0.18671875 0.2421875 0.22734375 0.2734375 0.26484375 0.265625 0.29765625 0.2765625 0.31796875 0.26015625 0.3265625 0.2546875 0.31484375 0.253125 0.32890625 0.2453125 0.33046875 0.2546875 0.34140625 0.2296875 0.36953125 0.2125 0.41796875 0.2140625 0.52109375 0.228125 0.56328125 0.2421875 0.57734375 0.2453125 0.60078125 0.25 0.60234375 0.26328125 0.6015625 0.28828125 0.5859375 0.29921875 0.5875 0.3234375 0.55390625
0 0.05859375 0.75 0.04921875 0.746875 0.0390625 0.76796875 0.0484375 0.81484375 0.0640625 0.81796875 0.0828125 0.80546875 0.0859375 0.78984375 0.06640625 0.7421875 0.05859375 0.75
0 0.3765625 0.39296875 0.359375 0.37890625 0.35 0.35390625 0.33515625 0.3453125 0.31875 0.40703125 0.325 0.44453125 0.33515625 0.45625 0.35234375 0.453125 0.36875 0.48671875 0.390625 0.49453125 0.3953125 0.47109375 0.384375 0.45234375 0.3875 0.42890625 0.3765625 0.39296875