0 0.61171875 0.728125 0.61875 0.72109375 0.6203125 0.06796875 0.6171875 0.05234375 0.61015625 0.0484375 0.51328125 0.0515625 0.45703125 0.0734375 0.36171875 0.090625 0.3328125 0.11953125 0.325 0.14140625 0.3140625 0.21328125 0.2984375 0.26171875 0.3015625 0.42890625 0.30625 0.43203125 0.309375 0.49921875 0.315625 0.50390625 0.3265625 0.61640625 0.34375 0.69296875 0.36875 0.73828125 0.38203125 0.75 0.40625 0.75703125 0.42109375 0.7515625 0.44140625 0.7328125 0.54609375 0.7359375 0.61171875 0.728125
0 0.22421875 0.3515625 0.24140625 0.3609375 0.25546875 0.359375 0.278125 0.33046875 0.2796875 0.31328125 0.27265625 0.3046875 0.2640625 0.30703125 0.26875 0.28828125 0.2765625 0.28671875 0.25546875 0.2796875 0.13359375 0.2953125 0.11015625 0.3015625 0.09765625 0.3125 0.07890625 0.3046875 0.05703125 0.3171875 0.0515625 0.32578125 0.0546875 0.37578125 0.06015625 0.38125 0.1078125 0.38359375 0.13046875 0.3828125 0.13359375 0.36875 0.20546875 0.3625 0.22421875 0.3515625
0 0.2921875 0.59140625 0.2921875 0.58203125 0.3 0.58359375 0.2984375 0.57734375 0.2859375 0.57578125 0.284375 0.50234375 0.27890625 0.5171875 0.26875 0.51015625 0.2625 0.49296875 0.26640625 0.48125 0.25078125 0.4765625 0.23984375 0.484375 0.23671875 0.4796875 0.23046875 0.4875 0.22109375 0.475 0.21640625 0.4796875 0.21171875 0.4734375 0.20078125 0.4765625 0.20078125 0.4703125 0.2109375 0.46796875 0.20546875 0.4609375 0.20078125 0.465625 0.17265625 0.4609375 0.1671875 0.46640625 0.16953125 0.478125 0.1515625 0.47578125 0.1640625 0.46796875 0.16171875 0.4625 0.15390625 0.46875 0.14453125 0.4625 0.15 0.47421875 0.11796875 0.484375 0.1125 0.49765625 0.103125 0.49921875 0.096875 0.53046875 0.0875 0.53203125 0.084375 0.56484375 0.096875 0.60078125 0.11328125 0.61875 0.13359375 0.61875 0.15703125 0.628125 0.246875 0.62890625 0.28828125 0.60625 0.29140625 0.5953125 0.2984375 0.59609375 0.2921875 0.59140625
0 0.31640625 0.6484375 0.27734375 0.6484375 0.26796875 0.6390625 0.21015625 0.63125 0.13359375 0.634375 0.1046875 0.65546875 0.11484375 0.675 0.14296875 0.6828125 0.14453125 0.6921875 0.221875 0.69453125 0.32109375 0.684375 0.33046875 0.68125 0.3328125 0.67265625 0.31640625 0.6484375
0 0.29453125 0.1078125 0.3015625 0.09921875 0.27578125 0.096875 0.14296875 0.1265625 0.1328125 0.13046875 0.13125 0.14921875 0.16015625 0.140625 0.20546875 0.1390625 0.26953125 0.109375 0.29453125 0.1078125
0 0.78515625 0.028125 0.80234375 0.01875 0.82421875 0.021875 0.8390625 0.00078125 0.71640625 0 0.7140625 0.06484375 0.7171875 0.08359375 0.721875 0.08359375 0.73125 0.06328125 0.7546875 0.05078125 0.76484375 0.028125 0.78515625 0.028125
0 0.82890625 0.06875 0.85078125 0.0703125 0.8609375 0.05234375 0.81484375 0.0234375 0.76640625 0.0328125 0.7453125 0.06015625 0.74375 0.07421875 0.74921875 0.084375 0.75703125 0.0796875 0.76171875 0.0859375 0.79375 0.08828125 0.81640625 0.08125 0.815625 0.07578125 0.82578125 0.075 0.82890625 0.06875
0 0.94375 0.05546875 0.95078125 0.0703125 0.959375 0.06953125 0.959375 0.08046875 0.9796875 0.10234375 0.9984375 0.13671875 1 0.04140625 0.98984375 0.0265625 0.96953125 0.01875 0.94375 0.05546875
0 0.65234375 0.8296875 0.659375 0.82734375 0.65859375 0.8140625 0.66328125 0.8234375 0.6734375 0.82109375 0.671875 0.80234375 0.6796875 0.78203125 0.675 0.77578125 0.6859375 0.76484375 0.6921875 0.74140625 0.71015625 0.7390625 0.7125 0.73359375 0.71015625 0.5265625 0.70703125 0.5578125 0.7015625 0.54765625 0.6921875 0.68515625 0.68671875 0.6640625 0.684375 0.68203125 0.6765625 0.68671875 0.684375 0.68984375 0.68125 0.70234375 0.6859375 0.70703125 0.68125 0.75703125 0.67578125 0.7703125 0.6734375 0.68046875 0.68125 0.67109375 0.6734375 0.66953125 0.67109375 0.659375 0.6578125 0.67734375 0.65625 0.72734375 0.6390625 0.78515625 0.6421875 0.79609375 0.63671875 0.7953125 0.6265625 0.81171875 0.625 0.83046875 0.6296875 0.83203125 0.6390625 0.82890625 0.64765625 0.8125 0.6546875 0.81640625 0.65234375 0.8296875
0 0.6765625 0.50546875 0.66875 0.55234375 0.665625 0.62421875 0.67421875 0.6359375 0.68671875 0.634375 0.69375 0.64921875 0.7109375 0.54453125 0.70703125 0.4953125 0.70390625 0.5015625 0.6765625 0.50546875
0 0.74453125 0.109375 0.721875 0.11953125 0.725 0.16015625 0.740625 0.16640625 0.75390625 0.1640625 0.759375 0.15546875 0.7609375 0.12421875 0.74453125 0.109375
0 0.73046875 0.2734375 0.725 0.27734375 0.7265625 0.31484375 0.73203125 0.321875 0.746875 0.32109375 0.7578125 0.31171875 0.75625 0.28046875 0.75234375 0.275 0.73046875 0.2734375
0 0.734375 0.48359375 0.74140625 0.4921875 0.7578125 0.49453125 0.7625 0.45234375 0.74765625 0.440625 0.7375 0.45390625 0.734375 0.48359375
0 0.7453125 0.60546875 0.74375 0.63203125 0.75234375 0.64375 0.76875 0.64296875 0.775 0.63359375 0.7734375 0.60703125 0.76328125 0.5921875 0.7453125 0.60546875
0 0.7828125 0.75234375 0.7828125 0.71015625 0.75546875 0.709375 0.753125 0.74921875 0.7828125 0.75234375
0 0.70078125 0.003125 0.68671875 0.003125 0.67578125 0.0046875 0.6734375 0.01171875 0.6828125 0.22265625 0.675 0.48359375 0.67890625 0.5 0.6921875 0.49140625 0.68984375 0.4859375 0.69921875 0.4859375 0.7078125 0.50703125 0.7140625 0.39296875 0.7140625 0.13828125 0.70625 0.01015625 0.70078125 0.003125
0 0.55703125 0.740625 0.44453125 0.734375 0.415625 0.76484375 0.4140625 0.81484375 0.43125 0.86484375 0.43671875 0.871875 0.4875 0.87421875 0.52421875 0.8640625 0.55 0.83359375 0.5625 0.79765625 0.55703125 0.740625
0 0.42578125 0.9140625 0.40859375 0.915625 0.3953125 0.92890625 0.384375 0.96328125 0.38828125 1 0.50625 0.99921875 0.509375 0.98515625 0.503125 0.96796875 0.47109375 0.9296875 0.42578125 0.9140625