0 0.47109375 0.1703125 0.4703125 0.22421875 0.48359375 0.2390625 0.4921875 0.23984375 0.56796875 0.2328125 0.5734375 0.22734375 0.56875 0.17265625 0.47109375 0.1703125
0 0.63125 0.21328125 0.6390625 0.23203125 0.66640625 0.259375 0.675 0.25859375 0.696875 0.22578125 0.696875 0.20078125 0.67734375 0.1734375 0.63125 0.21328125
0 0.40078125 0.1453125 0.38359375 0.140625 0.36875 0.15390625 0.371875 0.19296875 0.37421875 0.1984375 0.4 0.19765625 0.4109375 0.18984375 0.4125 0.14609375 0.40859375 0.140625 0.40078125 0.1453125
0 0.45078125 0.60625 0.434375 0.62421875 0.4484375 0.65078125 0.4625 0.65234375 0.4890625 0.63984375 0.49375 0.62421875 0.48359375 0.60625 0.45078125 0.60625
0 0.6046875 0.62421875 0.6046875 0.65078125 0.61171875 0.6578125 0.621875 0.65703125 0.628125 0.62734375 0.62109375 0.615625 0.61328125 0.6140625 0.6046875 0.62421875
0 0.746875 0.62890625 0.746875 0.64921875 0.75625 0.65546875 0.76875 0.64609375 0.771875 0.62578125 0.76640625 0.621875 0.746875 0.62890625
0 0.10078125 0.009375 0.0921875 0.01796875 0.075 0.06640625 0.0765625 0.13359375 0.10234375 0.1734375 0.1203125 0.17421875 0.1296875 0.15859375 0.1375 0.02421875 0.13203125 0.0109375 0.10078125 0.009375
0 0.17734375 0 0.165625 0.00546875 0.1578125 0.05703125 0.159375 0.14140625 0.165625 0.17734375 0.18515625 0.1796875 0.18984375 0.16875 0.19375 0.18046875 0.190625 0.22109375 0.18125 0.23203125 0.16875 0.31015625 0.16875 0.43828125 0.18125 0.46328125 0.184375 0.50703125 0.19296875 0.4890625 0.20078125 0.50625 0.20546875 0.5015625 0.20859375 0.5078125 0.21328125 0.5 0.221875 0.51015625 0.2171875 0.51484375 0.2234375 0.52421875 0.2328125 0.52421875 0.23671875 0.5171875 0.240625 0.51953125 0.24609375 0.4953125 0.26015625 0.4890625 0.29609375 0.4875 0.30703125 0.4578125 0.32578125 0.4578125 0.334375 0.45078125 0.3375 0.39609375 0.34296875 0.390625 0.37265625 0.3796875 0.40078125 0.3890625 0.4078125 0.38046875 0.415625 0.29609375 0.409375 0.20390625 0.4125 0.14609375 0.384375 0.13046875 0.38125 0.05859375 0.375 0.04921875 0.37578125 0 0.17734375 0
0 0.16796875 1 0.17734375 0.990625 0.19296875 0.9984375 0.190625 0.99296875 0.19765625 0.990625 0.20078125 0.9984375 0.21171875 0.9796875 0.21640625 0.990625 0.21953125 0.98125 0.2265625 0.98359375 0.22578125 0.9953125 0.24140625 0.990625 0.24609375 1 0.2640625 0.99921875 0.271875 0.95234375 0.290625 0.92578125 0.290625 0.87265625 0.3 0.86796875 0.3 0.84609375 0.290625 0.84296875 0.2859375 0.82109375 0.296875 0.82421875 0.29921875 0.8375 0.30625 0.80234375 0.303125 0.76171875 0.29921875 0.75625 0.29140625 0.7578125 0.2875 0.74765625 0.2875 0.69765625 0.28125 0.67578125 0.2859375 0.59609375 0.27421875 0.58125 0.26171875 0.58125 0.25 0.59609375 0.2484375 0.63984375 0.23671875 0.64375 0.23359375 0.6125 0.19921875 0.609375 0.16953125 0.5875 0.15546875 0.596875 0.1484375 0.59453125 0.1484375 0.58046875 0.1578125 0.57734375 0.1578125 0.56484375 0.1546875 0.54921875 0.14609375 0.5421875 0.1296875 0.59140625 0.128125 0.67109375 0.12265625 0.6640625 0.11015625 0.6765625 0.09375 0.66171875 0.0921875 0.62578125 0.07890625 0.61875 0.075 0.63046875 0.0578125 0.88515625 0.059375 0.91796875 0.071875 0.94296875 0.06875 0.99921875 0.10078125 1 0.10625 0.99453125 0.109375 0.94453125 0.1203125 0.94609375 0.1203125 0.95390625 0.1125 0.95859375 0.12265625 0.965625 0.125 0.91171875 0.13046875 0.9140625 0.13359375 0.9078125 0.140625 0.93046875 0.1375 0.93671875 0.14375 0.93828125 0.1359375 0.94140625 0.1359375 0.94921875 0.146875 0.95390625 0.134375 0.95703125 0.1359375 0.96640625 0.146875 0.96953125 0.1359375 0.97421875 0.146875 0.98359375 0.14921875 1 0.16796875 1
0 0.4953125 0.81796875 0.4890625 0.78203125 0.50703125 0.7796875 0.5140625 0.77265625 0.51875 0.67890625 0.5171875 0.65234375 0.5109375 0.64765625 0.51875 0.63203125 0.509375 0.57890625 0.5140625 0.48359375 0.5078125 0.45234375 0.48203125 0.434375 0.4625 0.44453125 0.446875 0.48359375 0.453125 0.48671875 0.453125 0.57734375 0.4609375 0.58203125 0.4546875 0.58359375 0.4546875 0.59296875 0.4671875 0.59765625 0.44375 0.60546875 0.434375 0.61953125 0.434375 0.63359375 0.44765625 0.6484375 0.45078125 0.640625 0.4546875 0.64296875 0.4578125 0.65234375 0.45234375 0.65 0.4515625 0.65546875 0.46328125 0.6578125 0.46875 0.67109375 0.4640625 0.67578125 0.4671875 0.68671875 0.4578125 0.69140625 0.459375 0.70234375 0.4515625 0.70703125 0.45625 0.71015625 0.4515625 0.72109375 0.45625 0.75859375 0.45078125 0.7515625 0.446875 0.77265625 0.4390625 0.78203125 0.4484375 0.79453125 0.44375 0.82265625 0.43984375 0.8296875 0.43671875 0.7921875 0.4265625 0.84453125 0.4453125 0.88046875 0.45 0.99140625 0.45546875 1 0.4765625 0.99921875 0.4828125 0.89765625 0.48671875 0.9046875 0.4890625 0.84140625 0.4953125 0.81796875
0 0.728125 0.38984375 0.73984375 0.3984375 0.746875 0.39609375 0.759375 0.36484375 0.7625 0.26953125 0.746875 0.23671875 0.7390625 0.23203125 0.7375 0.20390625 0.7390625 0.15390625 0.7671875 0.09609375 0.7671875 0.07578125 0.7609375 0.05234375 0.7484375 0.04765625 0.74453125 0 0.728125 0.00078125 0.721875 0.04296875 0.703125 0.05390625 0.68125 0.09765625 0.63984375 0.125 0.6375 0.13359375 0.6359375 0.17734375 0.64140625 0.1828125 0.65234375 0.1765625 0.6546875 0.18515625 0.64453125 0.1921875 0.6375 0.18828125 0.63125 0.22265625 0.653125 0.25234375 0.6609375 0.27421875 0.64375 0.42109375 0.6453125 0.50859375 0.65 0.53359375 0.66640625 0.5515625 0.6734375 0.55078125 0.6984375 0.49140625 0.7015625 0.37421875 0.72578125 0.3796875 0.728125 0.38984375
0 0.5671875 0.20390625 0.5578125 0.20078125 0.5703125 0.18828125 0.55625 0.18359375 0.55703125 0.1734375 0.56171875 0.1796875 0.56875 0.17734375 0.5609375 0.13515625 0.5734375 0.13046875 0.5671875 0.12421875 0.5703125 0.11015625 0.5625 0.09296875 0.5375 0.07421875 0.54375 0.05546875 0.54921875 0.0625 0.5546875 0.04765625 0.5484375 0.00390625 0.39921875 0 0.4015625 0.13046875 0.4140625 0.14609375 0.4125 0.19140625 0.41953125 0.196875 0.44765625 0.190625 0.459375 0.21953125 0.47109375 0.2234375 0.48515625 0.178125 0.50078125 0.1734375 0.55078125 0.175 0.54921875 0.1921875 0.53828125 0.184375 0.52734375 0.190625 0.50703125 0.1859375 0.4859375 0.19140625 0.503125 0.19609375 0.50390625 0.2140625 0.5171875 0.20859375 0.51015625 0.19375 0.54921875 0.1953125 0.53515625 0.203125 0.52890625 0.2 0.5171875 0.21171875 0.52265625 0.2296875 0.5296875 0.22734375 0.52421875 0.209375 0.5484375 0.21171875 0.5328125 0.22109375 0.53125 0.23203125 0.5375 0.23359375 0.56796875 0.228125 0.5734375 0.22109375 0.5609375 0.21484375 0.5671875 0.20390625
0 0 0.55859375 0.02109375 0.559375 0.03984375 0.5453125 0.0515625 0.56015625 0.0609375 0.54453125 0.0640625 0.44765625 0.05078125 0.440625 0.03984375 0.4484375 0.03046875 0.4328125 0.01640625 0.428125 0 0.43984375 0 0.55859375
0 0.1328125 0.50546875 0.13125 0.53515625 0.134375 0.56953125 0.1484375 0.57421875 0.1609375 0.56796875 0.1609375 0.51640625 0.15234375 0.496875 0.1328125 0.50546875
0 0.54140625 0.6171875 0.5359375 0.63671875 0.54375 0.64140625 0.54140625 0.6171875
0 0.5625 0.37734375 0.55078125 0.3625 0.5421875 0.36796875 0.5375 0.38203125 0.5328125 0.46640625 0.521875 0.50703125 0.525 0.58984375 0.5390625 0.59921875 0.55625 0.57734375 0.559375 0.46015625 0.5671875 0.41640625 0.5625 0.37734375
0 0.36796875 0.86875 0.353125 0.88359375 0.3484375 0.90546875 0.3640625 0.93515625 0.3765625 0.93984375 0.3921875 0.91640625 0.39375 0.88671875 0.38515625 0.871875 0.36796875 0.86875