0 0.82734375 0 0.80546875 0.003125 0.7984375 0.01015625 0.796875 0.02265625 0.8109375 0.04296875 0.82578125 0.0546875 0.85234375 0.0625 0.88203125 0.1 0.90546875 0.1078125 0.94296875 0.134375 0.9953125 0.15078125 1 0.14765625 0.99921875 0 0.82734375 0
0 0.61328125 0.0953125 0.6265625 0.09140625 0.6265625 0.06328125 0.6640625 0.02890625 0.65703125 0 0.59453125 0.0015625 0.5765625 0.02109375 0.5734375 0.04140625 0.5609375 0.04140625 0.5609375 0.05859375 0.56875 0.07109375 0.56875 0.11796875 0.55390625 0.11875 0.55 0.12421875 0.5484375 0.14921875 0.565625 0.16953125 0.5625 0.17734375 0.571875 0.17890625 0.58515625 0.175 0.6015625 0.15859375 0.59375 0.11796875 0.61328125 0.0953125
0 0.178125 0.15859375 0.16796875 0.1484375 0.15703125 0.146875 0.1546875 0.13984375 0.1625 0.12890625 0.1640625 0.10859375 0.1921875 0.08046875 0.18125 0.04609375 0.1890625 0.01640625 0.17734375 0.0171875 0.16640625 0.003125 0.10703125 0 0.1109375 0.04765625 0.09375 0.06328125 0.1015625 0.10546875 0.09375 0.13828125 0.11328125 0.1390625 0.1375 0.14921875 0.1296875 0.15703125 0.125 0.19453125 0.1453125 0.24140625 0.14375 0.25234375 0.153125 0.26015625 0.1625 0.25234375 0.1609375 0.24453125 0.178125 0.20546875 0.178125 0.15859375
0 0 0.58203125 0.0046875 0.58828125 0 0.59765625 0.01484375 0.61875 0.0359375 0.62421875 0.03984375 0.6484375 0.05625 0.64921875 0.0609375 0.63515625 0.053125 0.61953125 0.0484375 0.57265625 0.08046875 0.5703125 0.0890625 0.54921875 0.0859375 0.53515625 0.065625 0.51328125 0.0609375 0.47890625 0.06875 0.46953125 0.05625 0.45390625 0.0515625 0.42421875 0.04453125 0.4171875 0.0296875 0.41953125 0.0390625 0.39765625 0.0453125 0.40078125 0.0453125 0.38515625 0.05625 0.38046875 0.0578125 0.34140625 0.04765625 0.3421875 0.03125 0.36171875 0.0265625 0.33359375 0.0359375 0.31640625 0.0390625 0.26796875 0.028125 0.24765625 0.0265625 0.23046875 0.01640625 0.2265625 0 0.25078125 0 0.53828125 0.00859375 0.5296875 0.0140625 0.54140625 0.00859375 0.5484375 0 0.54765625 0 0.58203125
0 0.2953125 0.57265625 0.2765625 0.55703125 0.2796875 0.54296875 0.27109375 0.540625 0.2578125 0.51796875 0.25 0.51484375 0.25546875 0.509375 0.26953125 0.515625 0.284375 0.50390625 0.284375 0.48515625 0.271875 0.47421875 0.275 0.45546875 0.2640625 0.45546875 0.2640625 0.47578125 0.25546875 0.4859375 0.2453125 0.48671875 0.2484375 0.49765625 0.23984375 0.5015625 0.2359375 0.49453125 0.2421875 0.48828125 0.2375 0.48359375 0.2421875 0.47109375 0.2375 0.45859375 0.23203125 0.4609375 0.234375 0.45546875 0.2203125 0.44921875 0.2234375 0.42109375 0.23359375 0.4203125 0.234375 0.40859375 0.24765625 0.403125 0.259375 0.38828125 0.2609375 0.36953125 0.24921875 0.353125 0.23515625 0.353125 0.21875 0.36328125 0.21640625 0.3765625 0.20078125 0.371875 0.19609375 0.3796875 0.1875 0.36953125 0.1875 0.35234375 0.1984375 0.32734375 0.1953125 0.29921875 0.17734375 0.2921875 0.11953125 0.2921875 0.1109375 0.31328125 0.1109375 0.33359375 0.11875 0.34765625 0.1015625 0.35859375 0.096875 0.39765625 0.1171875 0.43671875 0.11875 0.49140625 0.13125 0.50546875 0.1484375 0.59609375 0.16015625 0.5984375 0.18203125 0.58125 0.19140625 0.6 0.20234375 0.6 0.20546875 0.5890625 0.20625 0.59765625 0.22734375 0.621875 0.240625 0.62265625 0.25390625 0.6046875 0.27109375 0.603125 0.296875 0.58515625 0.2953125 0.57265625
0 0.23984375 0.8328125 0.23984375 0.8125 0.315625 0.78828125 0.3203125 0.76796875 0.3140625 0.71953125 0.31875 0.70703125 0.29609375 0.690625 0.27734375 0.6984375 0.23984375 0.6984375 0.22265625 0.7046875 0.2140625 0.73828125 0.19296875 0.740625 0.18125 0.76015625 0.16875 0.84140625 0.18125 0.87734375 0.196875 0.88203125 0.2171875 0.87109375 0.21875 0.83046875 0.22890625 0.8234375 0.23984375 0.8328125
0 0.53828125 0.565625 0.56875 0.56796875 0.590625 0.62421875 0.60234375 0.634375 0.61484375 0.6328125 0.62890625 0.615625 0.671875 0.60390625 0.6703125 0.56953125 0.64765625 0.5640625 0.6390625 0.55078125 0.640625 0.53046875 0.6296875 0.48515625 0.58515625 0.4453125 0.56015625 0.44375 0.52421875 0.4859375 0.49765625 0.4671875 0.465625 0.45703125 0.4578125 0.49140625 0.446875 0.50234375 0.4546875 0.54296875 0.4390625 0.55859375 0.4375 0.58671875 0.4578125 0.61484375 0.45625 0.63359375 0.475 0.63671875 0.48359375 0.6234375 0.509375 0.60546875 0.521875 0.57109375 0.53828125 0.565625
0 0.48125 0.66171875 0.47421875 0.6578125 0.453125 0.67421875 0.4421875 0.71171875 0.47890625 0.740625 0.5015625 0.74453125 0.5109375 0.73515625 0.509375 0.71484375 0.484375 0.68984375 0.48125 0.66171875
0 0.5875 0.86796875 0.584375 0.89765625 0.6046875 0.90234375 0.6109375 0.87421875 0.6171875 0.87109375 0.59765625 0.8578125 0.5875 0.86796875
0 0.6984375 0.79296875 0.68359375 0.7796875 0.6625 0.78203125 0.6578125 0.80390625 0.634375 0.82421875 0.625 0.84140625 0.6265625 0.87890625 0.63984375 0.8875 0.6578125 0.88671875 0.67578125 0.884375 0.69140625 0.8703125 0.7015625 0.84453125 0.6984375 0.79296875
0 1 0.20703125 0.98046875 0.2078125 0.971875 0.21640625 0.9765625 0.23828125 0.96015625 0.2484375 0.9546875 0.24453125 0.9609375 0.23984375 0.95 0.23359375 0.946875 0.20390625 0.93984375 0.196875 0.92578125 0.2078125 0.89765625 0.1875 0.87890625 0.1875 0.846875 0.23046875 0.8578125 0.29453125 0.86328125 0.284375 0.8859375 0.29921875 0.875 0.38984375 0.8953125 0.43984375 0.8890625 0.46640625 0.8796875 0.47890625 0.8859375 0.51484375 0.875 0.54296875 0.9015625 0.61640625 0.8921875 0.68828125 0.915625 0.71015625 0.921875 0.74765625 0.934375 0.75234375 0.94765625 0.7453125 1 0.74453125 1 0.20703125
0 0.48203125 0.3421875 0.47421875 0.334375 0.45703125 0.3359375 0.4546875 0.31328125 0.440625 0.31015625 0.4375 0.29140625 0.4515625 0.24296875 0.4390625 0.22734375 0.45234375 0.2265625 0.4578125 0.21953125 0.4390625 0.22109375 0.4453125 0.20390625 0.4375 0.19765625 0.4359375 0.17265625 0.43203125 0.1765625 0.4265625 0.16953125 0.428125 0.14140625 0.41640625 0.1359375 0.4015625 0.13828125 0.4015625 0.12421875 0.39375 0.11953125 0.4 0.11484375 0.39296875 0.0953125 0.3953125 0.10703125 0.38984375 0.1125 0.38359375 0.10625 0.36875 0.10546875 0.3765625 0.09921875 0.375 0.07578125 0.35390625 0.0609375 0.3515625 0.09140625 0.371875 0.08671875 0.353125 0.09921875 0.353125 0.11640625 0.359375 0.11796875 0.34921875 0.1328125 0.3453125 0.12890625 0.34375 0.14765625 0.3375 0.14921875 0.33359375 0.11875 0.32109375 0.1203125 0.30390625 0.1109375 0.2671875 0.15859375 0.2828125 0.18203125 0.2796875 0.23671875 0.290625 0.24765625 0.278125 0.26640625 0.278125 0.28046875 0.3015625 0.29453125 0.2859375 0.31484375 0.30390625 0.3171875 0.31015625 0.3015625 0.309375 0.31484375 0.31875 0.32578125 0.29453125 0.3296875 0.29375 0.33671875 0.30703125 0.3375 0.3015625 0.34609375 0.31015625 0.3515625 0.315625 0.33671875 0.32578125 0.378125 0.340625 0.36953125 0.3421875 0.38984375 0.33046875 0.3890625 0.325 0.40078125 0.325 0.41328125 0.33828125 0.425 0.34921875 0.4265625 0.3640625 0.41328125 0.3609375 0.39296875 0.36953125 0.3859375 0.37734375 0.396875 0.38359375 0.384375 0.40546875 0.3828125 0.4140625 0.37734375 0.409375 0.36953125 0.415625 0.36640625 0.415625 0.35390625 0.4265625 0.35390625 0.41875 0.36171875 0.42734375 0.36875 0.4296875 0.35078125 0.43671875 0.35 0.4390625 0.38203125 0.4484375 0.38671875 0.4390625 0.39609375 0.4484375 0.39765625 0.453125 0.42421875 0.503125 0.42734375 0.509375 0.42421875 0.509375 0.40859375 0.5 0.34453125 0.48203125 0.3421875
0 0.48203125 0 0.47890625 0.00625 0.47109375 0 0.46328125 0.00625 0.45234375 0 0.44140625 0.0046875 0.41640625 0 0.41328125 0.00625 0.40546875 0.00625 0.40390625 0 0.2640625 0.00078125 0.2625 0.01484375 0.2921875 0.04921875 0.31015625 0.059375 0.3140625 0.04609375 0.32265625 0.046875 0.3171875 0.06328125 0.325 0.07890625 0.3421875 0.07890625 0.33984375 0.0859375 0.33046875 0.084375 0.328125 0.08984375 0.34375 0.09609375 0.3421875 0.10703125 0.3328125 0.11171875 0.3390625 0.11328125 0.3453125 0.14609375 0.3828125 0.15390625 0.39609375 0.153125 0.4015625 0.14296875 0.403125 0.06796875 0.42734375 0.075 0.4203125 0.07890625 0.43203125 0.084375 0.45546875 0.084375 0.46328125 0.0734375 0.478125 0.06796875 0.48359375 0.053125 0.4875 0.05703125 0.4890625 0.03203125 0.4796875 0.03671875 0.48125 0.01953125 0.51015625 0.028125 0.52109375 0 0.48203125 0