0 0.9625 0.42265625 0.95 0.40078125 0.93125 0.36953125 0.91953125 0.3625 0.9109375 0.37265625 0.9203125 0.43828125 0.9171875 0.46015625 0.9296875 0.46953125 0.94140625 0.4546875 0.96328125 0.453125 0.965625 0.44296875 0.9625 0.42265625
0 0.69375 0.67578125 0.69375 0.65859375 0.70234375 0.646875 0.7109375 0.64921875 0.70625 0.67109375 0.71015625 0.6765625 0.73046875 0.6734375 0.75703125 0.690625 0.76953125 0.690625 0.79921875 0.678125 0.83671875 0.6828125 0.85859375 0.671875 0.88359375 0.6390625 0.9078125 0.65859375 0.9078125 0.68671875 0.9203125 0.71796875 0.93359375 0.7296875 0.95078125 0.721875 0.95625 0.68515625 0.98203125 0.6796875 0.9875 0.66015625 0.9765625 0.64296875 0.9765625 0.61953125 0.9640625 0.59140625 0.9453125 0.58046875 0.95 0.53828125 0.9375 0.49453125 0.915625 0.49140625 0.909375 0.53046875 0.89609375 0.5390625 0.88046875 0.5390625 0.86875 0.55234375 0.86328125 0.5765625 0.8515625 0.57421875 0.84453125 0.5390625 0.82578125 0.5453125 0.80234375 0.5921875 0.78828125 0.590625 0.74921875 0.55 0.70859375 0.5703125 0.69921875 0.58125 0.68046875 0.5734375 0.66015625 0.5828125 0.64609375 0.565625 0.63671875 0.5671875 0.628125 0.56015625 0.61796875 0.5390625 0.5921875 0.52421875 0.58359375 0.5015625 0.57265625 0.503125 0.5625 0.53046875 0.5484375 0.54765625 0.546875 0.56171875 0.528125 0.58828125 0.53125 0.73359375 0.53671875 0.740625 0.54609375 0.7328125 0.58828125 0.74375 0.6265625 0.74296875 0.6671875 0.71953125 0.6734375 0.70234375 0.6703125 0.68359375 0.69375 0.67578125
0 0.2640625 0.76171875 0.25546875 0.7515625 0.20859375 0.753125 0.2 0.79296875 0.20859375 0.8078125 0.21640625 0.7984375 0.22421875 0.8140625 0.240625 0.81484375 0.25390625 0.8125 0.2515625 0.80234375 0.265625 0.79765625 0.2640625 0.76171875
0 0.4671875 0.93984375 0.475 0.86796875 0.475 0.77265625 0.471875 0.67421875 0.4578125 0.65078125 0.46875 0.62421875 0.4625 0.61484375 0.4640625 0.60078125 0.45390625 0.5953125 0.4484375 0.61328125 0.43671875 0.6140625 0.425 0.59140625 0.4234375 0.56953125 0.39609375 0.55625 0.3703125 0.59296875 0.378125 0.63515625 0.36484375 0.6375 0.36171875 0.63125 0.35625 0.65390625 0.3609375 0.68046875 0.38046875 0.696875 0.39765625 0.6984375 0.4046875 0.68828125 0.4046875 0.67421875 0.41484375 0.6640625 0.42578125 0.6640625 0.4359375 0.67265625 0.4375 0.81796875 0.43046875 0.8234375 0.41640625 0.821875 0.4140625 0.80234375 0.40546875 0.7984375 0.4015625 0.83515625 0.37734375 0.8484375 0.36015625 0.8015625 0.33359375 0.796875 0.31640625 0.7828125 0.29765625 0.784375 0.29375 0.79921875 0.309375 0.81640625 0.3078125 0.89140625 0.3015625 0.90703125 0.30546875 0.9 0.3140625 0.90390625 0.3296875 0.93671875 0.3359375 0.96328125 0.3328125 0.99921875 0.4046875 0.99921875 0.41796875 0.975 0.42890625 0.9734375 0.43984375 0.9546875 0.4671875 0.93984375
0 0.38203125 0.371875 0.3578125 0.37890625 0.3390625 0.41796875 0.3375 0.42734375 0.3578125 0.44453125 0.3765625 0.41171875 0.3859375 0.40546875 0.3875 0.37734375 0.38203125 0.371875
0 0.29453125 0.340625 0.284375 0.35703125 0.284375 0.39296875 0.2921875 0.39765625 0.3 0.41796875 0.3 0.44296875 0.31875 0.45078125 0.3265625 0.43671875 0.325 0.38359375 0.3140625 0.35546875 0.29453125 0.340625
0 0.31953125 0.453125 0.30703125 0.478125 0.29140625 0.478125 0.2859375 0.47109375 0.284375 0.53828125 0.321875 0.53984375 0.3390625 0.49921875 0.34375 0.45703125 0.33984375 0.45 0.31953125 0.453125
0 0.7609375 0.27578125 0.74921875 0.253125 0.725 0.26015625 0.725 0.28359375 0.7125 0.31953125 0.690625 0.34453125 0.690625 0.35546875 0.7046875 0.36171875 0.72890625 0.34375 0.74140625 0.3421875 0.765625 0.31953125 0.7609375 0.27578125
0 0.80625 0.29296875 0.8078125 0.32265625 0.81953125 0.3390625 0.8296875 0.34296875 0.840625 0.29453125 0.82421875 0.275 0.81328125 0.275 0.80625 0.29296875
0 0.98125 0.46484375 0.9921875 0.49296875 0.9921875 0.51796875 1 0.52734375 0.99921875 0.3234375 0.971875 0.43984375 0.9765625 0.46484375 0.98125 0.46484375
0 0.95390625 0.990625 1 0.98828125 0.99921875 0.9078125 0.9984375 0.91640625 0.990625 0.91796875 0.996875 0.92265625 0.99453125 0.93125 0.98828125 0.9328125 0.98515625 0.9234375 0.97890625 0.9328125 0.93125 0.93515625 0.93828125 0.94375 0.98046875 0.9390625 0.984375 0.94609375 0.93046875 0.9484375 0.9390625 0.96171875 0.928125 0.96484375 0.9296875 0.97265625 0.9515625 0.97265625 0.95078125 0.978125 0.9296875 0.98046875 0.93046875 1 1 0.99921875 0.99921875 0.99375 0.9390625 0.99296875 0.94296875 0.9859375 0.95390625 0.990625
0 1 0.72578125 0.94609375 0.725 0.940625 0.72890625 0.9390625 0.74609375 0.940625 0.85234375 0.94765625 0.859375 0.95859375 0.859375 0.97890625 0.853125 0.98203125 0.846875 1 0.85859375 1 0.72578125
0 0.92578125 0.9875 0.928125 0.97890625 0.9265625 0.95703125 0.92421875 0.9640625 0.9203125 0.96171875 0.928125 0.93359375 0.92578125 0.928125 0.92265625 0.9328125 0.9140625 0.92890625 0.92578125 0.925 0.928125 0.91484375 0.9140625 0.91171875 0.928125 0.90859375 0.9296875 0.87421875 0.9375 0.87265625 0.9296875 0.86796875 0.9359375 0.86015625 0.9296875 0.85234375 0.9359375 0.84453125 0.9390625 0.75703125 0.93359375 0.7453125 0.9203125 0.73984375 0.903125 0.67734375 0.9046875 0.66015625 0.89140625 0.64375 0.87578125 0.64375 0.85859375 0.675 0.82890625 0.6875 0.80078125 0.6796875 0.78203125 0.690625 0.75859375 0.69375 0.74140625 0.68125 0.68203125 0.6828125 0.665625 0.72265625 0.63203125 0.74375 0.54921875 0.74375 0.5328125 0.75390625 0.5234375 0.80234375 0.503125 0.83203125 0.5 0.87578125 0.4921875 0.87890625 0.4984375 0.88515625 0.4875 0.93515625 0.48515625 1 0.9265625 0.99921875 0.9265625 0.99140625 0.92265625 0.9953125 0.9171875 0.98984375 0.92578125 0.9875
0 0.4671875 0.93671875 0.4703125 0.69921875 0.46875 0.67109375 0.4546875 0.65546875 0.45 0.63984375 0.4546875 0.61640625 0.43671875 0.61875 0.42421875 0.6109375 0.4203125 0.57265625 0.41171875 0.565625 0.39609375 0.5703125 0.39609375 0.5640625 0.3859375 0.58515625 0.3765625 0.58515625 0.3765625 0.60859375 0.384375 0.60859375 0.3796875 0.59921875 0.38828125 0.5953125 0.3921875 0.62734375 0.40390625 0.6265625 0.4046875 0.63984375 0.421875 0.64453125 0.421875 0.65859375 0.4390625 0.67578125 0.4390625 0.81953125 0.41484375 0.821875 0.40859375 0.8015625 0.403125 0.83359375 0.37734375 0.8484375 0.36015625 0.8015625 0.33828125 0.7984375 0.32109375 0.784375 0.27890625 0.7828125 0.2671875 0.77109375 0.26328125 0.753125 0.22109375 0.7453125 0.20625 0.75546875 0.196875 0.78203125 0.1765625 0.79140625 0.1828125 0.79921875 0.18046875 0.8109375 0.17890625 0.8 0.15 0.79296875 0.14921875 0.8 0.16953125 0.803125 0.178125 0.81796875 0.1609375 0.82265625 0.159375 0.86640625 0.15 0.86328125 0.15625 0.84765625 0.15078125 0.834375 0.14140625 0.828125 0.128125 0.83984375 0.13046875 0.859375 0.13125 0.83984375 0.1390625 0.84296875 0.140625 0.87734375 0.159375 0.90546875 0.16171875 0.928125 0.153125 0.92578125 0.14609375 0.9109375 0.13203125 0.9125 0.1234375 0.90703125 0.1171875 0.88046875 0.1078125 0.87421875 0.10703125 0.8390625 0.10078125 0.8765625 0.04609375 0.878125 0.0375 0.88359375 0.034375 0.99921875 0.4046875 0.99921875 0.4140625 0.97734375 0.42734375 0.9734375 0.43671875 0.95625 0.4671875 0.93671875
0 0.296875 0.91484375 0.3015625 0.91015625 0.296875 0.90078125 0.2890625 0.89921875 0.2921875 0.89453125 0.27109375 0.8640625 0.25078125 0.8546875 0.2546875 0.86796875 0.2453125 0.87421875 0.24765625 0.88125 0.23515625 0.8859375 0.22109375 0.8765625 0.21875 0.88046875 0.225 0.88203125 0.2109375 0.89140625 0.209375 0.82421875 0.203125 0.82890625 0.20078125 0.803125 0.18828125 0.8078125 0.18515625 0.7984375 0.171875 0.80078125 0.1796875 0.82109375 0.18984375 0.8203125 0.19375 0.82578125 0.1890625 0.83203125 0.19921875 0.8375 0.17265625 0.8375 0.1796875 0.82265625 0.16640625 0.8171875 0.16171875 0.8390625 0.1328125 0.83984375 0.15 0.85078125 0.13359375 0.8546875 0.13359375 0.865625 0.15078125 0.8578125 0.1609375 0.86640625 0.12578125 0.86875 0.1296875 0.84609375 0.1234375 0.82890625 0.13125 0.82109375 0.13125 0.79453125 0.12578125 0.7859375 0.1171875 0.79296875 0.1203125 0.81171875 0.109375 0.81640625 0.1203125 0.83046875 0.1078125 0.83984375 0.11015625 0.8515625 0.1234375 0.85234375 0.1046875 0.85234375 0.1078125 0.80234375 0.1015625 0.79765625 0.1015625 0.73671875 0.0921875 0.70234375 0.1 0.63984375 0.0859375 0.46796875 0.090625 0.41171875 0.0671875 0.38515625 0.0796875 0.31171875 0.06875 0.21328125 0.06875 0.13828125 0.0625 0.13671875 0.0609375 0.12265625 0.05234375 0.11875 0.03828125 0.1359375 0.02734375 0.1375 0.0171875 0.09765625 0.00078125 0.0796875 0 0.99921875 0.3359375 0.99921875 0.3375 0.97109375 0.328125 0.93515625 0.31796875 0.9171875 0.296875 0.91484375
0 0.225 0.50078125 0.2515625 0.50546875 0.2546875 0.48046875 0.24765625 0.46875 0.2328125 0.48203125 0.225 0.50078125
0 0.1734375 0.44921875 0.15703125 0.4453125 0.1453125 0.45546875 0.15 0.49453125 0.17265625 0.5234375 0.1984375 0.53359375 0.2078125 0.52578125 0.215625 0.50546875 0.175 0.46640625 0.1734375 0.44921875
0 0.3921875 0.74296875 0.40078125 0.7484375 0.4046875 0.71640625 0.40078125 0.70625 0.37890625 0.6984375 0.35234375 0.678125 0.31328125 0.6765625 0.29921875 0.6828125 0.2953125 0.69765625 0.28828125 0.7015625 0.24296875 0.6875 0.20234375 0.6953125 0.16953125 0.6796875 0.15390625 0.6796875 0.14609375 0.6921875 0.11328125 0.6796875 0.1 0.69453125 0.10625 0.76171875 0.12265625 0.771875 0.1296875 0.76953125 0.125 0.76796875 0.12890625 0.7640625 0.15390625 0.7765625 0.15703125 0.784375 0.18671875 0.78125 0.2046875 0.75546875 0.22421875 0.7421875 0.23515625 0.7515625 0.26171875 0.7484375 0.27890625 0.778125 0.31796875 0.7796875 0.33984375 0.79375 0.3578125 0.79609375 0.3765625 0.71796875 0.38515625 0.7046875 0.390625 0.70703125 0.3921875 0.74296875
0 0.584375 0.46015625 0.5796875 0.48671875 0.58359375 0.4921875 0.6015625 0.49140625 0.6078125 0.47890625 0.6 0.45703125 0.59296875 0.4546875 0.584375 0.46015625
0 0.67578125 0.2078125 0.6734375 0.22421875 0.6875 0.23671875 0.69375 0.25234375 0.725 0.26015625 0.7078125 0.23203125 0.70625 0.21015625 0.69453125 0.2015625 0.67578125 0.2078125
0 0.6078125 0.26328125 0.6046875 0.29140625 0.6265625 0.29765625 0.634375 0.28828125 0.6359375 0.25703125 0.62265625 0.253125 0.6078125 0.26328125
0 0.2703125 0.18046875 0.271875 0.15390625 0.25234375 0.1515625 0.23671875 0.178125 0.23203125 0.1703125 0.21875 0.16953125 0.21640625 0.15625 0.2078125 0.17265625 0.2015625 0.21484375 0.2109375 0.27109375 0.22578125 0.284375 0.25546875 0.2734375 0.2765625 0.28515625 0.2875 0.26328125 0.2875 0.24609375 0.284375 0.20546875 0.2703125 0.18046875