0 0.0203125 0.18984375 0.00078125 0.1296875 0 0.28359375 0.0140625 0.29765625 0.021875 0.28046875 0.0203125 0.24140625 0.0125 0.22109375 0.0203125 0.18984375
0 0.015625 0.31328125 0.0234375 0.27265625 0.0140625 0.22734375 0.01875 0.18828125 0.00078125 0.13125 0.0015625 0.45390625 0.01875 0.44609375 0.01875 0.39296875 0.0265625 0.36796875 0.015625 0.31328125
0 0.309375 0.38359375 0.3125 0.36796875 0.3375 0.34609375 0.34375 0.33203125 0.33984375 0.321875 0.32265625 0.3125 0.31328125 0.328125 0.290625 0.34296875 0.29140625 0.3625 0.27265625 0.365625 0.26484375 0.3828125 0.25234375 0.3703125 0.24140625 0.3703125 0.2375 0.38046875 0.2390625 0.39140625 0.25703125 0.4015625 0.2734375 0.42578125 0.28046875 0.4546875 0.32578125 0.4546875 0.33125 0.48359375 0.34375 0.48359375 0.3484375 0.47578125 0.340625 0.42265625 0.3234375 0.41640625 0.309375 0.38359375
0 0.3125 0.58984375 0.2890625 0.52109375 0.27734375 0.4609375 0.2609375 0.46796875 0.240625 0.53515625 0.228125 0.54921875 0.2328125 0.60703125 0.2484375 0.62578125 0.26484375 0.5953125 0.28828125 0.590625 0.30703125 0.6015625 0.3125 0.58984375
0 0.18984375 0.3515625 0.15859375 0.3578125 0.1515625 0.37421875 0.1671875 0.40859375 0.18125 0.41171875 0.19375 0.40234375 0.1984375 0.38515625 0.2 0.35703125 0.18984375 0.3515625
0 0.175 0.48359375 0.20625 0.48671875 0.2140625 0.46328125 0.225 0.45703125 0.17734375 0.453125 0.175 0.48359375
0 0.453125 0.55390625 0.43046875 0.55 0.42421875 0.53125 0.37734375 0.5296875 0.365625 0.54921875 0.3921875 0.58515625 0.384375 0.59296875 0.384375 0.61171875 0.4125 0.63828125 0.421875 0.62578125 0.4265625 0.59296875 0.45 0.56953125 0.453125 0.55390625
0 0.33515625 0.8796875 0.3296875 0.87109375 0.3296875 0.80390625 0.3203125 0.77734375 0.3234375 0.76796875 0.31484375 0.746875 0.309375 0.75390625 0.3109375 0.76640625 0.29296875 0.76875 0.28515625 0.778125 0.28046875 0.76875 0.27578125 0.778125 0.26640625 0.7796875 0.26328125 0.775 0.25078125 0.7765625 0.246875 0.76796875 0.25 0.69140625 0.24375 0.66640625 0.2515625 0.61953125 0.26796875 0.5953125 0.29609375 0.5953125 0.2984375 0.60703125 0.30546875 0.609375 0.3015625 0.60078125 0.309375 0.59765625 0.3109375 0.58671875 0.2890625 0.52421875 0.2796875 0.46640625 0.27265625 0.4609375 0.259375 0.47109375 0.240625 0.53671875 0.2296875 0.55078125 0.2328125 0.59921875 0.2171875 0.66484375 0.2 0.69921875 0.19375 0.72734375 0.1796875 0.73828125 0.1796875 0.76015625 0.2015625 0.83828125 0.1984375 0.91484375 0.2171875 0.93671875 0.2328125 0.99921875 0.31875 0.99921875 0.3203125 0.93359375 0.34375 0.89140625 0.3421875 0.87890625 0.33515625 0.8796875
0 0.103125 0.62265625 0.08984375 0.5875 0.0703125 0.61171875 0.06875 0.65703125 0.0796875 0.67265625 0.0890625 0.71796875 0.1109375 0.75703125 0.109375 0.78046875 0.1265625 0.78515625 0.128125 0.71328125 0.121875 0.70078125 0.1203125 0.63671875 0.103125 0.62265625
0 0.05234375 0.63125 0.04765625 0.64375 0.0265625 0.64921875 0.0203125 0.67734375 0.028125 0.70078125 0.0265625 0.72578125 0.04375 0.73046875 0.0609375 0.72421875 0.0546875 0.70234375 0.059375 0.66953125 0.05234375 0.63125
0 0.715625 0.91328125 0.68828125 0.8984375 0.65078125 0.9078125 0.63671875 0.8953125 0.61796875 0.8953125 0.609375 0.90703125 0.6078125 0.93203125 0.5921875 0.95703125 0.58203125 0.965625 0.54765625 0.9625 0.540625 0.97265625 0.54140625 1 0.6828125 0.99921875 0.7 0.98046875 0.7015625 0.96484375 0.715625 0.94921875 0.715625 0.91328125
0 0.471875 0.77421875 0.4859375 0.78359375 0.4921875 0.77265625 0.490625 0.72265625 0.46796875 0.7125 0.471875 0.77421875
0 0.175 0.64921875 0.15546875 0.6328125 0.14375 0.63671875 0.1328125 0.66328125 0.1359375 0.67890625 0.1546875 0.68515625 0.16484375 0.6703125 0.17421875 0.6734375 0.1765625 0.66796875 0.175 0.64921875